2 0.16875 0.5869318181818182 0.1875 0.3431818181818182
2 0.32727272727272727 0.8221590909090909 0.22840909090909092 0.35
2 0.5965909090909091 0.7397727272727272 0.17329545454545456 0.42102272727272727
2 0.39829545454545456 0.48806818181818185 0.15681818181818183 0.3710227272727273
3 0.5914772727272727 0.4778409090909091 0.029545454545454545 0.10568181818181818
2 0.24488636363636362 0.41306818181818183 0.11306818181818182 0.2318181818181818
3 0.6431818181818182 0.29772727272727273 0.01818181818181818 0.06534090909090909
3 0.7630681818181818 0.522159090909091 0.04375 0.11363636363636363
3 0.6511363636363636 0.4403409090909091 0.028977272727272727 0.1028409090909091
3 0.7164772727272727 0.6164772727272727 0.028409090909090908 0.125
3 0.6857954545454545 0.7068181818181818 0.04090909090909091 0.15
3 0.5125 0.5693181818181818 0.03295454545454545 0.11931818181818182
2 0.33295454545454545 0.23977272727272728 0.06704545454545455 0.10965909090909091
2 0.5113636363636364 0.3477272727272727 0.08181818181818182 0.17897727272727273
3 0.6755681818181818 0.3715909090909091 0.020454545454545454 0.056818181818181816
2 0.40795454545454546 0.2505681818181818 0.07045454545454545 0.10681818181818181
2 0.42954545454545456 0.20113636363636364 0.05795454545454545 0.11363636363636363
3 0.5573863636363636 0.3085227272727273 0.01818181818181818 0.06647727272727273
3 0.5738636363636364 0.30056818181818185 0.016477272727272726 0.0625
2 0.3625 0.15681818181818183 0.05625 0.11136363636363636