2 0.36477272727272725 0.7102272727272727 0.19602272727272727 0.4426136363636364
2 0.17954545454545454 0.6306818181818182 0.17272727272727273 0.3778409090909091
2 0.59375 0.6556818181818181 0.17329545454545456 0.38125
3 0.6693181818181818 0.3573863636363636 0.033522727272727273 0.1
2 0.15 0.4732954545454545 0.12954545454545455 0.2590909090909091
4 0.4193181818181818 0.31363636363636366 0.14545454545454545 0.40454545454545454
6 0.55625 0.2806818181818182 0.125 0.25738636363636364
2 0.21363636363636362 0.3073863636363636 0.1028409090909091 0.1943181818181818
3 0.7517045454545455 0.7289772727272728 0.06647727272727273 0.15852272727272726
3 0.5426136363636364 0.08579545454545455 0.01818181818181818 0.03409090909090909
3 0.8522727272727273 0.9085227272727273 0.11931818181818182 0.1806818181818182
3 0.5056818181818182 0.021022727272727273 0.013636363636363636 0.036931818181818184
2 0.48125 0.10397727272727272 0.06931818181818182 0.10625
2 0.22840909090909092 0.19147727272727272 0.08068181818181819 0.09261363636363637
3 0.49375 0.028977272727272727 0.0125 0.03238636363636364