2 0.08693181818181818 0.7971590909090909 0.17386363636363636 0.39886363636363636
3 0.7954545454545454 0.32784090909090907 0.048295454545454544 0.07215909090909091
2 0.5329545454545455 0.8522727272727273 0.22954545454545455 0.2903409090909091
3 0.7607954545454545 0.5585227272727272 0.042045454545454546 0.06363636363636363
3 0.48295454545454547 0.7164772727272727 0.06477272727272727 0.1278409090909091
3 0.7647727272727273 0.9744318181818182 0.11420454545454546 0.05113636363636364
3 0.8795454545454545 0.7835227272727273 0.028409090909090908 0.1028409090909091
3 0.8806818181818182 0.3664772727272727 0.04375 0.09431818181818181
2 0.7892045454545454 0.7897727272727273 0.20909090909090908 0.4096590909090909
2 0.6755681818181818 0.5823863636363636 0.14204545454545456 0.2903409090909091
6 0.32727272727272727 0.6397727272727273 0.2625 0.6903409090909091
3 0.5863636363636363 0.6994318181818182 0.056818181818181816 0.12386363636363637
2 0.6409090909090909 0.4369318181818182 0.11306818181818182 0.19318181818181818
2 0.16590909090909092 0.5818181818181818 0.11477272727272728 0.2806818181818182
3 0.09204545454545454 0.9369318181818181 0.10852272727272727 0.12613636363636363
2 0.5323863636363636 0.4869318181818182 0.13977272727272727 0.3431818181818182