2 0.11306818181818182 0.7789772727272727 0.2255681818181818 0.43636363636363634
2 0.5602272727272727 0.8431818181818181 0.20625 0.31136363636363634
2 0.30625 0.8159090909090909 0.23125 0.3625
2 0.21818181818181817 0.5193181818181818 0.16420454545454546 0.28863636363636364
2 0.6056818181818182 0.47897727272727275 0.125 0.24431818181818182
2 0.05 0.35056818181818183 0.1 0.16818181818181818
2 0.5545454545454546 0.33352272727272725 0.10227272727272728 0.2278409090909091
2 0.27954545454545454 0.38522727272727275 0.10681818181818181 0.20397727272727273
2 0.6681818181818182 0.3619318181818182 0.09204545454545454 0.14886363636363636
3 0.5034090909090909 0.2255681818181818 0.036931818181818184 0.09318181818181819
2 0.06875 0.18522727272727274 0.07670454545454546 0.10397727272727272
2 0.31420454545454546 0.2784090909090909 0.07556818181818181 0.1125
2 0.20625 0.16022727272727272 0.06420454545454546 0.09318181818181819
5 0.4244318181818182 0.22272727272727272 0.10170454545454545 0.17897727272727273