2 0.6670454545454545 0.6835227272727272 0.21477272727272728 0.45454545454545453
2 0.5914772727272727 0.45284090909090907 0.13011363636363638 0.23522727272727273
2 0.35170454545454544 0.63125 0.16988636363636364 0.33636363636363636
2 0.22840909090909092 0.5386363636363637 0.13352272727272727 0.3340909090909091
6 0.0875 0.6829545454545455 0.175 0.6227272727272727
2 0.56875 0.3164772727272727 0.10511363636363637 0.18352272727272728
3 0.026704545454545453 0.25113636363636366 0.025 0.06761363636363636
2 0.4647727272727273 0.34375 0.10227272727272728 0.19090909090909092
2 0.1744318181818182 0.37329545454545454 0.10340909090909091 0.14261363636363636
2 0.36875 0.40738636363636366 0.11875 0.2556818181818182
2 0.45738636363636365 0.21647727272727274 0.09431818181818181 0.1409090909090909
2 0.35454545454545455 0.29318181818181815 0.10170454545454545 0.20113636363636364
3 0.175 0.048295454545454544 0.01818181818181818 0.05909090909090909
3 0.25 0.019886363636363636 0.013068181818181817 0.03977272727272727
3 0.3488636363636364 0.04659090909090909 0.014204545454545454 0.04375
2 0.2409090909090909 0.26079545454545455 0.0971590909090909 0.18806818181818183
3 0.2 0.02784090909090909 0.0125 0.04431818181818182
3 0.21761363636363637 0.02784090909090909 0.0125 0.04602272727272727
2 0.3494318181818182 0.20113636363636364 0.09261363636363637 0.1471590909090909
3 0.15681818181818183 0.036931818181818184 0.0125 0.05397727272727273
2 0.2625 0.1806818181818182 0.07954545454545454 0.13522727272727272