2 0.125 0.48522727272727273 0.15 0.28863636363636364
3 0.4823863636363636 0.40625 0.04090909090909091 0.12329545454545454
3 0.5647727272727273 0.39602272727272725 0.03409090909090909 0.10738636363636364
2 0.42670454545454545 0.5710227272727273 0.1590909090909091 0.3261363636363636
2 0.22102272727272726 0.26193181818181815 0.09545454545454546 0.1943181818181818
2 0.29602272727272727 0.8960227272727272 0.19886363636363635 0.20397727272727273
3 0.15056818181818182 0.9107954545454545 0.06420454545454546 0.16363636363636364
3 0.27897727272727274 0.5448863636363637 0.0375 0.15113636363636362
3 0.1625 0.040340909090909094 0.014204545454545454 0.04375
3 0.709659090909091 0.9227272727272727 0.06477272727272727 0.15454545454545454
3 0.6017045454545454 0.6119318181818182 0.038636363636363635 0.1409090909090909
3 0.43977272727272726 0.02784090909090909 0.013636363636363636 0.051704545454545454
3 0.21136363636363636 0.6886363636363636 0.05284090909090909 0.17045454545454544
3 0.41704545454545455 0.1903409090909091 0.025 0.06931818181818182
3 0.19204545454545455 0.01875 0.010795454545454546 0.03125
3 0.3704545454545455 0.011363636363636364 0.00909090909090909 0.02215909090909091
3 0.2585227272727273 0.7522727272727273 0.06988636363636364 0.10454545454545454
3 0.45170454545454547 0.12329545454545454 0.022727272727272728 0.06306818181818181
3 0.007386363636363636 0.12272727272727273 0.014772727272727272 0.05454545454545454
6 0.26420454545454547 0.11079545454545454 0.07102272727272728 0.16761363636363635
3 0.5170454545454546 0.06079545454545455 0.045454545454545456 0.06761363636363636
2 0.06306818181818181 0.08693181818181818 0.05284090909090909 0.06477272727272727