2 0.5301136363636364 0.8153409090909091 0.21079545454545454 0.36363636363636365
2 0.9409090909090909 0.5511363636363636 0.11761363636363636 0.24886363636363637
2 0.09261363636363637 0.6511363636363636 0.18522727272727274 0.37329545454545454
3 0.33125 0.023295454545454546 0.0125 0.04602272727272727
3 0.4744318181818182 0.3119318181818182 0.026136363636363635 0.08863636363636364
2 0.6238636363636364 0.19147727272727272 0.08352272727272728 0.14261363636363636
2 0.3073863636363636 0.6528409090909091 0.16363636363636364 0.42613636363636365
3 0.7 0.9102272727272728 0.06761363636363636 0.17784090909090908
3 0.3494318181818182 0.24772727272727274 0.026704545454545453 0.07670454545454546
3 0.09488636363636363 0.43068181818181817 0.04147727272727273 0.06875
3 0.3971590909090909 0.5261363636363636 0.033522727272727273 0.125
3 0.6107954545454546 0.6414772727272727 0.048863636363636366 0.15568181818181817
3 0.44375 0.6636363636363637 0.05965909090909091 0.19829545454545455
2 0.41306818181818183 0.29829545454545453 0.09545454545454546 0.19090909090909092
3 0.16875 0.821590909090909 0.05795454545454545 0.16363636363636364
3 0.42613636363636365 0.036931818181818184 0.022727272727272728 0.06647727272727273
3 0.7386363636363636 0.8073863636363636 0.05568181818181818 0.14602272727272728
2 0.18125 0.3886363636363636 0.12386363636363637 0.2369318181818182
3 0.20795454545454545 0.6823863636363636 0.05454545454545454 0.18352272727272728
3 0.5193181818181818 0.4636363636363636 0.038636363636363635 0.11306818181818182
2 0.5443181818181818 0.3153409090909091 0.10056818181818182 0.19715909090909092
2 0.4125 0.14659090909090908 0.06704545454545455 0.125
3 0.6960227272727273 0.6431818181818182 0.0625 0.1471590909090909
3 0.48863636363636365 0.5278409090909091 0.02784090909090909 0.11306818181818182
2 0.27443181818181817 0.19488636363636364 0.07897727272727273 0.14375
3 0.05625 0.9306818181818182 0.09659090909090909 0.13863636363636364
3 0.8051136363636363 0.9210227272727273 0.045454545454545456 0.15568181818181817
3 0.5329545454545455 0.6102272727272727 0.04147727272727273 0.05568181818181818
2 0.25113636363636366 0.2806818181818182 0.08863636363636364 0.17784090909090908
3 0.11988636363636364 0.4090909090909091 0.02784090909090909 0.09090909090909091