2 0.553409090909091 0.8369318181818182 0.2005681818181818 0.32386363636363635
2 0.35795454545454547 0.7477272727272727 0.175 0.3625
2 0.17954545454545454 0.7073863636363636 0.20852272727272728 0.4096590909090909
2 0.6482954545454546 0.6244318181818181 0.16875 0.3181818181818182
2 0.3977272727272727 0.5193181818181818 0.15 0.275
2 0.20170454545454544 0.4818181818181818 0.14772727272727273 0.2056818181818182
2 0.7318181818181818 0.522159090909091 0.13068181818181818 0.23636363636363636
2 0.5767045454545454 0.40397727272727274 0.10681818181818181 0.21136363636363636
6 0.2767045454545455 0.32443181818181815 0.13693181818181818 0.32897727272727273
2 0.10397727272727272 0.2852272727272727 0.10795454545454546 0.14602272727272728
6 0.41875 0.29659090909090907 0.1125 0.2318181818181818
2 0.03068181818181818 0.2772727272727273 0.06079545454545455 0.10965909090909091
2 0.6255681818181819 0.3255681818181818 0.08806818181818182 0.15397727272727274
3 0.47556818181818183 0.3778409090909091 0.01875 0.075
3 0.5625 0.24659090909090908 0.020454545454545454 0.0903409090909091
2 0.2005681818181818 0.20397727272727273 0.060227272727272727 0.1