3 0.6369318181818182 0.7693181818181818 0.06704545454545455 0.125
2 0.6392045454545454 0.9096590909090909 0.18806818181818183 0.175
2 0.678409090909091 0.5443181818181818 0.1340909090909091 0.2636363636363636
2 0.2630681818181818 0.44772727272727275 0.12670454545454546 0.2431818181818182
3 0.25 0.6602272727272728 0.04375 0.15681818181818183
3 0.1534090909090909 0.8335227272727272 0.060227272727272727 0.20852272727272728
3 0.647159090909091 0.3164772727272727 0.02727272727272727 0.08352272727272728
3 0.28806818181818183 0.7727272727272727 0.04431818181818182 0.17386363636363636
3 0.46704545454545454 0.8994318181818182 0.07954545454545454 0.19602272727272727
3 0.5505681818181818 0.5340909090909091 0.042045454545454546 0.12102272727272727
3 0.34488636363636366 0.3522727272727273 0.02727272727272727 0.0846590909090909
3 0.49375 0.44772727272727275 0.03579545454545455 0.1125
3 0.5988636363636364 0.2431818181818182 0.019318181818181818 0.058522727272727275
3 0.9704545454545455 0.7431818181818182 0.05795454545454545 0.11931818181818182
2 0.3375 0.26931818181818185 0.08295454545454546 0.16363636363636364
3 0.5323863636363636 0.16818181818181818 0.014772727272727272 0.04431818181818182
3 0.5051136363636364 0.2119318181818182 0.016477272727272726 0.056818181818181816
3 0.6892045454545455 0.3931818181818182 0.028409090909090908 0.075
2 0.03920454545454546 0.8960227272727272 0.07840909090909091 0.2028409090909091
3 0.38295454545454544 0.2005681818181818 0.017045454545454544 0.06534090909090909
2 0.5767045454545454 0.3261363636363636 0.08352272727272728 0.1471590909090909
3 0.19090909090909092 0.946590909090909 0.05056818181818182 0.10681818181818181
2 0.46079545454545456 0.21534090909090908 0.06647727272727273 0.13352272727272727
3 0.5892045454545455 0.17556818181818182 0.014772727272727272 0.07102272727272728