3 0.22329545454545455 0.9244318181818182 0.08409090909090909 0.14886363636363636
3 0.7704545454545455 0.8272727272727273 0.06875 0.20397727272727273
3 0.42045454545454547 0.6693181818181818 0.04943181818181818 0.175
3 0.36022727272727273 0.9198863636363637 0.05795454545454545 0.15965909090909092
3 0.8693181818181818 0.6414772727272727 0.05227272727272727 0.13068181818181818
3 0.7255681818181818 0.634090909090909 0.048295454545454544 0.14886363636363636
3 0.5517045454545455 0.7556818181818182 0.061931818181818185 0.1806818181818182
3 0.31988636363636364 0.7744318181818182 0.058522727272727275 0.19318181818181818
3 0.35056818181818183 0.5789772727272727 0.045454545454545456 0.14431818181818182
3 0.61875 0.6465909090909091 0.045454545454545456 0.1625
3 0.4727272727272727 0.5681818181818182 0.03920454545454546 0.11647727272727272
3 0.6107954545454546 0.42272727272727273 0.0375 0.0903409090909091
2 0.20681818181818182 0.5903409090909091 0.1494318181818182 0.3306818181818182
3 0.6732954545454546 0.4960227272727273 0.031818181818181815 0.1
3 0.5767045454545454 0.30625 0.021022727272727273 0.0625
3 0.36420454545454545 0.4431818181818182 0.04147727272727273 0.0971590909090909
3 0.42556818181818185 0.21647727272727274 0.01818181818181818 0.06363636363636363
3 0.18693181818181817 0.4244318181818182 0.05625 0.06818181818181818
3 0.3931818181818182 0.39602272727272725 0.029545454545454545 0.1
3 0.6267045454545455 0.3073863636363636 0.02556818181818182 0.07386363636363637
2 0.54375 0.41818181818181815 0.10625 0.20852272727272728
2 0.3068181818181818 0.3306818181818182 0.08920454545454545 0.15284090909090908
6 0.07954545454545454 0.7397727272727272 0.15852272727272726 0.5125
3 0.5545454545454546 0.22897727272727272 0.015909090909090907 0.05568181818181818
6 0.37272727272727274 0.16818181818181818 0.10170454545454545 0.23863636363636365