2 0.30170454545454545 0.8494318181818182 0.2534090909090909 0.29602272727272727
2 0.1159090909090909 0.7335227272727273 0.23125 0.4335227272727273
2 0.8181818181818182 0.8931818181818182 0.22954545454545455 0.21136363636363636
2 0.7022727272727273 0.6477272727272727 0.16875 0.3261363636363636
3 0.5926136363636364 0.5744318181818182 0.04431818181818182 0.1318181818181818
3 0.9017045454545455 0.8352272727272727 0.05909090909090909 0.14602272727272728
2 0.2505681818181818 0.4119318181818182 0.13693181818181818 0.27897727272727274
2 0.18977272727272726 0.20852272727272728 0.07329545454545454 0.0971590909090909
3 0.5806818181818182 0.3619318181818182 0.026704545454545453 0.07613636363636364
4 0.39943181818181817 0.4994318181818182 0.225 0.6153409090909091
3 0.6556818181818181 0.30227272727272725 0.022727272727272728 0.05113636363636364
2 0.5329545454545455 0.4289772727272727 0.06704545454545455 0.18636363636363637
3 0.71875 0.4289772727272727 0.03125 0.09431818181818181
2 0.020454545454545454 0.42102272727272727 0.04090909090909091 0.13522727272727272
2 0.6488636363636363 0.4022727272727273 0.09431818181818181 0.1653409090909091
3 0.6306818181818182 0.2369318181818182 0.019318181818181818 0.07613636363636364