2 0.07045454545454545 0.8676136363636363 0.1409090909090909 0.25795454545454544
2 0.2846590909090909 0.8914772727272727 0.24943181818181817 0.21363636363636362
2 0.7119318181818182 0.8465909090909091 0.21931818181818183 0.3039772727272727
2 0.15170454545454545 0.678409090909091 0.17102272727272727 0.3375
2 0.35056818181818183 0.7414772727272727 0.19545454545454546 0.39147727272727273
2 0.647159090909091 0.6806818181818182 0.15681818181818183 0.2806818181818182
3 0.5357954545454545 0.8755681818181819 0.051704545454545454 0.18181818181818182
3 0.4818181818181818 0.7119318181818182 0.042045454545454546 0.12897727272727272
3 0.48068181818181815 0.9352272727272727 0.07443181818181818 0.10397727272727272
2 0.4056818181818182 0.5068181818181818 0.12670454545454546 0.21931818181818183
2 0.615909090909091 0.4994318181818182 0.12329545454545454 0.2096590909090909
2 0.4284090909090909 0.4028409090909091 0.10568181818181818 0.1943181818181818
2 0.45340909090909093 0.3119318181818182 0.08977272727272727 0.16818181818181818
3 0.5232954545454546 0.5034090909090909 0.03125 0.0875
3 0.5017045454545455 0.6164772727272727 0.06647727272727273 0.15568181818181817
4 0.2943181818181818 0.2903409090909091 0.20681818181818182 0.45852272727272725
2 0.5556818181818182 0.26931818181818185 0.07045454545454545 0.11931818181818182