2 0.08352272727272728 0.8443181818181819 0.16704545454545455 0.30568181818181817
2 0.2818181818181818 0.7852272727272728 0.22329545454545455 0.42102272727272727
3 0.48920454545454545 0.9369318181818181 0.07329545454545454 0.12386363636363637
3 0.5227272727272727 0.602840909090909 0.042045454545454546 0.13352272727272727
2 0.1784090909090909 0.6119318181818182 0.17272727272727273 0.3210227272727273
3 0.7198863636363636 0.7909090909090909 0.06306818181818181 0.17613636363636365
3 0.6352272727272728 0.6778409090909091 0.05909090909090909 0.17784090909090908
2 0.26590909090909093 0.4556818181818182 0.12272727272727273 0.23352272727272727
3 0.6534090909090909 0.5284090909090909 0.04431818181818182 0.12386363636363637
2 0.4193181818181818 0.3721590909090909 0.09829545454545455 0.18863636363636363
2 0.6142045454545455 0.3465909090909091 0.1 0.19602272727272727
3 0.07045454545454545 0.3306818181818182 0.031818181818181815 0.09431818181818181
3 0.023295454545454546 0.4119318181818182 0.03409090909090909 0.0875
3 0.11136363636363636 0.32784090909090907 0.028977272727272727 0.075
3 0.5329545454545455 0.32443181818181815 0.024431818181818183 0.0875
2 0.2869318181818182 0.33352272727272725 0.10227272727272728 0.1471590909090909
3 0.13352272727272727 0.2715909090909091 0.026704545454545453 0.06534090909090909
2 0.03465909090909091 0.29147727272727275 0.06931818181818182 0.13068181818181818
2 0.21306818181818182 0.18693181818181817 0.06420454545454546 0.10681818181818181
2 0.3375 0.2471590909090909 0.08295454545454546 0.21136363636363636
3 0.024431818181818183 0.3693181818181818 0.036931818181818184 0.125
3 0.2818181818181818 0.06363636363636363 0.010795454545454546 0.038636363636363635
6 0.4390625 0.2625 0.44765625 0.2555555556818182 0.48359375 0.26111111136363635 0.490625 0.2722222227272727 0.5 0.2430555556818182 0.5046875 0.18194444431818182 0.50625 0.12361111136363637 0.50234375 0.10138888863636364 0.49296875 0.09166666704545455 0.44921875 0.08472222272727273 0.44140625 0.09027777727272727 0.4390625 0.12638888863636363 0.43046875 0.13333333295454544 0.43515625 0.25833333295454547 0.4390625 0.2625