3 0.49204545454545456 0.8931818181818182 0.07556818181818181 0.1693181818181818
0 0.29829545454545453 0.7414772727272727 0.19943181818181818 0.48068181818181815
3 0.615909090909091 0.7431818181818182 0.05625 0.15568181818181817
2 0.48068181818181815 0.5897727272727272 0.15170454545454545 0.3125
2 0.13863636363636364 0.6318181818181818 0.1744318181818182 0.2943181818181818
3 0.6732954545454546 0.6477272727272727 0.051704545454545454 0.15113636363636362
3 0.9198863636363637 0.9664772727272727 0.07443181818181818 0.06647727272727273
0 0.04715909090909091 0.8244318181818182 0.09431818181818181 0.3488636363636364
3 0.7454545454545455 0.95 0.07670454545454546 0.1
3 0.6198863636363636 0.9823863636363637 0.08068181818181819 0.03465909090909091
3 0.5943181818181819 0.21931818181818183 0.017045454545454544 0.04715909090909091
5 0.39375 0.3130681818181818 0.12670454545454546 0.2681818181818182
3 0.7494318181818181 0.6528409090909091 0.04431818181818182 0.13352272727272727
2 0.3431818181818182 0.49318181818181817 0.1380681818181818 0.1693181818181818
2 0.55625 0.4119318181818182 0.10625 0.20681818181818182
2 0.2767045454545455 0.36022727272727273 0.10340909090909091 0.17102272727272727
3 0.30113636363636365 0.9431818181818182 0.08181818181818182 0.11136363636363636
3 0.225 0.5164772727272727 0.05 0.09431818181818181
3 0.7471590909090909 0.8039772727272727 0.060227272727272727 0.13352272727272727
3 0.5869318181818182 0.1693181818181818 0.014204545454545454 0.04147727272727273
3 0.6244318181818181 0.9443181818181818 0.06931818181818182 0.10852272727272727
5 0.36363636363636365 0.11988636363636364 0.07272727272727272 0.13465909090909092
2 0.32386363636363635 0.2539772727272727 0.07272727272727272 0.14431818181818182