3 0.7375 0.30625 0.03920454545454546 0.0625
3 0.055113636363636365 0.9323863636363636 0.11022727272727273 0.13465909090909092
3 0.3090909090909091 0.946590909090909 0.11704545454545455 0.10681818181818181
2 0.11875 0.6818181818181818 0.20625 0.36363636363636365
2 0.772159090909091 0.7772727272727272 0.1943181818181818 0.4375
2 0.29829545454545453 0.7227272727272728 0.21818181818181817 0.4068181818181818
3 0.6670454545454545 0.5630681818181819 0.03806818181818182 0.11818181818181818
2 0.23579545454545456 0.4414772727272727 0.1431818181818182 0.24431818181818182
2 0.5857954545454546 0.6210227272727272 0.15056818181818182 0.29147727272727275
3 0.5948863636363636 0.9556818181818182 0.08977272727272727 0.08863636363636364
6 0.37386363636363634 0.4602272727272727 0.15227272727272728 0.3403409090909091
2 0.675 0.4602272727272727 0.10795454545454546 0.19602272727272727
3 0.43522727272727274 0.7806818181818181 0.053409090909090906 0.1721590909090909
3 0.3880681818181818 0.2556818181818182 0.023295454545454546 0.06363636363636363
3 0.5051136363636364 0.9352272727272727 0.08522727272727272 0.12897727272727272
3 0.4011363636363636 0.9159090909090909 0.07272727272727272 0.1625
3 0.4625 0.6931818181818182 0.03579545454545455 0.15
3 0.0375 0.8869318181818182 0.075 0.22102272727272726
5 0.33359375 0.36388888863636365 0.33828125 0.3541666670454546 0.33828125 0.3388888886363636 0.3484375 0.3333333329545454 0.36015625 0.3041666670454546 0.3640625 0.2708333329545455 0.36796875 0.26111111136363635 0.37109375 0.23055555568181818 0.36953125 0.20972222272727273 0.37265625 0.20416666704545453 0.3734375 0.11111111136363636 0.365625 0.10277777727272727 0.30546875 0.09444444431818182 0.29609375 0.11527777727272728 0.2890625 0.11111111136363636 0.27890625 0.11527777727272728 0.2703125 0.12916666704545454 0.2640625 0.2263888886363636 0.2625 0.3125 0.29453125 0.3277777772727272 0.30703125 0.36527777727272726 0.33359375 0.36388888863636365