3 0.7965909090909091 0.5920454545454545 0.7988636363636363 0.5931818181818181 0.8011363636363636 0.6034090909090909 0.803409090909091 0.6284090909090909 0.8 0.6897727272727273 0.7977272727272727 0.6943181818181818 0.7965909090909091 0.6954545454545454 0.7931818181818182 0.6897727272727273 0.7897727272727273 0.6715909090909091 0.7909090909090909 0.6511363636363636 0.7931818181818182 0.6420454545454546 0.7977272727272727 0.6375 0.7988636363636363 0.6227272727272727 0.7965909090909091 0.615909090909091 0.7920454545454545 0.6125 0.7863636363636364 0.6011363636363637 0.7829545454545455 0.6022727272727273 0.7795454545454545 0.6079545454545454 0.7795454545454545 0.6022727272727273 0.7875 0.5931818181818181 0.7931818181818182 0.5977272727272728 0.7954545454545454 0.5931818181818181
3 0.7863636363636364 0.44545454545454544 0.7920454545454545 0.44772727272727275 0.7909090909090909 0.4647727272727273 0.7931818181818182 0.46704545454545454 0.8011363636363636 0.46704545454545454 0.8056818181818182 0.4772727272727273 0.8147727272727273 0.4784090909090909 0.8147727272727273 0.48522727272727273 0.8090909090909091 0.49318181818181817 0.8056818181818182 0.5136363636363637 0.7943181818181818 0.5340909090909091 0.7909090909090909 0.5295454545454545 0.7920454545454545 0.5159090909090909 0.7886363636363637 0.509090909090909 0.7829545454545455 0.5068181818181818 0.7772727272727272 0.5113636363636364 0.7772727272727272 0.5159090909090909 0.7738636363636363 0.5215909090909091 0.7704545454545455 0.5204545454545455 0.7727272727272727 0.5 0.7795454545454545 0.4875 0.7852272727272728 0.4818181818181818 0.7863636363636364 0.4465909090909091
3 0.5329545454545455 0.010227272727272727 0.5363636363636364 0.014772727272727272 0.5375 0.022727272727272728 0.5352272727272728 0.035227272727272725 0.5306818181818181 0.03409090909090909 0.5284090909090909 0.026136363636363635 0.5284090909090909 0.0125 0.5318181818181819 0.010227272727272727
3 0.3840909090909091 0.23522727272727273 0.38977272727272727 0.2431818181818182 0.38977272727272727 0.2545454545454545 0.3806818181818182 0.2681818181818182 0.37727272727272726 0.28295454545454546 0.3704545454545455 0.29204545454545455 0.3693181818181818 0.29772727272727273 0.36704545454545456 0.29772727272727273 0.3625 0.2625 0.3659090909090909 0.2590909090909091 0.36818181818181817 0.2409090909090909 0.37272727272727274 0.2375 0.38295454545454544 0.23522727272727273
3 0.7738636363636363 0.3659090909090909 0.7772727272727272 0.36704545454545456 0.7863636363636364 0.36477272727272725 0.7920454545454545 0.37272727272727274 0.7897727272727273 0.42045454545454547 0.7863636363636364 0.4329545454545455 0.7840909090909091 0.4340909090909091 0.7738636363636363 0.42613636363636365 0.7659090909090909 0.41363636363636364 0.7659090909090909 0.3795454545454545 0.7681818181818182 0.37727272727272726 0.7681818181818182 0.36704545454545456 0.7727272727272727 0.3659090909090909
3 0.6170454545454546 0.13636363636363635 0.6215909090909091 0.13977272727272727 0.6215909090909091 0.15 0.6170454545454546 0.15454545454545454 0.6102272727272727 0.15227272727272728 0.6102272727272727 0.1409090909090909 0.6170454545454546 0.1375
3 0.7818181818181819 0.5590909090909091 0.7863636363636364 0.5613636363636364 0.7954545454545454 0.5772727272727273 0.8 0.5761363636363637 0.8 0.5681818181818182 0.8011363636363636 0.571590909090909 0.7988636363636363 0.5784090909090909 0.7988636363636363 0.5954545454545455 0.803409090909091 0.6170454545454546 0.803409090909091 0.6329545454545454 0.7988636363636363 0.6909090909090909 0.7965909090909091 0.6943181818181818 0.7931818181818182 0.6897727272727273 0.7897727272727273 0.675 0.7909090909090909 0.6431818181818182 0.7954545454545454 0.634090909090909 0.7954545454545454 0.6215909090909091 0.7875 0.6147727272727272 0.7829545454545455 0.615909090909091 0.7818181818181819 0.6193181818181818 0.7784090909090909 0.6204545454545455 0.7784090909090909 0.6170454545454546 0.775 0.6147727272727272 0.775 0.6056818181818182 0.7784090909090909 0.6022727272727273 0.7784090909090909 0.5977272727272728 0.7704545454545455 0.5943181818181819 0.7613636363636364 0.5693181818181818 0.7625 0.5613636363636364 0.7659090909090909 0.5590909090909091 0.7806818181818181 0.5590909090909091
3 0.5704545454545454 0.14659090909090908 0.5784090909090909 0.14659090909090908 0.5875 0.15227272727272728 0.5863636363636363 0.1625 0.5795454545454546 0.17727272727272728 0.5784090909090909 0.19204545454545455 0.5727272727272728 0.19545454545454546 0.5704545454545454 0.19090909090909092 0.5681818181818182 0.19545454545454546 0.5704545454545454 0.18977272727272726 0.5659090909090909 0.17954545454545454 0.5647727272727273 0.1590909090909091 0.5704545454545454 0.14772727272727273
3 0.5818181818181818 0.14659090909090908 0.5886363636363636 0.15113636363636362 0.5886363636363636 0.1590909090909091 0.5795454545454546 0.17045454545454544 0.5727272727272728 0.1625 0.571590909090909 0.14772727272727273 0.5806818181818182 0.14659090909090908
3 0.3443181818181818 0.10340909090909091 0.3443181818181818 0.1375 0.3397727272727273 0.14204545454545456 0.3397727272727273 0.14545454545454545 0.33181818181818185 0.15795454545454546 0.32840909090909093 0.15227272727272728 0.32727272727272727 0.125 0.3352272727272727 0.10909090909090909 0.3431818181818182 0.10340909090909091
3 0.6170454545454546 0.36022727272727273 0.6215909090909091 0.3613636363636364 0.6238636363636364 0.3659090909090909 0.6261363636363636 0.39431818181818185 0.615909090909091 0.4022727272727273 0.6079545454545454 0.4022727272727273 0.6056818181818182 0.39886363636363636 0.6056818181818182 0.3840909090909091 0.6034090909090909 0.3795454545454545 0.6034090909090909 0.375 0.6056818181818182 0.37272727272727274 0.6022727272727273 0.3659090909090909 0.6034090909090909 0.3625 0.6056818181818182 0.36477272727272725 0.6079545454545454 0.3613636363636364 0.615909090909091 0.36022727272727273
3 0.6329545454545454 0.3613636363636364 0.6420454545454546 0.36818181818181817 0.6420454545454546 0.37272727272727274 0.6443181818181818 0.375 0.6443181818181818 0.3886363636363636 0.6488636363636363 0.3931818181818182 0.65 0.3977272727272727 0.6488636363636363 0.4034090909090909 0.6465909090909091 0.40454545454545454 0.6409090909090909 0.4011363636363636 0.634090909090909 0.4011363636363636 0.6284090909090909 0.39545454545454545 0.6261363636363636 0.3795454545454545 0.6284090909090909 0.3625 0.6318181818181818 0.3625
3 0.6261363636363636 0.31136363636363634 0.6318181818181818 0.3170454545454545 0.6318181818181818 0.32045454545454544 0.6238636363636364 0.35909090909090907 0.6090909090909091 0.35795454545454547 0.6011363636363637 0.35 0.6034090909090909 0.3159090909090909 0.6125 0.31477272727272726 0.615909090909091 0.3170454545454545 0.6261363636363636 0.3125
3 0.7738636363636363 0.6840909090909091 0.7761363636363636 0.6886363636363636 0.7840909090909091 0.6909090909090909 0.7897727272727273 0.7022727272727273 0.7875 0.7284090909090909 0.7852272727272728 0.7340909090909091 0.7886363636363637 0.7522727272727273 0.7829545454545455 0.7534090909090909 0.7784090909090909 0.7613636363636364 0.7784090909090909 0.7852272727272728 0.7761363636363636 0.7909090909090909 0.7738636363636363 0.7909090909090909 0.7693181818181818 0.7840909090909091 0.7602272727272728 0.7840909090909091 0.75 0.7795454545454545 0.75 0.7727272727272727 0.7454545454545455 0.759090909090909 0.7420454545454546 0.7284090909090909 0.7431818181818182 0.7238636363636364 0.7375 0.7136363636363636 0.7363636363636363 0.7034090909090909 0.7375 0.6931818181818182 0.7431818181818182 0.6897727272727273 0.7431818181818182 0.6852272727272727 0.7522727272727273 0.6863636363636364 0.7659090909090909 0.6829545454545455 0.7727272727272727 0.6840909090909091
3 0.7420454545454546 0.6136363636363636 0.7556818181818182 0.6227272727272727 0.7625 0.6227272727272727 0.7625 0.6261363636363636 0.759090909090909 0.634090909090909 0.7465909090909091 0.6420454545454546 0.7397727272727272 0.6625 0.7340909090909091 0.6681818181818182 0.7352272727272727 0.6715909090909091 0.7397727272727272 0.6715909090909091 0.7318181818181818 0.678409090909091 0.7329545454545454 0.6829545454545455 0.7306818181818182 0.6886363636363636 0.7306818181818182 0.6806818181818182 0.7261363636363637 0.6727272727272727 0.7238636363636364 0.6602272727272728 0.725 0.6215909090909091 0.7306818181818182 0.6204545454545455 0.7363636363636363 0.6147727272727272 0.740909090909091 0.6136363636363636
3 0.875 0.4431818181818182 0.884090909090909 0.4420454545454545 0.8818181818181818 0.4727272727272727 0.8795454545454545 0.47954545454545455 0.8795454545454545 0.5136363636363637 0.8772727272727273 0.5204545454545455 0.8727272727272727 0.5261363636363636 0.8693181818181818 0.5204545454545455 0.8681818181818182 0.5125 0.8602272727272727 0.5068181818181818 0.8545454545454545 0.49772727272727274 0.8568181818181818 0.4954545454545455 0.8556818181818182 0.4909090909090909 0.8579545454545454 0.47954545454545455 0.8647727272727272 0.4647727272727273 0.8647727272727272 0.45 0.8579545454545454 0.44545454545454544 0.865909090909091 0.4465909090909091 0.875 0.44431818181818183
3 0.5295454545454545 0.035227272727272725 0.5318181818181819 0.042045454545454546 0.5295454545454545 0.05795454545454545 0.5261363636363636 0.056818181818181816 0.5227272727272727 0.04772727272727273 0.5227272727272727 0.038636363636363635 0.525 0.035227272727272725 0.5284090909090909 0.035227272727272725
3 0.6272727272727273 0.31022727272727274 0.634090909090909 0.3159090909090909 0.634090909090909 0.3215909090909091 0.6420454545454546 0.3340909090909091 0.6443181818181818 0.3659090909090909 0.6363636363636364 0.35909090909090907 0.6284090909090909 0.35795454545454547 0.6227272727272727 0.3477272727272727 0.6204545454545455 0.3306818181818182 0.6181818181818182 0.32840909090909093 0.6181818181818182 0.3181818181818182 0.6227272727272727 0.31136363636363634 0.6261363636363636 0.31136363636363634
3 0.8920454545454546 0.884090909090909 0.8988636363636363 0.8852272727272728 0.9011363636363636 0.8909090909090909 0.8988636363636363 0.8965909090909091 0.9 0.8988636363636363 0.9113636363636364 0.8965909090909091 0.9170454545454545 0.8988636363636363 0.9193181818181818 0.9034090909090909 0.9261363636363636 0.9079545454545455 0.9329545454545455 0.9090909090909091 0.9420454545454545 0.9079545454545455 0.946590909090909 0.9045454545454545 0.9613636363636363 0.9159090909090909 0.9613636363636363 0.9227272727272727 0.9568181818181818 0.9238636363636363 0.9545454545454546 0.9272727272727272 0.9488636363636364 0.9545454545454546 0.9511363636363637 0.9954545454545455 0.9477272727272728 0.9988636363636364 0.8988636363636363 0.9988636363636364 0.8965909090909091 0.9954545454545455 0.8931818181818182 0.9965909090909091 0.8897727272727273 0.9943181818181818 0.8909090909090909 0.9897727272727272 0.8954545454545455 0.9897727272727272 0.8954545454545455 0.9806818181818182 0.8920454545454546 0.9784090909090909 0.8920454545454546 0.9727272727272728 0.8977272727272727 0.9647727272727272 0.8977272727272727 0.9590909090909091 0.9 0.9568181818181818 0.9034090909090909 0.9090909090909091 0.9 0.9045454545454545 0.8943181818181818 0.9045454545454545 0.8954545454545455 0.8931818181818182 0.8920454545454546 0.8852272727272728
3 0.8806818181818182 0.3659090909090909 0.8863636363636364 0.36818181818181817 0.884090909090909 0.41704545454545455 0.8727272727272727 0.4022727272727273 0.8704545454545455 0.3886363636363636 0.8727272727272727 0.3704545454545455 0.875 0.36704545454545456 0.8795454545454545 0.3659090909090909
3 0.7613636363636364 0.2715909090909091 0.7670454545454546 0.27954545454545454 0.7670454545454546 0.3090909090909091 0.7727272727272727 0.3181818181818182 0.7727272727272727 0.325 0.7647727272727273 0.3386363636363636 0.7579545454545454 0.3375 0.75 0.32840909090909093 0.7477272727272727 0.32272727272727275 0.7477272727272727 0.31136363636363634 0.7443181818181818 0.3034090909090909 0.7465909090909091 0.2852272727272727 0.7488636363636364 0.2806818181818182 0.7602272727272728 0.2715909090909091
3 0.35795454545454547 0.2340909090909091 0.36477272727272725 0.2340909090909091 0.3715909090909091 0.2375 0.36818181818181817 0.26022727272727275 0.3693181818181818 0.2909090909090909 0.36704545454545456 0.29545454545454547 0.3625 0.28295454545454546 0.36022727272727273 0.26590909090909093 0.3534090909090909 0.24772727272727274 0.35795454545454547 0.23522727272727273
3 0.55 0.1409090909090909 0.5545454545454546 0.14204545454545456 0.5568181818181818 0.14659090909090908 0.5590909090909091 0.15454545454545454 0.5568181818181818 0.1625 0.5522727272727272 0.1625 0.5511363636363636 0.16022727272727272 0.5431818181818182 0.15795454545454546 0.5454545454545454 0.1431818181818182 0.5488636363636363 0.14204545454545456
3 0.5988636363636364 0.35795454545454547 0.6068181818181818 0.36477272727272725 0.6068181818181818 0.4022727272727273 0.6022727272727273 0.4284090909090909 0.6 0.42727272727272725 0.5965909090909091 0.4102272727272727 0.5886363636363636 0.4068181818181818 0.5852272727272727 0.4102272727272727 0.5818181818181818 0.4090909090909091 0.5852272727272727 0.3977272727272727 0.5852272727272727 0.38636363636363635 0.5931818181818181 0.3886363636363636 0.5954545454545455 0.3625 0.5977272727272728 0.35909090909090907
3 0.4 0.13068181818181818 0.40454545454545454 0.1340909090909091 0.40795454545454546 0.1431818181818182 0.4022727272727273 0.17613636363636365 0.4 0.17727272727272728 0.39545454545454545 0.175 0.39204545454545453 0.1693181818181818 0.39431818181818185 0.1409090909090909 0.39545454545454545 0.13636363636363635 0.4 0.1318181818181818
3 0.7477272727272727 0.3534090909090909 0.7488636363636364 0.4147727272727273 0.7465909090909091 0.41704545454545455 0.7420454545454546 0.41704545454545455 0.7363636363636363 0.4113636363636364 0.7261363636363637 0.4068181818181818 0.7272727272727273 0.3784090909090909 0.7306818181818182 0.3704545454545455 0.7284090909090909 0.3477272727272727 0.7306818181818182 0.34545454545454546 0.7386363636363636 0.34545454545454546 0.740909090909091 0.35 0.7465909090909091 0.3534090909090909
3 0.5454545454545454 0.10454545454545454 0.5568181818181818 0.10909090909090909 0.5579545454545455 0.12045454545454545 0.5568181818181818 0.14659090909090908 0.55 0.14431818181818182 0.5477272727272727 0.14659090909090908 0.5431818181818182 0.14659090909090908 0.5386363636363637 0.1340909090909091 0.5386363636363637 0.12272727272727273 0.5409090909090909 0.11022727272727273 0.5454545454545454 0.10568181818181818
3 0.8318181818181818 0.7431818181818182 0.8386363636363636 0.740909090909091 0.8420454545454545 0.7431818181818182 0.8431818181818181 0.7477272727272727 0.8375 0.7681818181818182 0.8386363636363636 0.7818181818181819 0.8318181818181818 0.7863636363636364 0.8261363636363637 0.7863636363636364 0.8204545454545454 0.7829545454545455 0.8193181818181818 0.7795454545454545 0.8227272727272728 0.7488636363636364 0.8318181818181818 0.7443181818181818
3 0.8727272727272727 0.8238636363636364 0.8795454545454545 0.8306818181818182 0.8795454545454545 0.8352272727272727 0.8704545454545455 0.8454545454545455 0.8738636363636364 0.8545454545454545 0.8738636363636364 0.8647727272727272 0.8590909090909091 0.8829545454545454 0.8579545454545454 0.9045454545454545 0.8738636363636364 0.925 0.8761363636363636 0.9409090909090909 0.8613636363636363 0.975 0.8636363636363636 0.9931818181818182 0.8613636363636363 0.9988636363636364 0.8329545454545455 0.9988636363636364 0.8295454545454546 0.9954545454545455 0.8295454545454546 0.9704545454545455 0.8261363636363637 0.9579545454545455 0.8284090909090909 0.9488636363636364 0.8284090909090909 0.9306818181818182 0.8261363636363637 0.9261363636363636 0.8272727272727273 0.8988636363636363 0.825 0.8954545454545455 0.825 0.8795454545454545 0.8204545454545454 0.8670454545454546 0.8181818181818182 0.865909090909091 0.8227272727272728 0.8477272727272728 0.8363636363636363 0.8488636363636364 0.8454545454545455 0.8465909090909091 0.8590909090909091 0.8522727272727273 0.865909090909091 0.8465909090909091 0.865909090909091 0.8375 0.8727272727272727 0.825
3 0.3477272727272727 0.2988636363636364 0.3613636363636364 0.3034090909090909 0.36363636363636365 0.30568181818181817 0.36477272727272725 0.31363636363636366 0.36477272727272725 0.3261363636363636 0.3625 0.32954545454545453 0.35909090909090907 0.35454545454545455 0.3522727272727273 0.3784090909090909 0.35 0.3784090909090909 0.3465909090909091 0.3715909090909091 0.34545454545454546 0.3613636363636364 0.34204545454545454 0.3568181818181818 0.3409090909090909 0.3409090909090909 0.3409090909090909 0.3090909090909091 0.3431818181818182 0.30227272727272725 0.3477272727272727 0.3
3 0.6375 0.10909090909090909 0.6420454545454546 0.10909090909090909 0.6454545454545455 0.11477272727272728 0.6443181818181818 0.12840909090909092 0.6397727272727273 0.12727272727272726 0.6352272727272728 0.1215909090909091 0.6352272727272728 0.1125 0.6375 0.11022727272727273
3 0.5465909090909091 0.10454545454545454 0.5465909090909091 0.11022727272727273 0.5488636363636363 0.1125 0.5488636363636363 0.12727272727272726 0.5465909090909091 0.1318181818181818 0.5409090909090909 0.1340909090909091 0.5363636363636364 0.1215909090909091 0.5375 0.11022727272727273 0.5397727272727273 0.10795454545454546 0.5431818181818182 0.11022727272727273 0.5454545454545454 0.10568181818181818
3 0.07386363636363637 0.8715909090909091 0.08977272727272727 0.875 0.09318181818181819 0.8784090909090909 0.10227272727272728 0.8772727272727273 0.1125 0.8863636363636364 0.12386363636363637 0.8863636363636364 0.1215909090909091 0.8897727272727273 0.10909090909090909 0.8909090909090909 0.10454545454545454 0.8977272727272727 0.10681818181818181 0.9545454545454546 0.1 0.9727272727272728 0.10227272727272728 0.9965909090909091 0.09659090909090909 0.9988636363636364 0.056818181818181816 0.9988636363636364 0.053409090909090906 0.9965909090909091 0.053409090909090906 0.9204545454545454 0.05568181818181818 0.9147727272727273 0.05795454545454545 0.8863636363636364 0.06136363636363636 0.8829545454545454 0.06363636363636363 0.8738636363636364 0.07272727272727272 0.8715909090909091
3 0.634090909090909 0.3261363636363636 0.6397727272727273 0.3306818181818182 0.6420454545454546 0.34545454545454546 0.6443181818181818 0.3477272727272727 0.6443181818181818 0.38522727272727275 0.6488636363636363 0.4022727272727273 0.6420454545454546 0.3977272727272727 0.634090909090909 0.39886363636363636 0.6284090909090909 0.39431818181818185 0.625 0.3693181818181818 0.625 0.34545454545454546 0.6284090909090909 0.32954545454545453 0.6329545454545454 0.3261363636363636
3 0.7579545454545454 0.2715909090909091 0.7625 0.2715909090909091 0.7670454545454546 0.2784090909090909 0.7670454545454546 0.3079545454545455 0.7625 0.31022727272727274 0.75 0.3079545454545455 0.75 0.28295454545454546 0.7579545454545454 0.2727272727272727
3 0.8590909090909091 0.553409090909091 0.8647727272727272 0.5602272727272727 0.8681818181818182 0.5806818181818182 0.8670454545454546 0.6454545454545455 0.85 0.65 0.8420454545454545 0.6590909090909091 0.8420454545454545 0.6625 0.8375 0.6625 0.8375 0.6556818181818181 0.8352272727272727 0.6522727272727272 0.8352272727272727 0.6363636363636364 0.8375 0.634090909090909 0.8375 0.6261363636363636 0.8465909090909091 0.6 0.8488636363636364 0.5738636363636364 0.8534090909090909 0.5659090909090909 0.8556818181818182 0.5556818181818182 0.8579545454545454 0.5545454545454546
3 0.5852272727272727 0.29318181818181815 0.5920454545454545 0.29318181818181815 0.5954545454545455 0.29772727272727273 0.5977272727272728 0.31477272727272726 0.5965909090909091 0.3215909090909091 0.6 0.32954545454545453 0.5988636363636364 0.35113636363636364 0.5954545454545455 0.3522727272727273 0.5931818181818181 0.35 0.5909090909090909 0.3409090909090909 0.5875 0.3375 0.5875 0.32954545454545453 0.5818181818181818 0.3068181818181818 0.5852272727272727 0.2943181818181818
3 0 0.775 0.00909090909090909 0.7738636363636363 0.015909090909090907 0.7795454545454545 0.015909090909090907 0.7863636363636364 0.011363636363636364 0.7931818181818182 0.010227272727272727 0.8011363636363636 0.013636363636363636 0.8090909090909091 0.014772727272727272 0.8295454545454546 0.019318181818181818 0.8534090909090909 0.023863636363636365 0.8647727272727272 0.023863636363636365 0.884090909090909 0.004545454545454545 0.9136363636363637 0 0.9136363636363637 0 0.8852272727272728 0.003409090909090909 0.8829545454545454 0.003409090909090909 0.8784090909090909 0 0.8761363636363636 0 0.7761363636363636
3 0.7579545454545454 0.2681818181818182 0.7670454545454546 0.2784090909090909 0.7659090909090909 0.3068181818181818 0.7477272727272727 0.31022727272727274 0.7420454545454546 0.3 0.7420454545454546 0.2840909090909091 0.7454545454545455 0.2727272727272727 0.7477272727272727 0.27386363636363636 0.7579545454545454 0.26931818181818185
3 0.8590909090909091 0.553409090909091 0.865909090909091 0.5590909090909091 0.8681818181818182 0.5556818181818182 0.8727272727272727 0.5556818181818182 0.8738636363636364 0.5579545454545455 0.8738636363636364 0.5625 0.865909090909091 0.5670454545454545 0.8681818181818182 0.5806818181818182 0.8670454545454546 0.6443181818181818 0.865909090909091 0.6465909090909091 0.8534090909090909 0.6477272727272727 0.8465909090909091 0.6534090909090909 0.8409090909090909 0.6636363636363637 0.8329545454545455 0.6636363636363637 0.825 0.6579545454545455 0.8204545454545454 0.6590909090909091 0.8204545454545454 0.6511363636363636 0.8181818181818182 0.6465909090909091 0.8181818181818182 0.6227272727272727 0.8261363636363637 0.6136363636363636 0.8272727272727273 0.6011363636363637 0.8306818181818182 0.5954545454545455 0.8352272727272727 0.5954545454545455 0.8386363636363636 0.6022727272727273 0.8431818181818181 0.5954545454545455 0.8431818181818181 0.5897727272727272 0.8329545454545455 0.5840909090909091 0.8329545454545455 0.5784090909090909 0.8375 0.571590909090909 0.8488636363636364 0.571590909090909 0.8534090909090909 0.5636363636363636 0.8534090909090909 0.5590909090909091 0.8579545454545454 0.553409090909091
3 0.6136363636363636 0.3215909090909091 0.6170454545454546 0.32840909090909093 0.6170454545454546 0.35909090909090907 0.6090909090909091 0.36363636363636365 0.6056818181818182 0.36363636363636365 0.6011363636363637 0.35909090909090907 0.6 0.3397727272727273 0.6034090909090909 0.33181818181818185 0.6034090909090909 0.32272727272727275 0.6056818181818182 0.32045454545454544 0.6125 0.3215909090909091
3 0.8102272727272727 0.5522727272727272 0.8113636363636364 0.5647727272727273 0.8147727272727273 0.5681818181818182 0.8147727272727273 0.5761363636363637 0.8170454545454545 0.5806818181818182 0.8170454545454545 0.5909090909090909 0.8136363636363636 0.6 0.8102272727272727 0.6011363636363637 0.8045454545454546 0.5943181818181819 0.8011363636363636 0.5943181818181819 0.7988636363636363 0.5886363636363636 0.8 0.5647727272727273 0.803409090909091 0.5556818181818182 0.8090909090909091 0.553409090909091
3 0.37272727272727274 0.24204545454545454 0.37727272727272726 0.25227272727272726 0.37727272727272726 0.2590909090909091 0.3795454545454545 0.26136363636363635 0.3840909090909091 0.26136363636363635 0.3795454545454545 0.26704545454545453 0.37727272727272726 0.2818181818181818 0.3715909090909091 0.2909090909090909 0.3693181818181818 0.3 0.36704545454545456 0.30113636363636365 0.3659090909090909 0.2897727272727273 0.3625 0.2818181818181818 0.3613636363636364 0.2545454545454545 0.36477272727272725 0.25113636363636366 0.36704545454545456 0.2431818181818182 0.3715909090909091 0.24204545454545454
3 0.4375 0.05568181818181818 0.43977272727272726 0.05568181818181818 0.4431818181818182 0.0625 0.4420454545454545 0.07727272727272727 0.4340909090909091 0.08522727272727272 0.43068181818181817 0.08295454545454546 0.4329545454545455 0.06136363636363636 0.4375 0.056818181818181816
3 0.4602272727272727 0.21022727272727273 0.4738636363636364 0.20795454545454545 0.4784090909090909 0.2125 0.4738636363636364 0.25681818181818183 0.4693181818181818 0.26931818181818185 0.4625 0.275 0.45795454545454545 0.26590909090909093 0.4602272727272727 0.21136363636363636
3 0.7272727272727273 0.2625 0.7318181818181818 0.2625 0.7363636363636363 0.2681818181818182 0.7363636363636363 0.275 0.740909090909091 0.2852272727272727 0.7397727272727272 0.3034090909090909 0.7352272727272727 0.3079545454545455 0.7340909090909091 0.32045454545454544 0.7272727272727273 0.33295454545454545 0.7261363636363637 0.35795454545454547 0.7238636363636364 0.3659090909090909 0.7181818181818181 0.3693181818181818 0.7125 0.35909090909090907 0.7181818181818181 0.3261363636363636 0.7181818181818181 0.29659090909090907 0.7204545454545455 0.2909090909090909 0.7204545454545455 0.27954545454545454 0.7272727272727273 0.2636363636363636
3 0.7647727272727273 0.29772727272727273 0.7659090909090909 0.3068181818181818 0.7727272727272727 0.3170454545454545 0.7727272727272727 0.3261363636363636 0.7670454545454546 0.3386363636363636 0.7613636363636364 0.3397727272727273 0.7568181818181818 0.3375 0.7522727272727273 0.33295454545454545 0.7477272727272727 0.32272727272727275 0.7477272727272727 0.3090909090909091 0.7545454545454545 0.3079545454545455 0.7579545454545454 0.3034090909090909 0.7613636363636364 0.30568181818181817 0.7636363636363637 0.30454545454545456 0.7647727272727273 0.2988636363636364
3 0.6204545454545455 0.3090909090909091 0.6272727272727273 0.3090909090909091 0.634090909090909 0.31477272727272726 0.6363636363636364 0.32840909090909093 0.6386363636363637 0.3306818181818182 0.6386363636363637 0.3352272727272727 0.6306818181818182 0.3352272727272727 0.6238636363636364 0.3409090909090909 0.6204545454545455 0.3386363636363636 0.615909090909091 0.3181818181818182 0.6113636363636363 0.31477272727272726 0.615909090909091 0.3159090909090909 0.6204545454545455 0.31022727272727274
3 0.39431818181818185 0.010227272727272727 0.3965909090909091 0.014772727272727272 0.3965909090909091 0.031818181818181815 0.39431818181818185 0.038636363636363635 0.38977272727272727 0.0375 0.3875 0.02727272727272727 0.3875 0.015909090909090907 0.3931818181818182 0.010227272727272727
3 0.7261363636363637 0.2625 0.7318181818181818 0.2625 0.7340909090909091 0.26477272727272727 0.7397727272727272 0.2806818181818182 0.7397727272727272 0.3 0.7340909090909091 0.30568181818181817 0.7340909090909091 0.3125 0.7306818181818182 0.31931818181818183 0.7215909090909091 0.32840909090909093 0.7193181818181819 0.32727272727272727 0.7181818181818181 0.29659090909090907 0.7204545454545455 0.27954545454545454 0.7261363636363637 0.2636363636363636
3 0.8795454545454545 0.32727272727272727 0.8829545454545454 0.3306818181818182 0.8863636363636364 0.3409090909090909 0.8909090909090909 0.34204545454545454 0.8863636363636364 0.3477272727272727 0.8886363636363637 0.3568181818181818 0.8863636363636364 0.36022727272727273 0.8875 0.38181818181818183 0.884090909090909 0.4193181818181818 0.8772727272727273 0.4056818181818182 0.8727272727272727 0.4022727272727273 0.8693181818181818 0.38977272727272727 0.8647727272727272 0.3886363636363636 0.8613636363636363 0.39090909090909093 0.8602272727272727 0.4034090909090909 0.8579545454545454 0.40454545454545454 0.8579545454545454 0.39204545454545453 0.8625 0.3840909090909091 0.865909090909091 0.36704545454545456 0.865909090909091 0.34545454545454546 0.8681818181818182 0.3352272727272727 0.8715909090909091 0.3261363636363636 0.8784090909090909 0.32727272727272727
3 0.7261363636363637 0.32386363636363635 0.7295454545454545 0.32386363636363635 0.7306818181818182 0.3352272727272727 0.725 0.3693181818181818 0.7170454545454545 0.3704545454545455 0.7125 0.36477272727272725 0.7125 0.3465909090909091 0.7159090909090909 0.33636363636363636 0.7204545454545455 0.32727272727272727 0.7261363636363637 0.325
3 0.575 0.16704545454545455 0.5784090909090909 0.17272727272727273 0.5784090909090909 0.18181818181818182 0.5738636363636364 0.19090909090909092 0.5693181818181818 0.18863636363636363 0.5659090909090909 0.1784090909090909 0.5659090909090909 0.1715909090909091 0.5738636363636364 0.16704545454545455
3 0.6056818181818182 0.27386363636363636 0.6102272727272727 0.27386363636363636 0.6147727272727272 0.2784090909090909 0.6193181818181818 0.28863636363636364 0.6215909090909091 0.3034090909090909 0.6215909090909091 0.31363636363636366 0.6181818181818182 0.3170454545454545 0.6034090909090909 0.3159090909090909 0.6011363636363637 0.2852272727272727 0.6056818181818182 0.275
3 0.6056818181818182 0.3181818181818182 0.6136363636363636 0.3181818181818182 0.6215909090909091 0.32840909090909093 0.625 0.36022727272727273 0.6272727272727273 0.36477272727272725 0.6272727272727273 0.39431818181818185 0.6147727272727272 0.4022727272727273 0.6079545454545454 0.4022727272727273 0.6011363636363637 0.3965909090909091 0.5977272727272728 0.3795454545454545 0.5965909090909091 0.34545454545454546 0.5977272727272728 0.3352272727272727 0.6 0.33295454545454545 0.6 0.32386363636363635 0.6056818181818182 0.31931818181818183
2 0.30625 0.5319444443181818 0.28671875 0.5347222227272728 0.28828125 0.5458333329545454 0.3 0.5555555556818181 0.3015625 0.5652777772727272 0.2953125 0.5777777772727273 0.2859375 0.6194444443181819 0.2859375 0.6402777772727273 0.28046875 0.675 0.2828125 0.7027777772727273 0.2921875 0.7208333329545455 0.321875 0.7208333329545455 0.3859375 0.7319444443181818 0.40703125 0.7305555556818181 0.41484375 0.7222222227272728 0.4203125 0.7027777772727273 0.4203125 0.6777777772727273 0.42578125 0.6486111113636364 0.428125 0.5708333329545454 0.43359375 0.5569444443181818 0.43359375 0.55 0.4296875 0.5402777772727273 0.425 0.5027777772727272 0.41796875 0.4875 0.41484375 0.46527777727272723 0.41015625 0.45416666704545455 0.3953125 0.4458333329545454 0.359375 0.4430555556818182 0.35234375 0.4430555556818182 0.33984375 0.4444444443181818 0.3296875 0.4555555556818182 0.3171875 0.4875 0.30625 0.5319444443181818
2 0.14453125 0.46944444431818183 0.1390625 0.4791666670454546 0.12265625 0.48333333295454545 0.12265625 0.4930555556818182 0.13203125 0.5083333329545454 0.11484375 0.5625 0.11015625 0.5986111113636364 0.1125 0.6305555556818181 0.11953125 0.65 0.1859375 0.6583333329545455 0.2234375 0.6805555556818181 0.23125 0.6819444443181819 0.234375 0.6777777772727273 0.23828125 0.6611111113636364 0.23671875 0.6361111113636364 0.2390625 0.6222222227272728 0.24765625 0.6125 0.246875 0.6083333329545455 0.2546875 0.5888888886363636 0.26328125 0.5847222227272727 0.26875 0.5652777772727272 0.27109375 0.46527777727272723 0.259375 0.39861111136363636 0.25234375 0.3888888886363636 0.228125 0.38472222272727274 0.223828125 0.38472222272727274 0.19375 0.38472222272727274 0.18359375 0.39166666704545455 0.15390625 0.4388888886363636 0.14453125 0.46944444431818183
2 0.63828125 0.5527777772727273 0.63359375 0.5569444443181818 0.63359375 0.5652777772727272 0.625 0.5625 0.6140625 0.5708333329545454 0.59375 0.6083333329545455 0.5859375 0.6486111113636364 0.58125 0.7236111113636364 0.5828125 0.7375 0.58828125 0.7472222227272728 0.5953125 0.7791666670454545 0.59453125 0.7861111113636364 0.59921875 0.7930555556818181 0.5984375 0.8027777772727273 0.5953125 0.8069444443181819 0.59140625 0.8013888886363636 0.58984375 0.8069444443181819 0.59609375 0.8097222227272728 0.59921875 0.8277777772727273 0.596875 0.8416666670454545 0.5875 0.8416666670454545 0.58984375 0.8444444443181819 0.58984375 0.8527777772727273 0.59296875 0.8555555556818181 0.59140625 0.8597222227272727 0.5953125 0.8569444443181818 0.609375 0.8680555556818181 0.61640625 0.8819444443181819 0.6359375 0.8763888886363637 0.70390625 0.8888888886363636 0.73671875 0.8888888886363636 0.75078125 0.8583333329545455 0.7484375 0.8472222227272728 0.74921875 0.8180555556818181 0.740625 0.8111111113636363 0.73515625 0.7930555556818181 0.7375 0.7833333329545455 0.7484375 0.7777777772727272 0.74765625 0.7652777772727273 0.7375 0.7291666670454545 0.7375 0.7166666670454545 0.7296875 0.7 0.72578125 0.6736111113636364 0.7125 0.6222222227272728 0.70234375 0.6069444443181818 0.69921875 0.5944444443181819 0.70078125 0.5916666670454545 0.69375 0.5708333329545454 0.675 0.5666666670454545 0.68125 0.5625 0.6859375 0.5652777772727272 0.68984375 0.5597222227272728 0.690625 0.5513888886363636 0.6859375 0.5388888886363636 0.68671875 0.5347222227272728 0.67578125 0.525 0.6484375 0.5208333329545455 0.64765625 0.5208333329545455 0.6390625 0.5263888886363636 0.63984375 0.5388888886363636 0.63671875 0.5458333329545454 0.63828125 0.5527777772727273
6 0.48046875 0.3041666670454546 0.48828125 0.3069444443181818 0.484375 0.3111111113636364 0.4765625 0.3069444443181818 0.47890625 0.3111111113636364 0.4734375 0.30972222272727273 0.4734375 0.3180555556818182 0.46953125 0.3208333329545454 0.46875 0.3305555556818182 0.4734375 0.3305555556818182 0.4796875 0.3388888886363636 0.47265625 0.34027777727272723 0.46953125 0.34722222272727277 0.46484375 0.45 0.45625 0.45416666704545455 0.4546875 0.46111111136363636 0.45546875 0.4736111113636364 0.46328125 0.48333333295454545 0.46015625 0.4861111113636364 0.459375 0.6138888886363636 0.4734375 0.6180555556818181 0.484375 0.6152777772727273 0.48671875 0.6111111113636364 0.490625 0.6152777772727273 0.51484375 0.6125 0.5640625 0.6222222227272728 0.56953125 0.6125 0.5765625 0.5736111113636364 0.5734375 0.5555555556818181 0.5765625 0.5138888886363636 0.575 0.4944444443181818 0.57734375 0.4736111113636364 0.578125 0.39722222272727276 0.58125 0.39166666704545455 0.58125 0.3694444443181818 0.57734375 0.3694444443181818 0.57578125 0.35833333295454545 0.5765625 0.3486111113636364 0.58125 0.34305555568181817 0.58203125 0.3277777772727272 0.575 0.3180555556818182 0.57421875 0.3111111113636364 0.57109375 0.3111111113636364 0.56953125 0.3041666670454546 0.5640625 0.2986111113636364 0.54765625 0.2986111113636364 0.534375 0.2916666670454546 0.49453125 0.2944444443181818 0.4875 0.2916666670454546 0.484375 0.2847222227272727 0.4796875 0.2847222227272727 0.48046875 0.2916666670454546 0.4859375 0.2930555556818182 0.48046875 0.2986111113636364 0.48046875 0.3041666670454546
2 0.5984375 0.45972222272727276 0.59375 0.4805555556818182 0.596875 0.5055555556818182 0.59140625 0.5277777772727272 0.590625 0.5555555556818181 0.60078125 0.5875 0.60625 0.5833333329545455 0.61640625 0.5625 0.6296875 0.5583333329545455 0.6328125 0.5458333329545454 0.6328125 0.5291666670454546 0.6359375 0.5236111113636364 0.64140625 0.5194444443181818 0.6703125 0.5208333329545455 0.6828125 0.5263888886363636 0.690625 0.5375 0.7046875 0.6027777772727273 0.71484375 0.6027777772727273 0.71796875 0.5875 0.71796875 0.5708333329545454 0.709375 0.5319444443181818 0.72109375 0.5180555556818182 0.72109375 0.5097222227272727 0.70546875 0.5013888886363637 0.69609375 0.45972222272727276 0.68359375 0.43333333295454546 0.6484375 0.41527777727272724 0.64765625 0.41388888863636364 0.64375 0.4180555556818182 0.61484375 0.4180555556818182 0.6078125 0.44166666704545454 0.5984375 0.45972222272727276
2 0.3421875 0.4166666670454546 0.3390625 0.44166666704545454 0.37421875 0.4388888886363636 0.40625 0.45 0.41484375 0.4625 0.41796875 0.48333333295454545 0.428125 0.5152777772727273 0.43359375 0.49583333295454546 0.4328125 0.46666666704545456 0.4359375 0.4430555556818182 0.44453125 0.42777777727272726 0.44453125 0.4222222227272728 0.43671875 0.41388888863636364 0.43203125 0.37777777727272727 0.4265625 0.3736111113636364 0.42265625 0.3625 0.41484375 0.35277777727272724 0.37421875 0.3486111113636364 0.3703125 0.3486111113636364 0.36171875 0.3555555556818182 0.3546875 0.3819444443181818 0.34765625 0.39722222272727276 0.3421875 0.4166666670454546
2 0.23046875 0.3597222227272728 0.22734375 0.36388888863636365 0.2171875 0.36388888863636365 0.215625 0.3694444443181818 0.22578125 0.3833333329545454 0.2515625 0.3875 0.259375 0.39722222272727276 0.26875 0.44166666704545454 0.271875 0.4916666670454546 0.30390625 0.4916666670454546 0.3109375 0.4555555556818182 0.32109375 0.4291666670454546 0.32890625 0.3375 0.32265625 0.3305555556818182 0.31875 0.3055555556818182 0.31171875 0.2972222227272728 0.29609375 0.2930555556818182 0.28515625 0.2986111113636364 0.275 0.2930555556818182 0.2703125 0.2930555556818182 0.26328125 0.2944444443181818 0.25078125 0.3055555556818182 0.23671875 0.33472222272727276 0.23046875 0.3597222227272728
2 0.25703125 0.26666666704545455 0.2515625 0.2680555556818182 0.25703125 0.275 0.25 0.29583333295454545 0.25546875 0.2986111113636364 0.26171875 0.2930555556818182 0.29375 0.2916666670454546 0.31328125 0.2972222227272728 0.3203125 0.3069444443181818 0.3203125 0.3305555556818182 0.3234375 0.33611111136363636 0.321875 0.3555555556818182 0.32734375 0.35833333295454545 0.3328125 0.33472222272727276 0.33671875 0.3305555556818182 0.33984375 0.3180555556818182 0.33671875 0.29583333295454545 0.34140625 0.28194444431818183 0.34296875 0.26666666704545455 0.33125 0.2152777772727273 0.30390625 0.20694444431818182 0.296875 0.20694444431818182 0.284375 0.2111111113636364 0.275 0.22361111136363637 0.2625 0.2569444443181818 0.25703125 0.26666666704545455
2 0.36328125 0.34444444431818183 0.38125 0.34583333295454544 0.3828125 0.34027777727272723 0.39140625 0.34444444431818183 0.4046875 0.34166666704545456 0.40703125 0.34722222272727277 0.41484375 0.3486111113636364 0.421875 0.3555555556818182 0.43359375 0.3763888886363636 0.4328125 0.38611111136363635 0.43515625 0.3888888886363636 0.4390625 0.36527777727272726 0.4375 0.3541666670454546 0.44765625 0.34444444431818183 0.44765625 0.3194444443181818 0.44140625 0.31527777727272727 0.4375 0.3069444443181818 0.43515625 0.2847222227272727 0.42890625 0.2652777772727273 0.40859375 0.25972222272727274 0.40453125 0.25972222272727274 0.38828125 0.25972222272727274 0.38203125 0.2680555556818182 0.365625 0.3194444443181818 0.36328125 0.34444444431818183
2 0.62578125 0.3055555556818182 0.63828125 0.3208333329545454 0.64140625 0.34166666704545456 0.6453125 0.35 0.64453125 0.37222222272727273 0.646875 0.38472222272727274 0.6515625 0.3902777772727272 0.6859375 0.39722222272727276 0.69921875 0.40833333295454544 0.70234375 0.40694444431818183 0.70703125 0.3902777772727272 0.7078125 0.3736111113636364 0.703125 0.34027777727272723 0.7046875 0.32222222272727274 0.6953125 0.2930555556818182 0.69609375 0.28888888863636364 0.68125 0.26111111136363635 0.6703125 0.24861111136363637 0.64765625 0.24027777727272728 0.64609375 0.24027777727272728 0.63359375 0.24722222272727273 0.62421875 0.27361111136363636 0.62265625 0.28888888863636364 0.62578125 0.3055555556818182
2 0.52578125 0.24166666704545453 0.53046875 0.2513888886363636 0.5390625 0.28888888863636364 0.57421875 0.2930555556818182 0.5671875 0.28888888863636364 0.56796875 0.2791666670454545 0.57265625 0.27361111136363636 0.57890625 0.275 0.57734375 0.2513888886363636 0.58125 0.25 0.5828125 0.24444444431818182 0.57578125 0.2375 0.56796875 0.20138888863636362 0.5609375 0.1944444443181818 0.5421875 0.19027777727272727 0.53671875 0.19027777727272727 0.5265625 0.1944444443181818 0.51875 0.2152777772727273 0.515625 0.23333333295454547 0.52578125 0.24166666704545453
2 0.40078125 0.23333333295454547 0.41015625 0.22777777727272727 0.44609375 0.23333333295454547 0.446875 0.20833333295454545 0.43828125 0.18888888863636363 0.40859375 0.18333333295454546 0.4078125 0.18194444431818182 0.40234375 0.1875 0.3953125 0.20972222272727273 0.3953125 0.22083333295454546 0.40078125 0.23333333295454547
2 0.34921875 0.19305555568181818 0.35625 0.20138888863636362 0.35859375 0.2194444443181818 0.36328125 0.23055555568181818 0.36796875 0.23472222272727272 0.3796875 0.23333333295454547 0.3859375 0.22361111136363637 0.3875 0.16805555568181818 0.3796875 0.14444444431818182 0.35234375 0.13888888863636364 0.3515625 0.13888888863636364 0.34140625 0.14444444431818182 0.33671875 0.1527777772727273 0.32734375 0.18888888863636363 0.34921875 0.19305555568181818
2 0.34375 0.2555555556818182 0.3484375 0.2555555556818182 0.35625 0.24722222272727273 0.3546875 0.2375 0.36015625 0.22916666704545455 0.35546875 0.21666666704545454 0.35625 0.2055555556818182 0.35234375 0.19583333295454547 0.31484375 0.19166666704545454 0.31328125 0.19166666704545454 0.30703125 0.19583333295454547 0.3046875 0.20277777727272728 0.33515625 0.2180555556818182 0.34375 0.2555555556818182
2 0.4296875 0.2652777772727273 0.43515625 0.28194444431818183 0.4390625 0.31666666704545454 0.44375 0.32361111136363635 0.44453125 0.3305555556818182 0.43984375 0.3375 0.440625 0.34166666704545456 0.44609375 0.34722222272727277 0.4515625 0.32361111136363635 0.4515625 0.3055555556818182 0.4578125 0.27361111136363636 0.4453125 0.23333333295454547 0.42421875 0.22916666704545455 0.4201171875 0.22916666704545455 0.40078125 0.23055555568181818 0.38984375 0.25833333295454547 0.41796875 0.25972222272727274 0.4296875 0.2652777772727273
2 0.5796875 0.18888888863636363 0.58203125 0.19166666704545454 0.5765625 0.19583333295454547 0.5765625 0.2055555556818182 0.58125 0.2111111113636364 0.58125 0.22916666704545455 0.584375 0.23888888863636362 0.58359375 0.25833333295454547 0.59140625 0.2680555556818182 0.6015625 0.2722222227272727 0.61796875 0.2680555556818182 0.62265625 0.2722222227272727 0.63203125 0.25 0.6328125 0.2194444443181818 0.63515625 0.2125 0.62578125 0.17916666704545453 0.6125 0.17638888863636362 0.609375 0.16666666704545455 0.6046875 0.1694444443181818 0.59921875 0.1569444443181818 0.5984375 0.1569444443181818 0.58515625 0.1638888886363636 0.5859375 0.16805555568181818 0.58046875 0.175 0.5796875 0.18888888863636363
2 0.52890625 0.19027777727272727 0.53984375 0.18888888863636363 0.56484375 0.19861111136363638 0.56328125 0.18472222272727273 0.55703125 0.16666666704545455 0.53984375 0.1569444443181818 0.5356773443181818 0.1569444443181818 0.525 0.15833333295454546 0.51640625 0.175 0.515625 0.22083333295454546 0.52890625 0.19027777727272727
2 0.49609375 0.15416666704545454 0.49609375 0.18472222272727273 0.5015625 0.18888888863636363 0.51484375 0.18472222272727273 0.5234375 0.15833333295454546 0.540625 0.1555555556818182 0.54140625 0.14722222272727273 0.53671875 0.13055555568181818 0.53203125 0.12361111136363637 0.52265625 0.12083333295454544 0.51875 0.12083333295454544 0.50390625 0.12361111136363637 0.4984375 0.14444444431818182 0.49296875 0.15 0.49609375 0.15416666704545454
2 0.40390625 0.1805555556818182 0.43515625 0.18611111136363637 0.44453125 0.19722222272727272 0.4453125 0.2055555556818182 0.4484375 0.20972222272727273 0.44609375 0.21388888863636363 0.44921875 0.2125 0.45078125 0.17222222272727272 0.4453125 0.1430555556818182 0.42265625 0.13888888863636364 0.418359375 0.13888888863636364 0.4140625 0.13888888863636364 0.40859375 0.14722222272727273 0.4046875 0.16111111136363637 0.40390625 0.1805555556818182
2 0.446875 0.14444444431818182 0.4515625 0.175 0.45078125 0.2055555556818182 0.453125 0.2055555556818182 0.459375 0.18888888863636363 0.459375 0.1597222227272727 0.45703125 0.15416666704545454 0.45625 0.13611111136363635 0.453125 0.125 0.43984375 0.11944444431818181 0.4359375 0.11944444431818181 0.42421875 0.12222222272727272 0.4203125 0.13611111136363635 0.4390625 0.1375 0.446875 0.14444444431818182
2 0.4890625 0.1638888886363636 0.49375 0.1638888886363636 0.5 0.1319444443181818 0.50390625 0.12361111136363637 0.525 0.11944444431818181 0.521875 0.1055555556818182 0.50546875 0.1 0.49921875 0.1 0.484375 0.12222222272727272 0.48671875 0.12638888863636363 0.4859375 0.14444444431818182 0.4890625 0.1638888886363636
2 0.56796875 0.15 0.56328125 0.1569444443181818 0.5640625 0.16527777727272727 0.5703125 0.17222222272727272 0.578125 0.17083333295454547 0.56953125 0.16111111136363637 0.578125 0.1597222227272727 0.57265625 0.15833333295454546 0.57578125 0.15138888863636363 0.58125 0.1486111113636364 0.58515625 0.15833333295454546 0.590625 0.15138888863636363 0.5984375 0.15138888863636363 0.6015625 0.14722222272727273 0.6 0.11944444431818181 0.59609375 0.1125 0.5859375 0.11111111136363636 0.58203125 0.11111111136363636 0.56640625 0.11111111136363636 0.5609375 0.11805555568181819 0.5609375 0.1430555556818182 0.56796875 0.15
2 0.4734375 0.28055555568181817 0.534375 0.28888888863636364 0.53359375 0.2708333329545455 0.525 0.2430555556818182 0.50859375 0.23333333295454547 0.49140625 0.23333333295454547 0.490625 0.2319444443181818 0.4859375 0.23333333295454547 0.48125 0.24444444431818182 0.47265625 0.2708333329545455 0.4734375 0.28055555568181817
2 0.390625 0.17083333295454547 0.39375 0.14722222272727273 0.3921875 0.12638888863636363 0.38515625 0.1125 0.36640625 0.10694444431818181 0.365625 0.1055555556818182 0.353125 0.12222222272727272 0.353125 0.13611111136363635 0.3796875 0.1430555556818182 0.390625 0.17083333295454547
2 0.4296875 0.11805555568181819 0.45078125 0.12222222272727272 0.45625 0.13055555568181818 0.459375 0.1569444443181818 0.46640625 0.1569444443181818 0.4703125 0.14583333295454545 0.4734375 0.1555555556818182 0.475 0.09583333295454545 0.4671875 0.07777777727272728 0.45703125 0.07222222272727273 0.45234375 0.07222222272727273 0.4453125 0.07361111136363636 0.43515625 0.08611111136363636 0.4296875 0.1055555556818182 0.4296875 0.11805555568181819
2 0.4140625 0.1 0.41796875 0.10277777727272727 0.4203125 0.09166666704545455 0.41484375 0.05694444431818182 0.40234375 0.05555555568181818 0.3984375 0.05555555568181818 0.39140625 0.06388888863636363 0.38828125 0.07777777727272728 0.40703125 0.0819444443181818 0.4140625 0.1
2 0.39375 0.13611111136363635 0.40390625 0.12916666704545454 0.40625 0.12083333295454544 0.403125 0.09444444431818182 0.40078125 0.08888888863636364 0.38828125 0.08611111136363636 0.38203125 0.08611111136363636 0.37421875 0.09305555568181818 0.371875 0.1055555556818182 0.38671875 0.11388888863636364 0.39375 0.13611111136363635
4 0.45078125 0 0.4453125 0.018055555681818183 0.44609375 0.06111111136363636 0.4671875 0.05555555568181818 0.471875 0.05833333295454546 0.47890625 0.075 0.48203125 0.075 0.48828125 0.05277777727272727 0.48515625 0.0375 0.48828125 0.016666667045454546 0.4875 0 0.4834203125 0 0.45078125 0