3 0.4426136363636364 0.9477272727272728 0.0625 0.10454545454545454
3 0.12613636363636363 0.4198863636363636 0.040340909090909094 0.1159090909090909
3 0.8443181818181819 0.9210227272727273 0.075 0.15568181818181817
2 0.6267045454545455 0.5982954545454545 0.16818181818181818 0.3664772727272727
3 0.928409090909091 0.9431818181818182 0.07386363636363637 0.11363636363636363
3 0.17272727272727273 0.8119318181818181 0.05909090909090909 0.20397727272727273
3 0.36079545454545453 0.013636363636363636 0.010227272727272727 0.02727272727272727
3 0.7073863636363636 0.571590909090909 0.03636363636363636 0.13636363636363635
6 0.3386363636363636 0.5278409090909091 0.16363636363636364 0.4369318181818182
3 0.7522727272727273 0.6857954545454545 0.05056818181818182 0.125
3 0.5494318181818182 0.9727272727272728 0.08295454545454546 0.05454545454545454
3 0.32840909090909093 0.11363636363636363 0.015909090909090907 0.08636363636363636
3 0.19261363636363638 0.915340909090909 0.0715909090909091 0.16761363636363635
3 0.08977272727272727 0.4460227272727273 0.040340909090909094 0.06875
3 0.2159090909090909 0.6681818181818182 0.060227272727272727 0.18636363636363637
3 0.71875 0.9636363636363636 0.075 0.07045454545454545
2 0.20511363636363636 0.4198863636363636 0.12045454545454545 0.2159090909090909
3 0.43579545454545454 0.019886363636363636 0.013636363636363636 0.03806818181818182
2 0.5767045454545454 0.40738636363636366 0.13011363636363638 0.2778409090909091
2 0.42329545454545453 0.3164772727272727 0.11420454545454546 0.20397727272727273
3 0.6176136363636363 0.8744318181818181 0.044886363636363634 0.10625