3 0.225 0.5636363636363636 0.05056818181818182 0.1409090909090909
3 0.021022727272727273 0.7448863636363636 0.042045454545454546 0.19545454545454546
2 0.4818181818181818 0.6357954545454545 0.1534090909090909 0.38636363636363635
3 0.28011363636363634 0.4914772727272727 0.033522727272727273 0.13522727272727272
3 0.7801136363636364 0.6403409090909091 0.03977272727272727 0.17670454545454545
2 0.6607954545454545 0.5994318181818182 0.1625 0.3528409090909091
3 0.3215909090909091 0.2028409090909091 0.03125 0.11136363636363636
2 0.20681818181818182 0.35113636363636364 0.11704545454545455 0.22329545454545455
2 0.26193181818181815 0.8732954545454545 0.20795454545454545 0.25170454545454546
2 0.4113636363636364 0.36363636363636365 0.11363636363636363 0.21647727272727274
3 0.35 0.6011363636363637 0.05 0.13125
2 0.2539772727272727 0.21988636363636363 0.0875 0.14886363636363636
3 0.5164772727272727 0.4278409090909091 0.04090909090909091 0.14431818181818182
3 0.7352272727272727 0.33352272727272725 0.026136363636363635 0.09375