3 0.8625 0.7227272727272728 0.05625 0.17670454545454545
3 0.8272727272727273 0.9039772727272727 0.07556818181818181 0.18977272727272726
3 0.17386363636363636 0.9107954545454545 0.06647727272727273 0.175
3 0.5926136363636364 0.13863636363636364 0.017613636363636363 0.048295454545454544
2 0.5488636363636363 0.66875 0.1784090909090909 0.39829545454545456
2 0.31363636363636366 0.7931818181818182 0.20113636363636364 0.4102272727272727
3 0.5744318181818182 0.23863636363636365 0.022727272727272728 0.06136363636363636
3 0.5392045454545454 0.10738636363636364 0.014204545454545454 0.033522727272727273
3 0.46761363636363634 0.9625 0.09545454545454546 0.075
2 0.10397727272727272 0.5539772727272727 0.15284090909090908 0.26193181818181815
3 0.7960227272727273 0.5585227272727272 0.05 0.13636363636363635
3 0.6522727272727272 0.46988636363636366 0.035227272727272725 0.11761363636363636
3 0.07954545454545454 0.26193181818181815 0.026704545454545453 0.09431818181818181
2 0.5335227272727273 0.34147727272727274 0.11306818181818182 0.20738636363636365
3 0.6880681818181819 0.7164772727272727 0.06136363636363636 0.18863636363636363
2 0.5880681818181818 0.4960227272727273 0.12670454545454546 0.23352272727272727
3 0.5079545454545454 0.04943181818181818 0.013068181818181817 0.028977272727272727
2 0.6454545454545455 0.9136363636363637 0.2159090909090909 0.17102272727272727
3 0.3534090909090909 0.06875 0.015909090909090907 0.051704545454545454
3 0.7522727272727273 0.7636363636363637 0.06306818181818181 0.14545454545454545
3 0.17556818181818182 0.058522727272727275 0.014204545454545454 0.03806818181818182
3 0.3710227272727273 0.01534090909090909 0.013636363636363636 0.028977272727272727
3 0.30568181818181817 0.49318181818181817 0.035227272727272725 0.12102272727272727
2 0.15397727272727274 0.37329545454545454 0.1380681818181818 0.26875
2 0.07670454545454546 0.12443181818181819 0.06761363636363636 0.08806818181818182
3 0.6920454545454545 0.51875 0.05909090909090909 0.11136363636363636
3 0.22329545454545455 0.6056818181818182 0.0659090909090909 0.09829545454545455
3 0.7397727272727272 0.8744318181818181 0.05 0.17670454545454545
3 0.24147727272727273 0.48125 0.035227272727272725 0.08238636363636363
3 0.2943181818181818 0.5107954545454545 0.05227272727272727 0.15454545454545454
4 0.3520833329545454 0.35648148181818184 0.35729166704545456 0.34537037045454544 0.359375 0.33518518522727275 0.359375 0.31574074090909093 0.3671875 0.2916666670454546 0.415625 0.27685185227272724 0.4302083329545454 0.27407407386363636 0.434375 0.27685185227272724 0.43541666704545456 0.2814814818181818 0.4375 0.27685185227272724 0.44114583295454546 0.27962962954545456 0.44114583295454546 0.2861111113636364 0.4458333329545454 0.2916666670454546 0.44895833295454546 0.3138888886363636 0.45625 0.3212962965909091 0.4609375 0.24166666704545453 0.4583333329545454 0.19814814772727274 0.4609375 0.1814814818181818 0.4557291670454546 0.14722222272727273 0.44635416704545455 0.11481481477272727 0.43385416704545454 0.09166666704545455 0.4088541670454546 0.0629629625 0.396875 0.05740740795454545 0.3932291670454546 0.0712962965909091 0.3671875 0.0907407409090909 0.3515625 0.11388888863636364 0.3463541670454546 0.13333333295454544 0.34479166704545455 0.1657407409090909 0.33958333295454546 0.18240740795454546 0.34166666704545456 0.325 0.34375 0.3425925920454545 0.34739583295454546 0.3537037034090909 0.3520833329545454 0.35648148181818184