2 0.09545454545454546 0.8119318181818181 0.19090909090909092 0.3704545454545455
3 0.8573863636363637 0.6227272727272727 0.04318181818181818 0.14545454545454545
3 0.7375 0.6528409090909091 0.05113636363636364 0.13693181818181818
3 0.23068181818181818 0.9573863636363636 0.11420454545454546 0.08352272727272728
2 0.425 0.45397727272727273 0.1380681818181818 0.2840909090909091
3 0.803409090909091 0.8414772727272727 0.05056818181818182 0.19602272727272727
2 0.32045454545454544 0.6511363636363636 0.17272727272727273 0.375
3 0.1806818181818182 0.1431818181818182 0.020454545454545454 0.05625
3 0.05056818181818182 0.2903409090909091 0.030113636363636363 0.09375
2 0.60625 0.5511363636363636 0.16818181818181818 0.3664772727272727
3 0.8625 0.9352272727272727 0.09659090909090909 0.12954545454545455
2 0.11931818181818182 0.5039772727272728 0.16079545454545455 0.2988636363636364
2 0.21931818181818183 0.2761363636363636 0.0971590909090909 0.15454545454545454
2 0.39147727272727273 0.32897727272727273 0.09772727272727273 0.20852272727272728
3 0.6943181818181818 0.5744318181818182 0.03806818181818182 0.13068181818181818
2 0.5636363636363636 0.32897727272727273 0.12272727272727273 0.26022727272727275
3 0.3619318181818182 0.977840909090909 0.07954545454545454 0.04431818181818182
3 0.5710227272727273 0.8744318181818181 0.07272727272727272 0.24375
3 0.7892045454545454 0.6011363636363637 0.04147727272727273 0.13636363636363635
3 0.6647727272727273 0.9090909090909091 0.061931818181818185 0.18125
3 0.5193181818181818 0.036931818181818184 0.013636363636363636 0.051704545454545454
3 0.08806818181818182 0.19829545454545455 0.020454545454545454 0.048295454545454544
2 0.38920454545454547 0.2028409090909091 0.08238636363636363 0.20170454545454544
2 0.51875 0.15284090909090908 0.06420454545454546 0.13863636363636364
3 0.3164772727272727 0.41875 0.03579545454545455 0.08863636363636364
2 0.22443181818181818 0.37272727272727274 0.09602272727272727 0.20625
3 0.7511363636363636 0.46193181818181817 0.03977272727272727 0.1
3 0.5636363636363636 0.9210227272727273 0.05738636363636364 0.15397727272727274