3 0.6386363636363637 0.3073863636363636 0.019318181818181818 0.06534090909090909
3 0.9005681818181818 0.6897727272727273 0.06818181818181818 0.15113636363636362
3 0.8130681818181819 0.8005681818181818 0.06306818181818181 0.17102272727272727
2 0.12443181818181819 0.6852272727272727 0.18806818181818183 0.3125
3 0.9079545454545455 0.8994318181818182 0.06818181818181818 0.19602272727272727
2 0.7125 0.8284090909090909 0.23295454545454544 0.3375
2 0.3875 0.7130681818181818 0.19375 0.4011363636363636
3 0.3346590909090909 0.4102272727272727 0.036931818181818184 0.10397727272727272
3 0.5142045454545454 0.8164772727272728 0.061931818181818185 0.19147727272727272
3 0.03295454545454545 0.9431818181818182 0.0659090909090909 0.11136363636363636
6 0.25681818181818183 0.36477272727272725 0.15625 0.35397727272727275
3 0.8505681818181818 0.9431818181818182 0.05454545454545454 0.11363636363636363
2 0.4056818181818182 0.46193181818181817 0.13693181818181818 0.3039772727272727
2 0.5982954545454545 0.48522727272727273 0.10909090909090909 0.19886363636363635
2 0.6568181818181819 0.6289772727272728 0.15568181818181817 0.2778409090909091
3 0.6744318181818182 0.4090909090909091 0.03068181818181818 0.08181818181818182
3 0.5068181818181818 0.6244318181818181 0.045454545454545456 0.13465909090909092
3 0.6017045454545454 0.18693181818181817 0.016477272727272726 0.04318181818181818
3 0.9761363636363637 0.9005681818181818 0.04602272727272727 0.19318181818181818
2 0.5693181818181818 0.33693181818181817 0.09943181818181818 0.2318181818181818
2 0.4318181818181818 0.2556818181818182 0.08693181818181818 0.13863636363636364
3 0.3795454545454545 0.9380681818181819 0.08806818181818182 0.12102272727272727
3 0.46079545454545456 0.977840909090909 0.07556818181818181 0.04431818181818182
3 0.5482954545454546 0.7272727272727273 0.03125 0.15113636363636362
3 0.24261363636363636 0.04943181818181818 0.013068181818181817 0.03465909090909091