2 0.11704545454545455 0.8369318181818182 0.2340909090909091 0.32045454545454544
3 0.26534090909090907 0.6539772727272727 0.05738636363636364 0.1693181818181818
2 0.14375 0.5181818181818182 0.1494318181818182 0.29375
3 0.7681818181818182 0.63125 0.04715909090909091 0.15454545454545454
3 0.5840909090909091 0.2681818181818182 0.022727272727272728 0.07897727272727273
2 0.38636363636363635 0.5931818181818181 0.16704545454545455 0.3659090909090909
3 0.7215909090909091 0.9215909090909091 0.07102272727272728 0.15454545454545454
2 0.5823863636363636 0.44829545454545455 0.12215909090909091 0.2278409090909091
3 0.7136363636363636 0.48125 0.04715909090909091 0.07329545454545454
3 0.825 0.9585227272727272 0.08125 0.08238636363636363
2 0.6551136363636364 0.6085227272727273 0.17272727272727273 0.3085227272727273
3 0.6034090909090909 0.9306818181818182 0.07045454545454545 0.13863636363636364
3 0.4034090909090909 0.34602272727272726 0.03125 0.09431818181818181
3 0.50625 0.10397727272727272 0.017045454545454544 0.048863636363636366
2 0.31420454545454546 0.3619318181818182 0.12045454545454545 0.21875
3 0.3755681818181818 0.9261363636363636 0.07443181818181818 0.14545454545454545
2 0.4414772727272727 0.4278409090909091 0.10340909090909091 0.19602272727272727
3 0.375 0.06534090909090909 0.014772727272727272 0.04715909090909091
2 0.2028409090909091 0.36363636363636365 0.09602272727272727 0.17784090909090908
2 0.4909090909090909 0.2539772727272727 0.08920454545454545 0.1471590909090909
3 0.28238636363636366 0.9369318181818181 0.07102272727272728 0.12386363636363637
3 0.44886363636363635 0.19943181818181818 0.022727272727272728 0.058522727272727275
3 0.6931818181818182 0.7857954545454545 0.10397727272727272 0.17897727272727273