2 0.08238636363636363 0.8039772727272727 0.16477272727272727 0.3835227272727273
3 0.17556818181818182 0.6119318181818182 0.04772727272727273 0.1403409090909091
2 0.7676136363636363 0.48522727272727273 0.13977272727272727 0.25113636363636366
4 0.25681818181818183 0.7914772727272728 0.48295454545454547 0.4113636363636364
2 0.24204545454545454 0.4403409090909091 0.11420454545454546 0.2056818181818182
3 0.5301136363636364 0.7431818181818182 0.05227272727272727 0.16136363636363638
2 0.6232954545454545 0.5323863636363636 0.12897727272727272 0.24034090909090908
2 0.35113636363636364 0.5494318181818182 0.15397727272727274 0.20681818181818182
2 0.4198863636363636 0.3664772727272727 0.09772727272727273 0.21647727272727274
2 0.3181818181818182 0.2318181818181818 0.09829545454545455 0.24147727272727273
3 0.5772727272727273 0.2681818181818182 0.017045454545454544 0.06136363636363636
2 0.5414772727272728 0.3034090909090909 0.07329545454545454 0.15113636363636362
3 0.5676136363636364 0.17784090909090908 0.021022727272727273 0.06931818181818182
3 0.6113636363636363 0.3159090909090909 0.024431818181818183 0.07386363636363637
2 0.4431818181818182 0.20852272727272728 0.06818181818181818 0.14147727272727273
3 0.04943181818181818 0.4102272727272727 0.03125 0.14602272727272728
3 0.6011363636363637 0.38693181818181815 0.035227272727272725 0.05397727272727273
3 0.27329545454545456 0.02556818181818182 0.010795454545454546 0.04318181818181818
3 0.34204545454545454 0.08693181818181818 0.010795454545454546 0.05965909090909091