2 0.07670454545454546 0.8039772727272727 0.1534090909090909 0.3835227272727273
3 0.7113636363636363 0.5153409090909091 0.031818181818181815 0.1
3 0.7494318181818181 0.48068181818181815 0.035227272727272725 0.07784090909090909
3 0.8056818181818182 0.4431818181818182 0.03806818181818182 0.09431818181818181
3 0.6261363636363636 0.15056818181818182 0.021022727272727273 0.048863636363636366
2 0.2784090909090909 0.8289772727272727 0.23977272727272728 0.3386363636363636
3 0.44545454545454544 0.9090909090909091 0.05909090909090909 0.18181818181818182
3 0.5897727272727272 0.3068181818181818 0.023295454545454546 0.07215909090909091
3 0.6289772727272728 0.3431818181818182 0.023295454545454546 0.08352272727272728
2 0.1693181818181818 0.6056818181818182 0.17329545454545456 0.33636363636363636
2 0.94375 0.8443181818181819 0.1125 0.30568181818181817
2 0.33181818181818185 0.6056818181818182 0.16193181818181818 0.26136363636363635
3 0.32954545454545453 0.42102272727272727 0.03125 0.1028409090909091
2 0.8244318181818182 0.6034090909090909 0.18295454545454545 0.24886363636363637
2 0.5556818181818182 0.897159090909091 0.19204545454545455 0.2
3 0.6772727272727272 0.16818181818181818 0.03920454545454546 0.04147727272727273
2 0.5318181818181819 0.6039772727272728 0.15170454545454545 0.3085227272727273
3 0.8619318181818182 0.9568181818181818 0.08693181818181818 0.08352272727272728
3 0.2846590909090909 0.10056818181818182 0.014772727272727272 0.05113636363636364
2 0.24943181818181817 0.43522727272727274 0.12670454545454546 0.2318181818181818
3 0.5943181818181819 0.5096590909090909 0.029545454545454545 0.11363636363636363
2 0.5232954545454546 0.3085227272727273 0.09829545454545455 0.21647727272727274
2 0.39375 0.4556818181818182 0.1125 0.23352272727272727