2 0.5380681818181818 0.8369318181818182 0.21420454545454545 0.3210227272727273
3 0.3 0.8943181818181818 0.07045454545454545 0.20852272727272728
2 0.20227272727272727 0.6403409090909091 0.1715909090909091 0.30568181818181817
2 0.7352272727272727 0.48806818181818185 0.1215909090909091 0.22613636363636364
2 0.522159090909091 0.4914772727272727 0.12272727272727273 0.21931818181818183
2 0.2761363636363636 0.4380681818181818 0.11818181818181818 0.19318181818181818
2 0.06363636363636363 0.9147727272727273 0.12727272727272726 0.1653409090909091
2 0.31477272727272726 0.30568181818181817 0.09545454545454546 0.16647727272727272
2 0.44829545454545455 0.3085227272727273 0.08579545454545455 0.175
2 0.6232954545454545 0.35568181818181815 0.09431818181818181 0.16363636363636364
3 0.5681818181818182 0.41306818181818183 0.03125 0.09318181818181819
3 0.3125 0.028977272727272727 0.0125 0.033522727272727273
3 0.4119318181818182 0.20227272727272727 0.019318181818181818 0.05965909090909091