3 0.7079545454545455 0.31079545454545454 0.028409090909090908 0.08806818181818182
2 0.07670454545454546 0.8482954545454545 0.1534090909090909 0.30170454545454545
2 0.6625 0.6164772727272727 0.18181818181818182 0.32045454545454544
2 0.2943181818181818 0.665340909090909 0.18238636363636362 0.42329545454545453
2 0.1 0.6369318181818182 0.16875 0.31136363636363634
3 0.8545454545454545 0.9323863636363636 0.07215909090909091 0.13522727272727272
2 0.49375 0.6465909090909091 0.17272727272727273 0.375
3 0.00909090909090909 0.22613636363636364 0.01818181818181818 0.05738636363636364
3 0.79375 0.8107954545454545 0.0625 0.18409090909090908
3 0.1471590909090909 0.14602272727272728 0.019886363636363636 0.05
3 0.10170454545454545 0.15397727272727274 0.016477272727272726 0.06363636363636363
2 0.2034090909090909 0.31363636363636366 0.09659090909090909 0.16193181818181818
3 0.5460227272727273 0.5164772727272727 0.038636363636363635 0.11477272727272728
2 0.1806818181818182 0.44829545454545455 0.1215909090909091 0.23522727272727273
3 0.8977272727272727 0.9448863636363637 0.07840909090909091 0.11022727272727273
3 0.22045454545454546 0.5607954545454545 0.04659090909090909 0.12102272727272727
2 0.36420454545454545 0.38579545454545455 0.1278409090909091 0.22897727272727272
2 0.40625 0.30113636363636365 0.0875 0.18522727272727274
2 0.06875 0.26193181818181815 0.08920454545454545 0.12215909090909091
3 0.709659090909091 0.9073863636363636 0.07329545454545454 0.18522727272727274
3 0.7125 0.9602272727272727 0.06363636363636363 0.07954545454545454