3 0.5431818181818182 0.7545454545454545 0.5477272727272727 0.7761363636363636 0.5511363636363636 0.7795454545454545 0.5590909090909091 0.7806818181818181 0.5613636363636364 0.7840909090909091 0.5613636363636364 0.7965909090909091 0.5568181818181818 0.8090909090909091 0.5488636363636363 0.8159090909090909 0.5488636363636363 0.8352272727272727 0.5443181818181818 0.8465909090909091 0.5431818181818182 0.8772727272727273 0.5397727272727273 0.8863636363636364 0.5272727272727272 0.8829545454545454 0.525 0.8784090909090909 0.525 0.8647727272727272 0.5284090909090909 0.8579545454545454 0.5284090909090909 0.8488636363636364 0.525 0.8454545454545455 0.525 0.8375 0.5284090909090909 0.8238636363636364 0.5306818181818181 0.7897727272727273 0.5352272727272728 0.7715909090909091 0.5352272727272728 0.7556818181818182 0.5420454545454545 0.7545454545454545
3 0.4056818181818182 0.19147727272727272 0.014772727272727272 0.02784090909090909
3 0.6647727272727273 0.29772727272727273 0.6693181818181818 0.31477272727272726 0.6613636363636364 0.33295454545454545 0.6613636363636364 0.34545454545454546 0.6568181818181819 0.3659090909090909 0.65 0.3568181818181818 0.6477272727272727 0.3340909090909091 0.65 0.31477272727272726 0.6545454545454545 0.30113636363636365 0.6602272727272728 0.29545454545454547 0.6636363636363637 0.29772727272727273
3 0.6590909090909091 0.2545454545454545 0.6647727272727273 0.26477272727272727 0.6647727272727273 0.3 0.6681818181818182 0.3079545454545455 0.6681818181818182 0.3159090909090909 0.6613636363636364 0.32954545454545453 0.6613636363636364 0.3443181818181818 0.6590909090909091 0.3477272727272727 0.6590909090909091 0.35909090909090907 0.6568181818181819 0.36477272727272725 0.6534090909090909 0.36363636363636365 0.6534090909090909 0.35909090909090907 0.65 0.35454545454545455 0.6477272727272727 0.3352272727272727 0.65 0.31477272727272726 0.6534090909090909 0.3068181818181818 0.6488636363636363 0.2943181818181818 0.65 0.2761363636363636 0.6556818181818181 0.2556818181818182 0.6579545454545455 0.2545454545454545
3 0.5954545454545455 0.17386363636363636 0.6045454545454545 0.1806818181818182 0.6034090909090909 0.21477272727272728 0.6 0.21931818181818183 0.5977272727272728 0.21931818181818183 0.5920454545454545 0.2034090909090909 0.5920454545454545 0.1784090909090909 0.5954545454545455 0.175
3 0.7829545454545455 0.6113636363636363 0.7863636363636364 0.615909090909091 0.7875 0.6261363636363636 0.7863636363636364 0.6602272727272728 0.7761363636363636 0.6772727272727272 0.7715909090909091 0.6761363636363636 0.7727272727272727 0.6647727272727273 0.7681818181818182 0.6511363636363636 0.759090909090909 0.6443181818181818 0.7488636363636364 0.6477272727272727 0.7477272727272727 0.6329545454545454 0.7431818181818182 0.6227272727272727 0.7568181818181818 0.6227272727272727 0.759090909090909 0.6204545454545455 0.7704545454545455 0.6227272727272727 0.7829545454545455 0.6125
3 0.615909090909091 0.21818181818181817 0.6227272727272727 0.2159090909090909 0.6272727272727273 0.22045454545454546 0.6272727272727273 0.25795454545454544 0.6227272727272727 0.275 0.6125 0.26590909090909093 0.6125 0.23068181818181818 0.615909090909091 0.21931818181818183
3 0.6284090909090909 0.24659090909090908 0.6420454545454546 0.24772727272727274 0.6420454545454546 0.2818181818181818 0.6443181818181818 0.2863636363636364 0.6420454545454546 0.3 0.6375 0.30227272727272725 0.6306818181818182 0.3 0.6261363636363636 0.2772727272727273 0.6284090909090909 0.24772727272727274
3 0.6 0.2215909090909091 0.6034090909090909 0.22272727272727272 0.6068181818181818 0.22840909090909092 0.6045454545454545 0.24659090909090908 0.5988636363636364 0.24545454545454545 0.5954545454545455 0.2409090909090909 0.5943181818181819 0.23068181818181818 0.5954545454545455 0.225 0.5988636363636364 0.2215909090909091
3 0.7704545454545455 0.6806818181818182 0.7738636363636363 0.6806818181818182 0.7829545454545455 0.6954545454545454 0.7875 0.6954545454545454 0.7954545454545454 0.6909090909090909 0.8 0.6920454545454545 0.803409090909091 0.6897727272727273 0.8045454545454546 0.6852272727272727 0.803409090909091 0.6897727272727273 0.8068181818181818 0.696590909090909 0.8045454545454546 0.6988636363636364 0.8045454545454546 0.7034090909090909 0.7988636363636363 0.7056818181818182 0.7988636363636363 0.7113636363636363 0.8022727272727272 0.7193181818181819 0.8090909090909091 0.725 0.8125 0.7522727272727273 0.8170454545454545 0.7681818181818182 0.8159090909090909 0.7761363636363636 0.8113636363636364 0.7795454545454545 0.7954545454545454 0.7795454545454545 0.7840909090909091 0.7772727272727272 0.7806818181818181 0.7738636363636363 0.7772727272727272 0.775 0.7784090909090909 0.7784090909090909 0.775 0.7784090909090909 0.7715909090909091 0.7579545454545454 0.7681818181818182 0.7522727272727273 0.7681818181818182 0.7340909090909091 0.7659090909090909 0.7318181818181818 0.7681818181818182 0.7204545454545455 0.7659090909090909 0.7090909090909091 0.7693181818181818 0.696590909090909 0.7681818181818182 0.6840909090909091 0.7704545454545455 0.6818181818181818
3 0.6613636363636364 0.47045454545454546 0.6727272727272727 0.4738636363636364 0.6738636363636363 0.4772727272727273 0.6795454545454546 0.48068181818181815 0.675 0.49772727272727274 0.6772727272727272 0.5443181818181818 0.675 0.5465909090909091 0.6613636363636364 0.5454545454545454 0.6579545454545455 0.5375 0.6590909090909091 0.5 0.6556818181818181 0.4772727272727273 0.6602272727272728 0.4715909090909091
3 0.775 0.5602272727272727 0.7795454545454545 0.5636363636363636 0.7886363636363637 0.5636363636363636 0.7897727272727273 0.5613636363636364 0.7931818181818182 0.5704545454545454 0.7909090909090909 0.6022727272727273 0.7886363636363637 0.6045454545454545 0.7818181818181819 0.6 0.775 0.5852272727272727 0.775 0.5613636363636364
3 0.7693181818181818 0.5397727272727273 0.775 0.5431818181818182 0.7840909090909091 0.5431818181818182 0.7920454545454545 0.5488636363636363 0.7931818181818182 0.5761363636363637 0.7897727272727273 0.5829545454545455 0.7897727272727273 0.5943181818181819 0.7863636363636364 0.6 0.7829545454545455 0.5965909090909091 0.7829545454545455 0.5909090909090909 0.7795454545454545 0.5886363636363636 0.7818181818181819 0.5806818181818182 0.7784090909090909 0.5795454545454546 0.7761363636363636 0.5818181818181818 0.775 0.5784090909090909 0.7761363636363636 0.5670454545454545 0.7715909090909091 0.553409090909091 0.7659090909090909 0.5465909090909091 0.759090909090909 0.5488636363636363 0.7579545454545454 0.5568181818181818 0.7556818181818182 0.553409090909091 0.7556818181818182 0.5329545454545455 0.7534090909090909 0.525 0.759090909090909 0.5227272727272727 0.7636363636363637 0.5375 0.7681818181818182 0.5397727272727273
3 0.30454545454545456 0 0.3159090909090909 0 0.31363636363636366 0.007954545454545454 0.30568181818181817 0.007954545454545454 0.3034090909090909 0.004545454545454545 0.30454545454545456 0.0011363636363636363
3 0.5704545454545454 0.11136363636363636 0.5784090909090909 0.1125 0.5806818181818182 0.1159090909090909 0.5852272727272727 0.11704545454545455 0.5886363636363636 0.13522727272727272 0.5886363636363636 0.1590909090909091 0.5852272727272727 0.1625 0.5806818181818182 0.1625 0.5704545454545454 0.13295454545454546 0.5704545454545454 0.1125
3 0.6375 0.11477272727272728 0.6443181818181818 0.11704545454545455 0.6545454545454545 0.12840909090909092 0.6579545454545455 0.12954545454545455 0.6545454545454545 0.1375 0.6431818181818182 0.13863636363636364 0.6397727272727273 0.1409090909090909 0.634090909090909 0.1409090909090909 0.6306818181818182 0.1318181818181818 0.6318181818181818 0.11818181818181818 0.6363636363636364 0.11477272727272728
3 0.9329545454545455 0.9125 0.9352272727272727 0.9125 0.9386363636363636 0.9170454545454545 0.9397727272727273 0.9545454545454546 0.9318181818181818 0.9715909090909091 0.9272727272727272 0.9988636363636364 0.9034090909090909 0.9977272727272727 0.9034090909090909 0.9875 0.9 0.9829545454545454 0.9 0.9556818181818182 0.8965909090909091 0.946590909090909 0.8977272727272727 0.9375 0.8909090909090909 0.9363636363636364 0.8875 0.9386363636363636 0.8863636363636364 0.9363636363636364 0.8886363636363637 0.9306818181818182 0.8920454545454546 0.9306818181818182 0.8977272727272727 0.9261363636363636 0.9 0.9159090909090909 0.9204545454545454 0.9159090909090909 0.925 0.9215909090909091 0.928409090909091 0.9215909090909091 0.9329545454545455 0.9136363636363637
3 0.7306818181818182 0.5670454545454545 0.7454545454545455 0.5659090909090909 0.7488636363636364 0.5681818181818182 0.7522727272727273 0.5761363636363637 0.7511363636363636 0.5818181818181818 0.7465909090909091 0.5863636363636363 0.740909090909091 0.615909090909091 0.7375 0.6125 0.7306818181818182 0.5920454545454545 0.7284090909090909 0.575 0.7306818181818182 0.5681818181818182
3 0.5352272727272728 0.6056818181818182 0.5420454545454545 0.6090909090909091 0.5454545454545454 0.6136363636363636 0.5579545454545455 0.6170454545454546 0.5613636363636364 0.6227272727272727 0.5602272727272727 0.6420454545454546 0.5579545454545455 0.6420454545454546 0.5545454545454546 0.6465909090909091 0.553409090909091 0.6625 0.55 0.65 0.5465909090909091 0.65 0.5397727272727273 0.6590909090909091 0.5420454545454545 0.6647727272727273 0.5409090909090909 0.6761363636363636 0.5465909090909091 0.6829545454545455 0.5465909090909091 0.6909090909090909 0.5363636363636364 0.7125 0.5375 0.7318181818181818 0.5340909090909091 0.7488636363636364 0.5284090909090909 0.7568181818181818 0.5227272727272727 0.7568181818181818 0.5193181818181818 0.7545454545454545 0.5125 0.7397727272727272 0.5102272727272728 0.6920454545454545 0.5159090909090909 0.6670454545454545 0.5284090909090909 0.65 0.5284090909090909 0.6431818181818182 0.5352272727272728 0.6215909090909091 0.5352272727272728 0.6068181818181818
3 0.6329545454545454 0.1159090909090909 0.6568181818181819 0.1159090909090909 0.6659090909090909 0.13295454545454546 0.6659090909090909 0.14431818181818182 0.6613636363636364 0.15113636363636362 0.6579545454545455 0.15 0.6545454545454545 0.13977272727272727 0.6477272727272727 0.13863636363636364 0.634090909090909 0.1409090909090909 0.6318181818181818 0.13522727272727272 0.6329545454545454 0.11704545454545455
3 0.2897727272727273 0.023863636363636365 0.29318181818181815 0.03977272727272727 0.2852272727272727 0.03977272727272727 0.28295454545454546 0.042045454545454546 0.2784090909090909 0.04090909090909091 0.2772727272727273 0.025 0.27954545454545454 0.020454545454545454 0.28863636363636364 0.023863636363636365
3 0.5738636363636364 0.8784090909090909 0.5761363636363637 0.8852272727272728 0.5738636363636364 0.9022727272727272 0.571590909090909 0.9102272727272728 0.5625 0.9204545454545454 0.5636363636363636 0.9227272727272727 0.5806818181818182 0.925 0.5931818181818181 0.9238636363636363 0.5977272727272728 0.9193181818181818 0.5954545454545455 0.9159090909090909 0.6034090909090909 0.9113636363636364 0.6022727272727273 0.9022727272727272 0.6056818181818182 0.8931818181818182 0.6136363636363636 0.8909090909090909 0.615909090909091 0.8954545454545455 0.6136363636363636 0.9068181818181819 0.6090909090909091 0.9136363636363637 0.6045454545454545 0.9159090909090909 0.6034090909090909 0.9295454545454546 0.6045454545454545 0.9613636363636363 0.6068181818181818 0.9670454545454545 0.6068181818181818 0.9954545454545455 0.5988636363636364 0.9988636363636364 0.5613636363636364 0.9988636363636364 0.5568181818181818 0.9943181818181818 0.5556818181818182 0.95 0.5511363636363636 0.946590909090909 0.5454545454545454 0.946590909090909 0.5420454545454545 0.9420454545454545 0.5431818181818182 0.9375 0.5522727272727272 0.9340909090909091 0.5545454545454546 0.9193181818181818 0.553409090909091 0.9090909090909091 0.5511363636363636 0.9068181818181819 0.5465909090909091 0.9079545454545455 0.5454545454545454 0.8931818181818182 0.5488636363636363 0.8931818181818182 0.5488636363636363 0.8965909090909091 0.5545454545454546 0.8988636363636363 0.5602272727272727 0.8795454545454545 0.5681818181818182 0.8772727272727273 0.5727272727272728 0.8784090909090909
3 0.95 0.7704545454545455 0.9522727272727273 0.7715909090909091 0.9534090909090909 0.7886363636363637 0.9613636363636363 0.803409090909091 0.9647727272727272 0.8056818181818182 0.9659090909090909 0.8125 0.9647727272727272 0.8159090909090909 0.9590909090909091 0.8181818181818182 0.9568181818181818 0.8318181818181818 0.9613636363636363 0.8352272727272727 0.9659090909090909 0.8318181818181818 0.9670454545454545 0.825 0.9681818181818181 0.8306818181818182 0.9659090909090909 0.8522727272727273 0.9704545454545455 0.8590909090909091 0.9681818181818181 0.8625 0.9715909090909091 0.8795454545454545 0.9715909090909091 0.8897727272727273 0.9693181818181819 0.8954545454545455 0.9704545454545455 0.9136363636363637 0.9704545454545455 0.9102272727272728 0.9647727272727272 0.9034090909090909 0.9590909090909091 0.9011363636363636 0.9488636363636364 0.9022727272727272 0.9454545454545454 0.8965909090909091 0.9454545454545454 0.8579545454545454 0.9397727272727273 0.8443181818181819 0.9397727272727273 0.8306818181818182 0.9352272727272727 0.8284090909090909 0.9352272727272727 0.8 0.9329545454545455 0.7965909090909091 0.9352272727272727 0.7965909090909091 0.9363636363636364 0.8011363636363636 0.9443181818181818 0.8079545454545455 0.9477272727272728 0.8068181818181818 0.9488636363636364 0.7954545454545454 0.9454545454545454 0.7772727272727272 0.9488636363636364 0.7715909090909091
3 0.990909090909091 0.8 0.9965909090909091 0.8079545454545455 0.9965909090909091 0.8147727272727273 0.990909090909091 0.821590909090909 0.9943181818181818 0.8352272727272727 0.9943181818181818 0.8795454545454545 0.9920454545454546 0.8863636363636364 0.9920454545454546 0.8988636363636363 0.9840909090909091 0.9238636363636363 0.9840909090909091 0.946590909090909 0.9818181818181818 0.9488636363636364 0.9818181818181818 0.9545454545454546 0.9738636363636364 0.9534090909090909 0.9704545454545455 0.9125 0.9681818181818181 0.9090909090909091 0.9681818181818181 0.8897727272727273 0.9704545454545455 0.8829545454545454 0.9681818181818181 0.8738636363636364 0.9625 0.8670454545454546 0.9625 0.8375 0.9659090909090909 0.8352272727272727 0.9659090909090909 0.8113636363636364 0.9636363636363636 0.8090909090909091 0.9636363636363636 0.8045454545454546 0.9772727272727273 0.8022727272727272 0.9863636363636363 0.8045454545454546 0.990909090909091 0.8011363636363636
3 0.42045454545454547 0.14886363636363636 0.42272727272727273 0.14886363636363636 0.42727272727272725 0.1590909090909091 0.42727272727272725 0.17045454545454544 0.4238636363636364 0.18295454545454545 0.42159090909090907 0.18636363636363637 0.41704545454545455 0.18522727272727274 0.4147727272727273 0.16704545454545455 0.4159090909090909 0.15454545454545454 0.42045454545454547 0.15
3 0.8295454545454546 0.6647727272727273 0.8420454545454545 0.6727272727272727 0.8465909090909091 0.6795454545454546 0.8363636363636363 0.7079545454545455 0.8363636363636363 0.7170454545454545 0.8386363636363636 0.7215909090909091 0.8284090909090909 0.7443181818181818 0.8204545454545454 0.7295454545454545 0.8193181818181818 0.7045454545454546 0.8159090909090909 0.6931818181818182 0.8125 0.6897727272727273 0.8102272727272727 0.678409090909091 0.8102272727272727 0.6704545454545454 0.8136363636363636 0.6659090909090909 0.8284090909090909 0.6647727272727273
3 0.8727272727272727 0.7875 0.8795454545454545 0.7920454545454545 0.8943181818181818 0.7931818181818182 0.8965909090909091 0.7954545454545454 0.8943181818181818 0.8590909090909091 0.884090909090909 0.8886363636363637 0.8784090909090909 0.8965909090909091 0.8727272727272727 0.8965909090909091 0.8704545454545455 0.8943181818181818 0.865909090909091 0.8818181818181818 0.865909090909091 0.875 0.8602272727272727 0.8613636363636363 0.8556818181818182 0.8568181818181818 0.8477272727272728 0.8318181818181818 0.8477272727272728 0.8159090909090909 0.8534090909090909 0.8147727272727273 0.8545454545454545 0.8125 0.8647727272727272 0.8125 0.8681818181818182 0.8090909090909091 0.8693181818181818 0.7920454545454545 0.8727272727272727 0.7886363636363637
3 0.5125 0.27954545454545454 0.5159090909090909 0.2806818181818182 0.5193181818181818 0.2863636363636364 0.5215909090909091 0.3034090909090909 0.5193181818181818 0.31477272727272726 0.5147727272727273 0.3170454545454545 0.5113636363636364 0.3159090909090909 0.5079545454545454 0.31931818181818183 0.5056818181818182 0.31931818181818183 0.5056818181818182 0.28295454545454546 0.5079545454545454 0.27954545454545454 0.5113636363636364 0.27954545454545454
3 0.8647727272727272 0.6602272727272728 0.8727272727272727 0.6761363636363636 0.875 0.6715909090909091 0.8806818181818182 0.6715909090909091 0.8818181818181818 0.6738636363636363 0.8829545454545454 0.6920454545454545 0.8806818181818182 0.7 0.8772727272727273 0.7022727272727273 0.8727272727272727 0.6977272727272728 0.8727272727272727 0.6920454545454545 0.8681818181818182 0.6806818181818182 0.8647727272727272 0.6772727272727272 0.8556818181818182 0.6761363636363636 0.8556818181818182 0.6636363636363637 0.8590909090909091 0.6590909090909091 0.8636363636363636 0.6602272727272728
3 0.7625 0.6284090909090909 0.7647727272727273 0.6295454545454545 0.7670454545454546 0.6477272727272727 0.7715909090909091 0.6534090909090909 0.7761363636363636 0.6727272727272727 0.7727272727272727 0.6818181818181818 0.7681818181818182 0.6863636363636364 0.7670454545454546 0.7090909090909091 0.7647727272727273 0.7125 0.7636363636363637 0.7272727272727273 0.7613636363636364 0.7295454545454545 0.7579545454545454 0.7215909090909091 0.7579545454545454 0.7090909090909091 0.7556818181818182 0.7068181818181818 0.7534090909090909 0.6772727272727272 0.75 0.6602272727272728 0.7477272727272727 0.6579545454545455 0.7477272727272727 0.6454545454545455 0.7511363636363636 0.6363636363636364 0.7568181818181818 0.6295454545454545 0.7613636363636364 0.6284090909090909
3 0.8727272727272727 0.7897727272727273 0.8829545454545454 0.7931818181818182 0.884090909090909 0.7954545454545454 0.8875 0.7931818181818182 0.8965909090909091 0.7931818181818182 0.8977272727272727 0.8102272727272727 0.8920454545454546 0.8693181818181818 0.8863636363636364 0.884090909090909 0.8795454545454545 0.8920454545454546 0.8727272727272727 0.8954545454545455 0.865909090909091 0.8761363636363636 0.8715909090909091 0.8261363636363637 0.8693181818181818 0.8056818181818182 0.8704545454545455 0.7931818181818182 0.8727272727272727 0.7909090909090909
3 0.509090909090909 0.3170454545454545 0.5170454545454546 0.3181818181818182 0.5261363636363636 0.3386363636363636 0.5125 0.3397727272727273 0.5056818181818182 0.3375 0.5045454545454545 0.3215909090909091 0.5056818181818182 0.3181818181818182 0.5079545454545454 0.3181818181818182
3 0.6295454545454545 0.3090909090909091 0.634090909090909 0.31477272727272726 0.634090909090909 0.33181818181818185 0.6363636363636364 0.33636363636363636 0.6375 0.35113636363636364 0.6363636363636364 0.39545454545454545 0.634090909090909 0.3965909090909091 0.6329545454545454 0.3613636363636364 0.6261363636363636 0.3465909090909091 0.625 0.32954545454545453 0.6215909090909091 0.32840909090909093 0.6227272727272727 0.3159090909090909 0.625 0.31022727272727274 0.6284090909090909 0.3090909090909091
3 0.8454545454545455 0.7602272727272728 0.865909090909091 0.7647727272727273 0.8715909090909091 0.775 0.8715909090909091 0.7897727272727273 0.8681818181818182 0.7954545454545454 0.8670454545454546 0.8159090909090909 0.8522727272727273 0.8159090909090909 0.8488636363636364 0.8204545454545454 0.8488636363636364 0.8329545454545455 0.8477272727272728 0.8204545454545454 0.8306818181818182 0.7943181818181818 0.8352272727272727 0.7613636363636364 0.8443181818181819 0.7602272727272728
3 0 0.16818181818181818 0.0022727272727272726 0.16818181818181818 0.006818181818181818 0.17386363636363636 0.006818181818181818 0.19204545454545455 0.00909090909090909 0.19772727272727272 0.00909090909090909 0.21363636363636362 0 0.21363636363636362 0 0.1693181818181818
3 0.2784090909090909 0.020454545454545454 0.2840909090909091 0.02159090909090909 0.2840909090909091 0.038636363636363635 0.2806818181818182 0.042045454545454546 0.2772727272727273 0.0375 0.2784090909090909 0.02159090909090909
3 0.6852272727272727 0.5034090909090909 0.6943181818181818 0.5113636363636364 0.7045454545454546 0.5125 0.7068181818181818 0.5147727272727273 0.7045454545454546 0.5511363636363636 0.6954545454545454 0.5522727272727272 0.6875 0.55 0.6897727272727273 0.5284090909090909 0.6852272727272727 0.5193181818181818 0.6852272727272727 0.5045454545454545
3 0.5409090909090909 0.7534090909090909 0.5443181818181818 0.7556818181818182 0.5511363636363636 0.7772727272727272 0.5602272727272727 0.7806818181818181 0.5613636363636364 0.7829545454545455 0.5613636363636364 0.8102272727272727 0.5590909090909091 0.8125 0.5602272727272727 0.8170454545454545 0.553409090909091 0.8159090909090909 0.5511363636363636 0.8181818181818182 0.5488636363636363 0.8363636363636363 0.5443181818181818 0.8454545454545455 0.5431818181818182 0.8738636363636364 0.5420454545454545 0.884090909090909 0.5397727272727273 0.8863636363636364 0.5284090909090909 0.8829545454545454 0.525 0.8738636363636364 0.525 0.865909090909091 0.5284090909090909 0.8579545454545454 0.5261363636363636 0.8295454545454546 0.5284090909090909 0.8238636363636364 0.5295454545454545 0.7988636363636363 0.5352272727272728 0.7704545454545455 0.5352272727272728 0.7545454545454545 0.5397727272727273 0.7534090909090909
3 0.6590909090909091 0.2545454545454545 0.6647727272727273 0.26477272727272727 0.6647727272727273 0.29545454545454547 0.6545454545454545 0.30227272727272725 0.65 0.3 0.6488636363636363 0.28863636363636364 0.6511363636363636 0.26704545454545453 0.6556818181818181 0.2556818181818182 0.6579545454545455 0.2545454545454545
3 0.6215909090909091 0.3931818181818182 0.6261363636363636 0.3931818181818182 0.6306818181818182 0.39886363636363636 0.6261363636363636 0.4318181818181818 0.6227272727272727 0.4340909090909091 0.6147727272727272 0.4329545454545455 0.6079545454545454 0.42727272727272725 0.6079545454545454 0.4125 0.6102272727272727 0.4113636363636364 0.6147727272727272 0.4 0.6215909090909091 0.39431818181818185
3 0.8590909090909091 0.4 0.8727272727272727 0.4034090909090909 0.8772727272727273 0.4125 0.8772727272727273 0.45454545454545453 0.8681818181818182 0.4693181818181818 0.8636363636363636 0.4693181818181818 0.8625 0.46704545454545454 0.8613636363636363 0.4693181818181818 0.8556818181818182 0.47045454545454546 0.85 0.45227272727272727 0.85 0.43636363636363634 0.8534090909090909 0.4056818181818182 0.8590909090909091 0.4011363636363636
4 0.4234375 0.2222222227272727 0.4109375 0.20972222272727273 0.40703125 0.22083333295454546 0.39765625 0.2319444443181818 0.39765625 0.23888888863636362 0.3703125 0.2638888886363636 0.36484375 0.2791666670454545 0.3671875 0.28194444431818183 0.353125 0.30277777727272726 0.34453125 0.3069444443181818 0.33828125 0.3 0.33125 0.3041666670454546 0.32734375 0.3 0.3203125 0.3055555556818182 0.3171875 0.3208333329545454 0.31796875 0.34722222272727277 0.31328125 0.38611111136363635 0.29921875 0.41388888863636364 0.303125 0.4111111113636364 0.30546875 0.4166666670454546 0.3046875 0.44861111136363635 0.3 0.4555555556818182 0.29765625 0.46805555568181817 0.30078125 0.49027777727272726 0.29765625 0.5013888886363637 0.30078125 0.5194444443181818 0.29453125 0.55 0.296875 0.5527777772727273 0.2984375 0.5680555556818182 0.28984375 0.6194444443181819 0.290625 0.6430555556818182 0.28671875 0.6597222227272728 0.2859375 0.6916666670454545 0.2890625 0.7027777772727273 0.29609375 0.6986111113636364 0.31015625 0.7 0.34296875 0.6930555556818181 0.36953125 0.7055555556818182 0.39453125 0.7111111113636364 0.40859375 0.7333333329545455 0.41328125 0.7472222227272728 0.42421875 0.7527777772727272 0.4296875 0.7625 0.43125 0.7722222227272727 0.42421875 0.7861111113636364 0.42734375 0.7958333329545455 0.44921875 0.8055555556818181 0.478125 0.8069444443181819 0.484375 0.7958333329545455 0.48515625 0.7791666670454545 0.49140625 0.7513888886363637 0.4953125 0.6847222227272728 0.49921875 0.6680555556818181 0.4984375 0.625 0.50078125 0.6055555556818181 0.49609375 0.5805555556818182 0.49921875 0.575 0.51171875 0.5722222227272727 0.51328125 0.5638888886363637 0.51171875 0.5430555556818182 0.50078125 0.5375 0.50078125 0.5277777772727272 0.5046875 0.525 0.5 0.5125 0.49921875 0.5013888886363637 0.50234375 0.49583333295454546 0.50859375 0.4986111113636364 0.5109375 0.5055555556818182 0.5171875 0.5027777772727272 0.515625 0.5111111113636364 0.5109375 0.5111111113636364 0.51875 0.5125 0.51875 0.5 0.521875 0.49027777727272726 0.51875 0.4805555556818182 0.5046875 0.47777777727272724 0.503125 0.4736111113636364 0.50546875 0.46944444431818183 0.5 0.46666666704545456 0.50078125 0.4513888886363636 0.5046875 0.4430555556818182 0.50234375 0.4236111113636364 0.5046875 0.3902777772727272 0.50390625 0.35 0.5078125 0.34166666704545456 0.49921875 0.325 0.50078125 0.3194444443181818 0.49296875 0.31666666704545454 0.48359375 0.3208333329545454 0.4859375 0.325 0.475 0.325 0.47734375 0.3208333329545454 0.47265625 0.3194444443181818 0.47265625 0.32361111136363635 0.46953125 0.325 0.4671875 0.31666666704545454 0.4546875 0.32222222272727274 0.44296875 0.31666666704545454 0.44609375 0.3041666670454546 0.44921875 0.3069444443181818 0.44921875 0.30138888863636365 0.45859375 0.3 0.459375 0.2638888886363636 0.465625 0.2680555556818182 0.46171875 0.2722222227272727 0.478125 0.27361111136363636 0.4703125 0.2777777772727273 0.4734375 0.28194444431818183 0.46875 0.2861111113636364 0.47265625 0.2902777772727273 0.4796875 0.2833333329545455 0.484375 0.2861111113636364 0.48828125 0.28194444431818183 0.4921875 0.28888888863636364 0.49140625 0.2986111113636364 0.4984375 0.3 0.49296875 0.2930555556818182 0.4984375 0.2902777772727273 0.49765625 0.2791666670454545 0.4875 0.25972222272727274 0.48359375 0.26111111136363635 0.47734375 0.25416666704545454 0.4765625 0.23611111136363638 0.47109375 0.22361111136363637 0.47421875 0.2194444443181818 0.4734375 0.2152777772727273 0.45859375 0.2111111113636364 0.44609375 0.2152777772727273 0.4390625 0.20833333295454545 0.434375 0.20833333295454545 0.43359375 0.21388888863636363 0.42421875 0.21666666704545454 0.453125 0.2194444443181818 0.4234375 0.2222222227272727
2 0 0.8888888886363636 0.01484375 0.925 0.0328125 0.9263888886363636 0.05703125 0.9375 0.096875 0.9444444443181819 0.134375 0.9402777772727272 0.14296875 0.95 0.1578125 0.9541666670454545 0.1703125 0.9361111113636363 0.171875 0.8930555556818182 0.17734375 0.8583333329545455 0.1890625 0.8388888886363636 0.20234375 0.8 0.20625 0.7944444443181818 0.2171875 0.7930555556818181 0.2234375 0.7805555556818181 0.22578125 0.7472222227272728 0.23046875 0.7347222227272727 0.23203125 0.7208333329545455 0.2296875 0.7027777772727273 0.23203125 0.6722222227272727 0.23046875 0.6291666670454545 0.2265625 0.5972222227272728 0.2171875 0.5722222227272727 0.2125 0.5361111113636364 0.18203125 0.5236111113636364 0.13515625 0.5180555556818182 0.1328125 0.5180555556818182 0.11875 0.5236111113636364 0.08515625 0.5625 0.06015625 0.6111111113636364 0.03515625 0.6819444443181819 0.0171875 0.6819444443181819 0.015625 0.6930555556818181 0.02578125 0.7125 0.01171875 0.7597222227272727 0 0.7736111113636364 0 0.8888888886363636
2 0.22734375 0.8541666670454545 0.2203125 0.8819444443181819 0.21796875 0.9041666670454545 0.2109375 0.9277777772727273 0.203125 0.9402777772727272 0.19375 0.9319444443181819 0.1765625 0.9333333329545455 0.1765625 0.95 0.19296875 0.9777777772727273 0.19375 0.9986111113636363 0.42109375 0.9986111113636363 0.42578125 0.9097222227272728 0.42421875 0.8833333329545455 0.428125 0.8625 0.4265625 0.8236111113636364 0.421875 0.7888888886363636 0.42734375 0.7791666670454545 0.421875 0.7722222227272727 0.41640625 0.775 0.4140625 0.7652777772727273 0.40625 0.7541666670454545 0.40703125 0.7444444443181819 0.40078125 0.7236111113636364 0.39609375 0.7180555556818181 0.38046875 0.7097222227272727 0.36328125 0.7083333329545455 0.3421875 0.7 0.33828125 0.7 0.3015625 0.7013888886363636 0.28828125 0.7083333329545455 0.2609375 0.7652777772727273 0.22734375 0.8541666670454545
2 0.20234375 0.3875 0.1953125 0.38611111136363635 0.1890625 0.39166666704545455 0.190625 0.39722222272727276 0.1984375 0.4013888886363636 0.2 0.40833333295454544 0.1890625 0.44027777727272727 0.18359375 0.4875 0.18046875 0.49027777727272726 0.1828125 0.4930555556818182 0.184375 0.5180555556818182 0.18828125 0.5222222227272727 0.21015625 0.5319444443181818 0.27265625 0.5333333329545454 0.27421875 0.5458333329545454 0.28359375 0.5583333329545455 0.29140625 0.55 0.29609375 0.5347222227272728 0.2953125 0.525 0.30078125 0.49027777727272726 0.29609375 0.46944444431818183 0.3015625 0.44861111136363635 0.30390625 0.4180555556818182 0.2953125 0.41388888863636364 0.2984375 0.40833333295454544 0.29921875 0.39722222272727276 0.3078125 0.3944444443181818 0.3125 0.3805555556818182 0.31484375 0.32361111136363635 0.30703125 0.3111111113636364 0.29765625 0.31527777727272727 0.26171875 0.3069444443181818 0.259375 0.3069444443181818 0.24453125 0.3111111113636364 0.2328125 0.32361111136363635 0.22109375 0.34166666704545456 0.20234375 0.3875
2 0.55625 0.48333333295454545 0.55234375 0.5083333329545454 0.5546875 0.525 0.5515625 0.5291666670454546 0.54296875 0.5694444443181819 0.53984375 0.5916666670454545 0.54140625 0.6013888886363636 0.55 0.6013888886363636 0.55078125 0.5944444443181819 0.559375 0.5777777772727273 0.55625 0.5708333329545454 0.56328125 0.5666666670454545 0.5640625 0.5486111113636364 0.58203125 0.5458333329545454 0.5890625 0.5611111113636363 0.58828125 0.5736111113636364 0.58515625 0.5777777772727273 0.5890625 0.5875 0.5890625 0.6013888886363636 0.5953125 0.6 0.60078125 0.6138888886363636 0.6 0.6194444443181819 0.609375 0.6208333329545455 0.61640625 0.6152777772727273 0.61875 0.5986111113636364 0.63359375 0.5541666670454546 0.6390625 0.5472222227272727 0.65546875 0.5388888886363636 0.6578125 0.5263888886363636 0.6578125 0.5 0.65390625 0.4805555556818182 0.646875 0.46527777727272723 0.6453125 0.4458333329545454 0.63125 0.4361111113636364 0.6125 0.43472222272727273 0.60859375 0.4305555556818182 0.6045570318181818 0.4305555556818182 0.584375 0.4305555556818182 0.5734375 0.4388888886363636 0.56640625 0.4625 0.55625 0.48333333295454545
2 0.61640625 0.6291666670454545 0.6125 0.6333333329545455 0.6125 0.6569444443181819 0.609375 0.675 0.6109375 0.6902777772727272 0.60546875 0.7194444443181819 0.603125 0.7513888886363637 0.60546875 0.775 0.60859375 0.7805555556818181 0.63359375 0.7777777772727272 0.64375 0.7861111113636364 0.66015625 0.7805555556818181 0.6625 0.8041666670454545 0.6578125 0.8097222227272728 0.6421875 0.8069444443181819 0.64453125 0.8097222227272728 0.63046875 0.8180555556818181 0.61953125 0.8166666670454545 0.615625 0.825 0.6171875 0.8513888886363636 0.6125 0.8541666670454545 0.6125 0.8652777772727273 0.61953125 0.9027777772727272 0.6234375 0.8944444443181819 0.62890625 0.9 0.640625 0.8986111113636364 0.65234375 0.9069444443181819 0.68671875 0.9083333329545455 0.6921875 0.9041666670454545 0.69609375 0.8930555556818182 0.69296875 0.8861111113636364 0.6953125 0.8791666670454545 0.69375 0.8763888886363637 0.696875 0.8722222227272728 0.6875 0.8652777772727273 0.6859375 0.8361111113636364 0.7109375 0.8347222227272727 0.71328125 0.8194444443181819 0.70859375 0.8125 0.7125 0.8069444443181819 0.72109375 0.8055555556818181 0.72109375 0.7930555556818181 0.71875 0.7888888886363636 0.7234375 0.7805555556818181 0.73359375 0.7847222227272728 0.74140625 0.7791666670454545 0.76171875 0.7791666670454545 0.76171875 0.7722222227272727 0.7578125 0.7652777772727273 0.759375 0.7333333329545455 0.753125 0.6833333329545455 0.7546875 0.6763888886363636 0.74609375 0.6541666670454545 0.74609375 0.6402777772727273 0.71875 0.5638888886363637 0.7015625 0.5541666670454546 0.65390625 0.5458333329545454 0.64921875 0.5458333329545454 0.63828125 0.55 0.625 0.5833333329545455 0.61484375 0.6194444443181819 0.61640625 0.6291666670454545
2 0.721875 0.8333333329545455 0.721875 0.8458333329545455 0.72734375 0.8444444443181819 0.73046875 0.8486111113636364 0.7296875 0.8527777772727273 0.721875 0.8541666670454545 0.721875 0.8666666670454545 0.69453125 0.8666666670454545 0.68828125 0.8722222227272728 0.69375 0.8777777772727272 0.69296875 0.9013888886363636 0.6875 0.9111111113636364 0.68359375 0.9375 0.68359375 0.9708333329545455 0.68046875 0.9986111113636363 0.89609375 0.9986111113636363 0.89765625 0.9944444443181819 0.9015625 0.9986111113636363 0.89140625 0.9819444443181818 0.88984375 0.9694444443181819 0.8859375 0.9625 0.88203125 0.9430555556818181 0.88125 0.9180555556818181 0.871875 0.9069444443181819 0.8640625 0.8861111113636364 0.8625 0.8722222227272728 0.8421875 0.8208333329545455 0.83828125 0.8166666670454545 0.8390625 0.8125 0.83125 0.8041666670454545 0.81953125 0.8125 0.7390625 0.8111111113636363 0.7328125 0.8027777772727273 0.73515625 0.8 0.73359375 0.7930555556818181 0.73046875 0.7916666670454545 0.72734375 0.7916666670454545 0.72421875 0.8083333329545455 0.71484375 0.8152777772727272 0.715625 0.825 0.721875 0.8333333329545455
2 0.28359375 0.26666666704545455 0.30546875 0.2694444443181818 0.3140625 0.2777777772727273 0.32109375 0.2972222227272728 0.34765625 0.2972222227272728 0.35625 0.2847222227272727 0.3546875 0.2652777772727273 0.35703125 0.25416666704545454 0.353125 0.24583333295454546 0.35234375 0.21388888863636363 0.34453125 0.19583333295454547 0.32890625 0.18888888863636363 0.32578125 0.18888888863636363 0.30625 0.19305555568181818 0.29140625 0.2222222227272727 0.2796875 0.2625 0.28359375 0.26666666704545455
2 0.52421875 0.2944444443181818 0.5265625 0.3041666670454546 0.51796875 0.31527777727272727 0.52890625 0.3388888886363636 0.55234375 0.34722222272727277 0.5578125 0.3611111113636364 0.56328125 0.3930555556818182 0.575 0.3958333329545454 0.6015625 0.3625 0.6046875 0.3375 0.6015625 0.3319444443181818 0.59765625 0.3319444443181818 0.59453125 0.32222222272727274 0.5953125 0.3138888886363636 0.5859375 0.2944444443181818 0.5828125 0.2777777772727273 0.57578125 0.2694444443181818 0.55859375 0.2638888886363636 0.5545570306818182 0.2638888886363636 0.534375 0.2638888886363636 0.52734375 0.2722222227272727 0.5265625 0.2902777772727273 0.52421875 0.2944444443181818