2 0.3926136363636364 0.6085227272727273 0.1721590909090909 0.3710227272727273
2 0.125 0.6170454545454546 0.16818181818181818 0.30454545454545456
2 0.61875 0.7011363636363637 0.18125 0.34602272727272726
2 0.4011363636363636 0.36363636363636365 0.11875 0.19261363636363638
2 0.5431818181818182 0.3261363636363636 0.10795454545454546 0.20625
2 0.5664772727272728 0.46647727272727274 0.12954545454545455 0.24602272727272728
2 0.36022727272727273 0.28352272727272726 0.10170454545454545 0.19715909090909092
2 0.23636363636363636 0.22897727272727272 0.08579545454545455 0.1340909090909091
2 0.17386363636363636 0.41363636363636364 0.13011363636363638 0.28125
6 0.49886363636363634 0.12272727272727273 0.08125 0.17670454545454545
4 0.4 0.06704545454545455 0.06818181818181818 0.1340909090909091
2 0.36306818181818185 0.14602272727272728 0.06818181818181818 0.10738636363636364
2 0.3840909090909091 0.19772727272727272 0.07386363636363637 0.1340909090909091
2 0.21136363636363636 0.3039772727272727 0.07784090909090909 0.14147727272727273
2 0.2676136363636364 0.15397727272727274 0.07386363636363637 0.15852272727272726