2 0.5823863636363636 0.7431818181818182 0.22727272727272727 0.5056818181818182
2 0.09772727272727273 0.4693181818181818 0.19545454545454546 0.4193181818181818
3 0.5238636363636363 0.3880681818181818 0.04431818181818182 0.15681818181818183
3 0.40397727272727274 0.5789772727272727 0.075 0.21136363636363636
3 0.31875 0.2778409090909091 0.03920454545454546 0.13068181818181818
2 0.39090909090909093 0.33693181818181817 0.13977272727272727 0.29318181818181815
3 0.2471590909090909 0.4369318181818182 0.05227272727272727 0.19318181818181818
2 0.6244318181818181 0.2318181818181818 0.125 0.2636363636363636
2 0.24659090909090908 0.13977272727272727 0.12954545454545455 0.2346590909090909
3 0.35170454545454544 0.09147727272727273 0.031818181818181815 0.0971590909090909
3 0.5454545454545454 0.12556818181818183 0.04147727272727273 0.10681818181818181
3 0.17045454545454544 0.8255681818181818 0.07443181818181818 0.25113636363636366
3 0.375 0.04147727272727273 0.029545454545454545 0.08295454545454546
3 0.50625 0.07443181818181818 0.03125 0.10681818181818181
3 0.5164772727272727 0.21818181818181817 0.03579545454545455 0.08352272727272728
3 0.48409090909090907 0.16988636363636364 0.028409090909090908 0.07613636363636364
3 0.9818181818181818 0.5085227272727273 0.03579545454545455 0.1471590909090909
3 0.9255681818181818 0.5130681818181818 0.06306818181818181 0.15681818181818183
3 0.8892045454545454 0.44943181818181815 0.03409090909090909 0.17386363636363636
3 0.32954545454545453 0.12897727272727272 0.03409090909090909 0.12215909090909091