2 0.3693181818181818 0.61875 0.1806818181818182 0.38693181818181815
2 0.6204545454545455 0.5960227272727273 0.15681818181818183 0.31136363636363634
2 0.58125 0.42329545454545453 0.13068181818181818 0.25170454545454546
3 0.5795454545454546 0.23352272727272727 0.024431818181818183 0.08238636363636363
2 0.09090909090909091 0.7363636363636363 0.18181818181818182 0.44772727272727275
2 0.34375 0.4011363636363636 0.1318181818181818 0.26136363636363635
2 0.11761363636363636 0.44829545454545455 0.1534090909090909 0.24602272727272728
2 0.040340909090909094 0.28352272727272726 0.08068181818181819 0.16761363636363635
3 0.1721590909090909 0.033522727272727273 0.0125 0.04375
2 0.3397727272727273 0.26988636363636365 0.09659090909090909 0.1471590909090909
3 0.026704545454545453 0.17329545454545456 0.025 0.05738636363636364
2 0.18238636363636362 0.37329545454545454 0.0971590909090909 0.18693181818181817
2 0.48125 0.11193181818181819 0.06079545454545455 0.10397727272727272
3 0.2 0.036931818181818184 0.0125 0.036931818181818184
3 0.4159090909090909 0.038636363636363635 0.016477272727272726 0.05454545454545454
2 0.38636363636363635 0.19943181818181818 0.0659090909090909 0.13068181818181818
2 0.21875 0.26647727272727273 0.09943181818181818 0.18522727272727274
3 0.21647727272727274 0.010795454545454546 0.009659090909090909 0.021022727272727273
3 0.10852272727272727 0.23863636363636365 0.029545454545454545 0.07386363636363637
2 0.24943181818181817 0.20909090909090908 0.06079545454545455 0.11875
2 0.2875 0.13693181818181818 0.05965909090909091 0.14829545454545454
3 0.5903409090909091 0.1744318181818182 0.026136363636363635 0.061931818181818185
3 0.41761363636363635 0.013636363636363636 0.017045454545454544 0.02727272727272727
3 0.33579545454545456 0.17329545454545456 0.020454545454545454 0.051704545454545454