2 0.1 0.4727272727272727 0.2 0.45397727272727273
2 0.48409090909090907 0.5073863636363637 0.17670454545454545 0.4375
2 0.2681818181818182 0.6198863636363636 0.20681818181818182 0.44886363636363635
3 0.4511363636363636 0.9625 0.09602272727272727 0.075
3 0.8857954545454545 0.8198863636363637 0.08295454545454546 0.2125
3 0.036931818181818184 0.02159090909090909 0.024431818181818183 0.04318181818181818
3 0.9801136363636364 0.8329545454545455 0.03977272727272727 0.17272727272727273
3 0.8017045454545455 0.9539772727272727 0.1 0.09147727272727273
2 0.525 0.19715909090909092 0.13579545454545455 0.275
3 0.6181818181818182 0.5897727272727272 0.056818181818181816 0.1903409090909091
3 0.9170454545454545 0.9556818181818182 0.1 0.08863636363636364
3 0.8295454545454546 0.6931818181818182 0.06647727272727273 0.1943181818181818
3 0.7039772727272727 0.6403409090909091 0.051704545454545454 0.16363636363636364
3 0.7579545454545454 0.8181818181818182 0.0715909090909091 0.18352272727272728
2 0.22045454545454546 0.19943181818181818 0.1534090909090909 0.27102272727272725
2 0.42159090909090907 0.08238636363636363 0.1159090909090909 0.16477272727272727
2 0.26988636363636365 0.07272727272727272 0.1375 0.14545454545454545
3 0.3477272727272727 0.4068181818181818 0.06420454545454546 0.16647727272727272
3 0.42556818181818185 0.2340909090909091 0.05454545454545454 0.15681818181818183
3 0.6125 0.34602272727272726 0.0375 0.125
3 0.4193181818181818 0.25738636363636364 0.03806818181818182 0.1125
3 0.6789772727272727 0.8943181818181818 0.11079545454545454 0.20852272727272728
3 0.6755681818181818 0.9789772727272728 0.10795454545454546 0.04147727272727273