2 0.09318181818181819 0.81875 0.18636363636363637 0.35568181818181815
2 0.2676136363636364 0.8130681818181819 0.24772727272727274 0.36818181818181817
2 0.7579545454545454 0.8164772727272728 0.21477272727272728 0.3613636363636364
3 0.49318181818181817 0.7181818181818181 0.05625 0.18636363636363637
2 0.18977272727272726 0.5914772727272727 0.18295454545454545 0.3693181818181818
3 0.6397727272727273 0.40738636363636366 0.03125 0.09886363636363636
2 0.09431818181818181 0.3181818181818182 0.11420454545454546 0.15
2 0.05056818181818182 0.24375 0.10113636363636364 0.11704545454545455
2 0.39375 0.5323863636363636 0.14375 0.2846590909090909
6 0.25795454545454544 0.38693181818181815 0.17670454545454545 0.37386363636363634
3 0.6119318181818182 0.5681818181818182 0.0375 0.11931818181818182
2 0.20397727272727273 0.1806818181818182 0.06875 0.08863636363636364
2 0.4284090909090909 0.33181818181818185 0.08352272727272728 0.14431818181818182
3 0.6119318181818182 0.23522727272727273 0.014772727272727272 0.05113636363636364
3 0.5880681818181818 0.17613636363636365 0.017045454545454544 0.05
2 0.4102272727272727 0.3693181818181818 0.10170454545454545 0.09431818181818181