2 0.36704545454545456 0.7102272727272727 0.19602272727272727 0.4409090909090909
2 0.5977272727272728 0.6602272727272728 0.1784090909090909 0.3886363636363636
2 0.18181818181818182 0.6289772727272728 0.17045454545454544 0.3789772727272727
2 0.15170454545454545 0.4602272727272727 0.12897727272727272 0.22954545454545455
6 0.5607954545454545 0.2857954545454545 0.12897727272727272 0.26193181818181815
4 0.4193181818181818 0.31363636363636366 0.15 0.4028409090909091
2 0.21647727272727274 0.3085227272727273 0.10340909090909091 0.19886363636363635
3 0.03636363636363636 0.30113636363636365 0.033522727272727273 0.09261363636363637
3 0.048295454545454544 0.8011363636363636 0.06136363636363636 0.18636363636363637
2 0.021022727272727273 0.40397727272727274 0.04147727272727273 0.15852272727272726
2 0.2318181818181818 0.19488636363636364 0.08238636363636363 0.09886363636363636