2 0.06704545454545455 0.7886363636363637 0.1340909090909091 0.41875
3 0.3068181818181818 0.6073863636363637 0.05056818181818182 0.16875
3 0.3340909090909091 0.1903409090909091 0.019886363636363636 0.07329545454545454
2 0.19204545454545455 0.4119318181818182 0.11931818181818182 0.21306818181818182
3 0.3488636363636364 0.3085227272727273 0.03579545454545455 0.12329545454545454
3 0.45852272727272725 0.31079545454545454 0.029545454545454545 0.0971590909090909
2 0.20795454545454545 0.2585227272727273 0.09261363636363637 0.14375
3 0.26136363636363635 0.21022727272727273 0.026136363636363635 0.07045454545454545
3 0.19715909090909092 0.01875 0.009659090909090909 0.036931818181818184
3 0.26193181818181815 0.18579545454545454 0.029545454545454545 0.1028409090909091
3 0.3340909090909091 0.15284090909090908 0.023863636363636365 0.07386363636363637