2 0.19147727272727272 0.6380681818181818 0.18125 0.35113636363636364
2 0.709659090909091 0.7744318181818182 0.22272727272727272 0.4431818181818182
2 0.41647727272727275 0.4943181818181818 0.1340909090909091 0.2863636363636364
2 0.2806818181818182 0.43068181818181817 0.11420454545454546 0.22215909090909092
3 0.6579545454545455 0.3840909090909091 0.022727272727272728 0.08181818181818182
3 0.6096590909090909 0.4431818181818182 0.031818181818181815 0.10852272727272727
2 0.5204545454545455 0.34488636363636366 0.08920454545454545 0.15113636363636362
3 0.6005681818181818 0.22727272727272727 0.014772727272727272 0.05113636363636364
2 0.08579545454545455 0.2431818181818182 0.09602272727272727 0.11363636363636363
3 0.5369318181818182 0.7340909090909091 0.0625 0.1653409090909091
3 0.6170454545454546 0.31022727272727274 0.020454545454545454 0.0846590909090909
3 0.3880681818181818 0.16818181818181818 0.017045454545454544 0.038636363636363635
3 0.5806818181818182 0.18693181818181817 0.017045454545454544 0.04318181818181818
3 0.6397727272727273 0.28863636363636364 0.020454545454545454 0.06136363636363636
3 0.6357954545454545 0.5556818181818182 0.04659090909090909 0.09431818181818181
3 0.42329545454545453 0.15681818181818183 0.016477272727272726 0.04431818181818182
2 0.3659090909090909 0.24147727272727273 0.06818181818181818 0.11931818181818182
3 0.5107954545454545 0.20909090909090908 0.015909090909090907 0.056818181818181816
3 0.7323863636363637 0.5210227272727272 0.04943181818181818 0.13863636363636364
2 0.45340909090909093 0.22443181818181818 0.056818181818181816 0.10397727272727272
2 0.5551136363636363 0.23806818181818182 0.060227272727272727 0.11818181818181818
3 0.3261363636363636 0.3181818181818182 0.035227272727272725 0.11931818181818182
3 0.3613636363636364 0.16022727272727272 0.022727272727272728 0.04602272727272727