2 0.7704545454545455 0.7982954545454546 0.24886363636363637 0.39602272727272725
2 0.30170454545454545 0.8323863636363636 0.2676136363636364 0.32954545454545453
2 0.56875 0.5039772727272728 0.15568181818181817 0.2636363636363636
2 0.3488636363636364 0.46988636363636366 0.13977272727272727 0.29147727272727275
2 0.11761363636363636 0.5244318181818182 0.15113636363636362 0.3210227272727273
3 0.1693181818181818 0.8414772727272727 0.06988636363636364 0.1943181818181818
3 0.03465909090909091 0.9136363636363637 0.06875 0.1721590909090909
2 0.20113636363636364 0.3261363636363636 0.11079545454545454 0.21477272727272728
2 0.5119318181818182 0.24034090909090908 0.11136363636363636 0.2119318181818182
3 0.21931818181818183 0.6823863636363636 0.06136363636363636 0.19261363636363638
2 0.23579545454545456 0.21363636363636362 0.08352272727272728 0.15852272727272726
2 0.39886363636363636 0.27897727272727274 0.08409090909090909 0.18977272727272726
3 0.5034090909090909 0.9636363636363636 0.0715909090909091 0.07045454545454545