2 0.09943181818181818 0.8363636363636363 0.19886363636363635 0.32045454545454544
2 0.36306818181818185 0.8159090909090909 0.2556818181818182 0.3625
2 0.8051136363636363 0.7693181818181818 0.2005681818181818 0.4
2 0.16420454545454546 0.6994318181818182 0.175 0.3488636363636364
2 0.37329545454545454 0.6056818181818182 0.16704545454545455 0.30568181818181817
2 0.6664772727272728 0.8789772727272728 0.2340909090909091 0.23863636363636365
2 0.5977272727272728 0.6494318181818182 0.15454545454545454 0.33181818181818185
2 0.2727272727272727 0.48068181818181815 0.12954545454545455 0.2471590909090909
3 0.31363636363636366 0.03068181818181818 0.014772727272727272 0.038636363636363635
2 0.5943181818181819 0.4647727272727273 0.11875 0.2096590909090909
2 0.6801136363636363 0.42727272727272725 0.09943181818181818 0.17613636363636365
2 0.4284090909090909 0.43863636363636366 0.1318181818181818 0.25
2 0.6454545454545455 0.29659090909090907 0.07102272727272728 0.14602272727272728
3 0.38125 0.31363636363636366 0.025 0.07784090909090909