2 0.39090909090909093 0.7869318181818182 0.19147727272727272 0.41818181818181815
2 0.12215909090909091 0.6556818181818181 0.20681818181818182 0.41363636363636364
3 0.5431818181818182 0.6244318181818181 0.05795454545454545 0.1318181818181818
2 0.4289772727272727 0.5653409090909091 0.1409090909090909 0.2943181818181818
2 0.7426136363636363 0.7022727272727273 0.18693181818181817 0.39034090909090907
3 0.5596590909090909 0.9181818181818182 0.05397727272727273 0.15852272727272726
2 0.5744318181818182 0.4056818181818182 0.10170454545454545 0.2056818181818182
2 0.07897727272727273 0.34147727272727274 0.1215909090909091 0.15568181818181817
3 0.5068181818181818 0.2806818181818182 0.020454545454545454 0.06647727272727273
2 0.38295454545454544 0.4414772727272727 0.1 0.19147727272727272
6 0.4431818181818182 0.2471590909090909 0.0875 0.21136363636363636
3 0.06761363636363636 0.9693181818181819 0.09431818181818181 0.058522727272727275
3 0.6482954545454546 0.4653409090909091 0.03068181818181818 0.0971590909090909
2 0.4119318181818182 0.3465909090909091 0.08181818181818182 0.1403409090909091
3 0.15795454545454546 0.9698863636363636 0.07670454545454546 0.05965909090909091
3 0.6573863636363636 0.44772727272727275 0.05227272727272727 0.12897727272727272