3 0.8823863636363637 0.8352272727272727 0.06477272727272727 0.19318181818181818
2 0.08238636363636363 0.8119318181818181 0.16477272727272727 0.37386363636363634
3 0.7982954545454546 0.6085227272727273 0.04943181818181818 0.08863636363636364
3 0.5056818181818182 0.4869318181818182 0.03579545454545455 0.1318181818181818
3 0.11306818181818182 0.26534090909090907 0.026704545454545453 0.06931818181818182
2 0.7585227272727273 0.9181818181818182 0.20454545454545456 0.15852272727272726
2 0.5909090909090909 0.7414772727272727 0.16647727272727272 0.32784090909090907
2 0.16420454545454546 0.6431818181818182 0.15852272727272726 0.31136363636363634
2 0.7556818181818182 0.7369318181818182 0.1693181818181818 0.2846590909090909
3 0.6232954545454545 0.4068181818181818 0.02727272727272727 0.09431818181818181
2 0.5732954545454545 0.5340909090909091 0.12840909090909092 0.2681818181818182
3 0.6994318181818182 0.6352272727272728 0.07329545454545454 0.15113636363636362
3 0.2056818181818182 0.1744318181818182 0.01818181818181818 0.04602272727272727
3 0.9482954545454545 0.9636363636363636 0.08409090909090909 0.07215909090909091
5 0.34488636363636366 0.6022727272727273 0.2539772727272727 0.6818181818181818
3 0.17045454545454544 0.9375 0.07102272727272728 0.125
2 0.2755681818181818 0.31931818181818183 0.08522727272727272 0.13068181818181818