3 0.061931818181818185 0.28863636363636364 0.038636363636363635 0.1028409090909091
2 0.4323863636363636 0.5789772727272727 0.14659090909090908 0.31931818181818183
3 0.6369318181818182 0.28863636363636364 0.026704545454545453 0.08636363636363636
3 0.29602272727272727 0.9335227272727272 0.08295454545454546 0.13068181818181818
3 0.28920454545454544 0.7136363636363636 0.06306818181818181 0.11875
3 0.18181818181818182 0.8448863636363636 0.05795454545454545 0.19886363636363635
2 0.6704545454545454 0.6869318181818181 0.18352272727272728 0.35
2 0.1 0.5789772727272727 0.18693181818181817 0.3789772727272727
3 0.12215909090909091 0.9136363636363637 0.09659090909090909 0.17045454545454544
7 0.3846590909090909 0.22329545454545455 0.18238636363636362 0.42954545454545456
2 0.5738636363636364 0.33181818181818185 0.11306818181818182 0.225
3 0.5522727272727272 0.5414772727272728 0.053409090909090906 0.13522727272727272
3 0.39147727272727273 0.9602272727272727 0.06931818181818182 0.07954545454545454
3 0.5375 0.9528409090909091 0.061931818181818185 0.09261363636363637
2 0.17613636363636365 0.39829545454545456 0.1159090909090909 0.2369318181818182
3 0.7386363636363636 0.5977272727272728 0.048863636363636366 0.15113636363636362
3 0.6272727272727273 0.4636363636363636 0.03977272727272727 0.10852272727272727
3 0.1903409090909091 0.13125 0.015909090909090907 0.03238636363636364
6 0.5181818181818182 0.17329545454545456 0.10170454545454545 0.25
3 0.8727272727272727 0.9119318181818182 0.06761363636363636 0.17386363636363636
3 0.5778409090909091 0.8977272727272727 0.05113636363636364 0.15454545454545454
2 0.2159090909090909 0.2903409090909091 0.09090909090909091 0.18636363636363637
2 0.04943181818181818 0.10113636363636364 0.09488636363636363 0.18522727272727274
3 0.033522727272727273 0.9289772727272727 0.06704545454545455 0.14147727272727273
3 0.6625 0.4636363636363636 0.0375 0.10625
2 0.2409090909090909 0.21079545454545454 0.07102272727272728 0.16193181818181818