2 0.8948863636363636 0.8471590909090909 0.20852272727272728 0.3
2 0.5556818181818182 0.7056818181818182 0.16704545454545455 0.3613636363636364
2 0.18011363636363636 0.6352272727272728 0.18693181818181817 0.35965909090909093
2 0.36363636363636365 0.6414772727272727 0.15568181818181817 0.30568181818181817
2 0.39602272727272725 0.43522727272727274 0.11704545454545455 0.21818181818181817
3 0.3471590909090909 0.946590909090909 0.09147727272727273 0.10681818181818181
3 0.2505681818181818 0.9289772727272727 0.07556818181818181 0.14147727272727273
2 0.26193181818181815 0.4556818181818182 0.11875 0.2056818181818182
3 0.07670454545454546 0.95625 0.08977272727272727 0.0875
4 0.6034090909090909 0.4465909090909091 0.15568181818181817 0.41818181818181815
2 0.28806818181818183 0.32443181818181815 0.09943181818181818 0.14602272727272728
2 0.33295454545454545 0.26931818181818185 0.08579545454545455 0.15568181818181817
4 0.45170454545454547 0.33181818181818185 0.12897727272727272 0.2556818181818182
2 0.6244318181818181 0.26022727272727275 0.06704545454545455 0.1431818181818182
3 0.6772727272727272 0.23068181818181818 0.023295454545454546 0.08068181818181819