2 0.31420454545454546 0.7909090909090909 0.22045454545454546 0.4096590909090909
2 0.5818181818181818 0.8414772727272727 0.22670454545454546 0.31363636363636366
3 0.8681818181818182 0.6494318181818182 0.058522727272727275 0.1403409090909091
2 0.2431818181818182 0.49318181818181817 0.14829545454545454 0.26647727272727273
3 0.4784090909090909 0.7761363636363636 0.058522727272727275 0.16136363636363638
3 0.65 0.38181818181818183 0.025 0.09147727272727273
2 0.4125 0.47556818181818183 0.125 0.22897727272727272
2 0.5613636363636364 0.43977272727272726 0.10056818181818182 0.1903409090909091
3 0.36818181818181817 0.3352272727272727 0.026704545454545453 0.07897727272727273
2 0.5573863636363636 0.3039772727272727 0.08352272727272728 0.14147727272727273
2 0.43125 0.3130681818181818 0.08579545454545455 0.16818181818181818
3 0.5119318181818182 0.6215909090909091 0.04602272727272727 0.10965909090909091
2 0.5488636363636363 0.21931818181818183 0.06931818181818182 0.11136363636363636
2 0.30625 0.3210227272727273 0.0875 0.1471590909090909
2 0.2119318181818182 0.1494318181818182 0.07329545454545454 0.07613636363636364
2 0.3380681818181818 0.23522727272727273 0.07045454545454545 0.1318181818181818