3 0.3346590909090909 0.4289772727272727 0.036931818181818184 0.11363636363636363
2 0.23579545454545456 0.4289772727272727 0.11818181818181818 0.23352272727272727
3 0.6852272727272727 0.42613636363636365 0.026704545454545453 0.08636363636363636
3 0.7693181818181818 0.7369318181818182 0.05454545454545454 0.15397727272727274
2 0.16022727272727272 0.6181818181818182 0.18579545454545454 0.39147727272727273
3 0.6517045454545455 0.32272727272727275 0.02159090909090909 0.056818181818181816
2 0.615909090909091 0.43977272727272726 0.11818181818181818 0.2318181818181818
5 0.45397727272727273 0.41306818181818183 0.17670454545454545 0.4011363636363636
3 0.5681818181818182 0.34147727272727274 0.026704545454545453 0.05568181818181818
2 0.33125 0.26022727272727275 0.08125 0.14886363636363636
3 0.7460227272727272 0.6164772727272727 0.020454545454545454 0.0971590909090909