2 0.3795454545454545 0.8318181818181818 0.23295454545454544 0.32784090909090907
3 0.8159090909090909 0.6119318181818182 0.05454545454545454 0.1318181818181818
2 0.6113636363636363 0.6994318181818182 0.15227272727272728 0.3181818181818182
3 0.6829545454545455 0.5119318181818182 0.03125 0.09886363636363636
3 0.6306818181818182 0.4090909090909091 0.029545454545454545 0.09602272727272727
3 0.5744318181818182 0.5005681818181819 0.03920454545454546 0.08181818181818182
2 0.5573863636363636 0.3431818181818182 0.08977272727272727 0.17784090909090908
2 0.41875 0.5034090909090909 0.13295454545454546 0.37386363636363634
2 0.053409090909090906 0.6869318181818181 0.10681818181818181 0.6181818181818182
3 0.18011363636363636 0.1590909090909091 0.016477272727272726 0.06818181818181818
2 0.4426136363636364 0.25681818181818183 0.07727272727272727 0.14147727272727273
3 0.6056818181818182 0.9761363636363637 0.07727272727272727 0.04715909090909091
2 0.5193181818181818 0.20852272727272728 0.07045454545454545 0.1721590909090909
4 0.13359375 0.6972222227272727 0.1671875 0.6986111113636364 0.21484375 0.7069444443181819 0.2203125 0.7166666670454545 0.22734375 0.7152777772727272 0.2328125 0.7069444443181819 0.2671875 0.7180555556818181 0.28515625 0.7180555556818181 0.29296875 0.7111111113636364 0.30703125 0.6722222227272727 0.3296875 0.5736111113636364 0.33515625 0.5069444443181819 0.35 0.4791666670454546 0.359375 0.44027777727272727 0.3625 0.40277777727272723 0.36875 0.3763888886363636 0.365625 0.34166666704545456 0.353125 0.3375 0.34765625 0.3263888886363636 0.35234375 0.29583333295454545 0.36015625 0.2861111113636364 0.36640625 0.22361111136363637 0.371875 0.2194444443181818 0.3703125 0.2125 0.34296875 0.1555555556818182 0.31796875 0.13888888863636364 0.290625 0.14444444431818182 0.27109375 0.1625 0.26484375 0.1625 0.225 0.2055555556818182 0.20625 0.20694444431818182 0.20859375 0.2180555556818182 0.18046875 0.28194444431818183 0.171875 0.3305555556818182 0.16484375 0.3333333329545454 0.16015625 0.32916666704545455 0.15859375 0.3055555556818182 0.13984375 0.3305555556818182 0.13515625 0.36388888863636365 0.12734375 0.3833333329545454 0.11875 0.4819444443181818 0.11015625 0.6819444443181819 0.115625 0.7027777772727273 0.12421875 0.7069444443181819 0.13359375 0.6972222227272727