2 0.29829545454545453 0.821590909090909 0.22272727272727272 0.35397727272727275
2 0.10568181818181818 0.7647727272727273 0.21079545454545454 0.4511363636363636
3 0.2346590909090909 0.6602272727272728 0.04431818181818182 0.15681818181818183
3 0.6715909090909091 0.5465909090909091 0.03125 0.11818181818181818
2 0.3693181818181818 0.571590909090909 0.13295454545454546 0.29318181818181815
3 0.7857954545454545 0.5278409090909091 0.04943181818181818 0.08636363636363636
6 0.5630681818181819 0.7056818181818182 0.2119318181818182 0.5806818181818182
2 0.8732954545454545 0.6789772727272727 0.225 0.2721590909090909
3 0.6869318181818181 0.3965909090909091 0.029545454545454545 0.08181818181818182
3 0.5886363636363636 0.27443181818181817 0.01818181818181818 0.056818181818181816
2 0.27954545454545454 0.3931818181818182 0.10795454545454546 0.1806818181818182
3 0.5664772727272728 0.21022727272727273 0.014204545454545454 0.056818181818181816
3 0.5431818181818182 0.2369318181818182 0.020454545454545454 0.06818181818181818
2 0.4159090909090909 0.3806818181818182 0.10170454545454545 0.21647727272727274
2 0.3096590909090909 0.2897727272727273 0.07443181818181818 0.14602272727272728
3 0.6176136363636363 0.2556818181818182 0.01818181818181818 0.06363636363636363
2 0.34602272727272726 0.24488636363636362 0.05625 0.10965909090909091
2 0.5204545454545455 0.3306818181818182 0.06931818181818182 0.14431818181818182