2 0.0875 0.6369318181818182 0.175 0.6039772727272728
2 0.30170454545454545 0.45 0.19943181818181818 0.45
3 0.45795454545454545 0.35625 0.04772727272727273 0.1625
3 0.6295454545454545 0.24147727272727273 0.042045454545454546 0.13863636363636364
3 0.5102272727272728 0.2278409090909091 0.04375 0.14431818181818182
3 0.5482954545454546 0.12897727272727272 0.035227272727272725 0.1028409090909091
3 0.6704545454545454 0.08068181818181819 0.03068181818181818 0.1
3 0.44545454545454544 0.7965909090909091 0.06647727272727273 0.24034090909090908
3 0.7119318181818182 0.7534090909090909 0.07727272727272727 0.2375
3 0.010795454545454546 0.2318181818181818 0.02159090909090909 0.13068181818181818
3 0.5994318181818182 0.1431818181818182 0.029545454545454545 0.07784090909090909
3 0.8431818181818181 0.26193181818181815 0.025 0.12897727272727272