2 0.10625 0.7539772727272728 0.2125 0.4721590909090909
3 0.8681818181818182 0.9056818181818181 0.08693181818181818 0.18352272727272728
2 0.7221590909090909 0.8727272727272727 0.20852272727272728 0.25113636363636366
2 0.4380681818181818 0.6727272727272727 0.15625 0.3181818181818182
2 0.6522727272727272 0.5028409090909091 0.13125 0.26136363636363635
3 0.6255681818181819 0.7193181818181819 0.05227272727272727 0.17784090909090908
3 0.5357954545454545 0.6130681818181818 0.03579545454545455 0.1403409090909091
6 0.22045454545454546 0.4465909090909091 0.16704545454545455 0.33181818181818185
3 0.40397727272727274 0.21477272727272728 0.017045454545454544 0.0625
2 0.3840909090909091 0.9397727272727273 0.18579545454545454 0.11534090909090909
2 0.46079545454545456 0.4028409090909091 0.11193181818181819 0.19715909090909092
3 0.33295454545454545 0.028977272727272727 0.011931818181818182 0.04431818181818182
2 0.5857954545454546 0.2715909090909091 0.06875 0.12102272727272727
3 0.27045454545454545 0.031818181818181815 0.019318181818181818 0.04431818181818182
3 0.48977272727272725 0.17102272727272727 0.015909090909090907 0.06136363636363636
2 0.3215909090909091 0.2840909090909091 0.08295454545454546 0.15965909090909092
3 0.47954545454545455 0.12556818181818183 0.010795454545454546 0.04318181818181818
3 0.42159090909090907 0.1215909090909091 0.015909090909090907 0.04318181818181818
2 0.45795454545454545 0.28863636363636364 0.07954545454545454 0.125
3 0.3 0.02556818181818182 0.025 0.04318181818181818
3 0.5443181818181818 0.4914772727272727 0.03920454545454546 0.11647727272727272
3 0.48295454545454547 0.036931818181818184 0.00909090909090909 0.03465909090909091
3 0.43068181818181817 0.05909090909090909 0.010795454545454546 0.040340909090909094
2 0.3494318181818182 0.22897727272727272 0.056818181818181816 0.11931818181818182