3 0.7619318181818182 0.5096590909090909 0.04375 0.11136363636363636
2 0.6971590909090909 0.8789772727272728 0.2539772727272727 0.23863636363636365
3 0.7244318181818182 0.29318181818181815 0.025 0.06363636363636363
2 0.08977272727272727 0.7931818181818182 0.17954545454545454 0.4056818181818182
3 0.90625 0.6744318181818182 0.06875 0.15113636363636362
3 0.7670454545454546 0.7931818181818182 0.05454545454545454 0.14431818181818182
3 0.6693181818181818 0.41647727272727275 0.02556818181818182 0.09147727272727273
2 0.5886363636363636 0.6755681818181818 0.16477272727272727 0.33181818181818185
3 0.4096590909090909 0.21818181818181817 0.022727272727272728 0.058522727272727275
2 0.1693181818181818 0.5744318181818182 0.16193181818181818 0.2988636363636364
3 0.6329545454545454 0.2943181818181818 0.021022727272727273 0.06931818181818182
2 0.4346590909090909 0.39090909090909093 0.11931818181818182 0.15113636363636362
6 0.25170454545454546 0.36306818181818185 0.17329545454545456 0.3039772727272727
6 0.571590909090909 0.4369318181818182 0.14375 0.34602272727272726
3 0.22443181818181818 0.7789772727272727 0.04772727272727273 0.1943181818181818
5 0.32727272727272727 0.8721590909090909 0.27045454545454545 0.25
3 0.3568181818181818 0.3977272727272727 0.029545454545454545 0.09318181818181819
3 0.2681818181818182 0.036931818181818184 0.013068181818181817 0.04318181818181818
2 0.45795454545454545 0.3443181818181818 0.08920454545454545 0.14431818181818182