2 0.3806818181818182 0.8119318181818181 0.26136363636363635 0.3704545454545455
2 0.6272727272727273 0.5619318181818181 0.15 0.26477272727272727
2 0.5607954545454545 0.28352272727272726 0.09886363636363636 0.17329545454545456
3 0.32443181818181815 0.4460227272727273 0.03238636363636364 0.12215909090909091
2 0.4414772727272727 0.4403409090909091 0.13465909090909092 0.24375
3 0.04090909090909091 0.6528409090909091 0.048863636363636366 0.17613636363636365
3 0.37670454545454546 0.36363636363636365 0.028409090909090908 0.08352272727272728
2 0.17670454545454545 0.48579545454545453 0.13465909090909092 0.24886363636363637
3 0.29204545454545455 0.5778409090909091 0.04318181818181818 0.14829545454545454
2 0.5602272727272727 0.12443181818181819 0.06306818181818181 0.10113636363636364
2 0.19488636363636364 0.31022727272727274 0.1 0.15170454545454545
3 0.48863636363636365 0.08238636363636363 0.013636363636363636 0.04602272727272727
3 0.1806818181818182 0.6914772727272728 0.04772727272727273 0.17045454545454544
2 0.05568181818181818 0.9102272727272728 0.11136363636363636 0.17784090909090908
3 0.4681818181818182 0.22727272727272727 0.023295454545454546 0.075
3 0.7653409090909091 0.9755681818181818 0.09431818181818181 0.048863636363636366
2 0.25 0.20113636363636364 0.08409090909090909 0.14886363636363636
2 0.39090909090909093 0.21875 0.07784090909090909 0.16136363636363638
2 0.4551136363636364 0.11022727272727273 0.055113636363636365 0.1
2 0.024431818181818183 0.15113636363636362 0.048863636363636366 0.09261363636363637
3 0.3068181818181818 0.33352272727272725 0.03579545454545455 0.07670454545454546
3 0.17386363636363636 0.06079545454545455 0.016477272727272726 0.03806818181818182
3 0.31420454545454546 0.23238636363636364 0.01818181818181818 0.05909090909090909
3 0.3392045454545455 0.2857954545454545 0.028977272727272727 0.07329545454545454