2 0.6102272727272727 0.8647727272727272 0.2159090909090909 0.26534090909090907
2 0.9102272727272728 0.7806818181818181 0.17954545454545454 0.41363636363636364
3 0.7676136363636363 0.5244318181818182 0.04318181818181818 0.1125
3 0.6380681818181818 0.5494318181818182 0.04772727272727273 0.14602272727272728
3 0.42045454545454547 0.7039772727272727 0.05056818181818182 0.17784090909090908
3 0.6545454545454545 0.2994318181818182 0.02159090909090909 0.07613636363636364
3 0.26420454545454547 0.9448863636363637 0.08352272727272728 0.10965909090909091
3 0.39431818181818185 0.3755681818181818 0.03579545454545455 0.10397727272727272
2 0.5681818181818182 0.23068181818181818 0.07045454545454545 0.11931818181818182
3 0.3801136363636364 0.28806818181818183 0.021022727272727273 0.07386363636363637
4 0.2556818181818182 0.3710227272727273 0.2431818181818182 0.5556818181818182
6 0.4556818181818182 0.15227272727272728 0.061931818181818185 0.15397727272727274
2 0.46136363636363636 0.27443181818181817 0.06647727272727273 0.1318181818181818
3 0.42045454545454547 0.32443181818181815 0.02556818181818182 0.1125
2 0.5386363636363637 0.15568181818181817 0.04772727272727273 0.06931818181818182