3 0.7613636363636364 0.5119318181818182 0.04431818181818182 0.12102272727272727
3 0.9590909090909091 0.7318181818181818 0.0715909090909091 0.15568181818181817
3 0.6926136363636364 0.4590909090909091 0.02727272727272727 0.09602272727272727
3 0.7255681818181818 0.665340909090909 0.045454545454545456 0.1471590909090909
3 0.6443181818181818 0.6068181818181818 0.03920454545454546 0.14431818181818182
2 0.21931818181818183 0.5130681818181818 0.15681818181818183 0.2988636363636364
3 0.05625 0.34147727272727274 0.025 0.06647727272727273
2 0.6017045454545454 0.4034090909090909 0.10397727272727272 0.19886363636363635
3 0.014204545454545454 0.36306818181818185 0.028409090909090908 0.10397727272727272
3 0.6738636363636363 0.35852272727272727 0.021022727272727273 0.08352272727272728
3 0.6409090909090909 0.3090909090909091 0.01818181818181818 0.06534090909090909
3 0.5448863636363637 0.1494318181818182 0.013068181818181817 0.040340909090909094
4 0.3977272727272727 0.5380681818181818 0.1625 0.29318181818181815
3 0.22954545454545455 0.16818181818181818 0.01875 0.06647727272727273
3 0.2875 0.14431818181818182 0.0125 0.03636363636363636
2 0.5409090909090909 0.26022727272727275 0.07556818181818181 0.12613636363636363
3 0.10681818181818181 0.24943181818181817 0.014204545454545454 0.04602272727272727
2 0.29147727272727275 0.35568181818181815 0.10454545454545454 0.22215909090909092
3 0.709659090909091 0.4193181818181818 0.01818181818181818 0.08068181818181819
3 0.26193181818181815 0.1471590909090909 0.013068181818181817 0.06363636363636363
3 0.12670454545454546 0.33238636363636365 0.023295454545454546 0.0625
3 0.6227272727272727 0.23352272727272727 0.014204545454545454 0.05568181818181818
3 0.5982954545454545 0.19943181818181818 0.016477272727272726 0.04318181818181818
3 0.5977272727272728 0.18409090909090908 0.01875 0.07102272727272728
3 0.6119318181818182 0.26022727272727275 0.01875 0.05397727272727273
2 0.33295454545454545 0.2556818181818182 0.07102272727272728 0.15852272727272726