2 0.4460227272727273 0.5761363636363637 0.1715909090909091 0.3573863636363636
2 0.5613636363636364 0.3261363636363636 0.10454545454545454 0.2
2 0.41647727272727275 0.28238636363636366 0.09659090909090909 0.15738636363636363
6 0.07840909090909091 0.6426136363636363 0.15681818181818183 0.6170454545454546
2 0.19147727272727272 0.35397727272727275 0.10738636363636364 0.26022727272727275
3 0.44772727272727275 0.13522727272727272 0.01875 0.06136363636363636
2 0.26193181818181815 0.18977272727272726 0.06988636363636364 0.12045454545454545
3 0.275 0.55625 0.04090909090909091 0.13238636363636364
3 0.3170454545454545 0.7948863636363637 0.04659090909090909 0.1806818181818182
3 0.2125 0.022727272727272728 0.011931818181818182 0.04147727272727273
3 0.17613636363636365 0.026136363636363635 0.01534090909090909 0.051704545454545454
3 0.24488636363636362 0.46988636363636366 0.03806818181818182 0.09545454545454546
3 0.3346590909090909 0.16988636363636364 0.019886363636363636 0.060227272727272727
3 0.20625 0.8181818181818182 0.0625 0.21363636363636362
3 0.21136363636363636 0.6198863636363636 0.055113636363636365 0.09886363636363636
2 0.4 0.15113636363636362 0.06534090909090909 0.11761363636363636
3 0.15965909090909092 0.9602272727272727 0.09204545454545454 0.07954545454545454
3 0.27329545454545456 0.03238636363636364 0.013068181818181817 0.05397727272727273
2 0.3806818181818182 0.04318181818181818 0.042045454545454546 0.08409090909090909