3 0.06136363636363636 0.22102272727272726 0.022727272727272728 0.08125
2 0.09318181818181819 0.78125 0.18636363636363637 0.4340909090909091
3 0.6693181818181818 0.3886363636363636 0.03636363636363636 0.10568181818181818
3 0.44829545454545455 0.9625 0.10454545454545454 0.075
3 0.5676136363636364 0.8778409090909091 0.06875 0.2409090909090909
2 0.4193181818181818 0.5789772727272727 0.17386363636363636 0.3693181818181818
2 0.12670454545454546 0.48352272727272727 0.15397727272727274 0.2988636363636364
2 0.5579545454545455 0.29659090909090907 0.10170454545454545 0.20625
2 0.4715909090909091 0.3806818181818182 0.11761363636363636 0.22215909090909092
3 0.2005681818181818 0.03579545454545455 0.0125 0.05454545454545454
2 0.36477272727272725 0.2857954545454545 0.10795454545454546 0.20625
3 0.28863636363636364 0.5852272727272727 0.05056818181818182 0.13863636363636364
3 0.2471590909090909 0.8153409090909091 0.08295454545454546 0.19147727272727272
3 0.27329545454545456 0.4511363636363636 0.03409090909090909 0.07329545454545454
2 0.21761363636363637 0.27102272727272725 0.09147727272727273 0.16875
3 0.24147727272727273 0.38579545454545455 0.03125 0.11022727272727273
3 0.3153409090909091 0.5164772727272727 0.0375 0.15397727272727274
3 0.41818181818181815 0.19772727272727272 0.019318181818181818 0.08806818181818182
3 0.25625 0.058522727272727275 0.011931818181818182 0.058522727272727275
2 0.06704545454545455 0.08068181818181819 0.05 0.07045454545454545
3 0.24034090909090908 0.5306818181818181 0.028977272727272727 0.08863636363636364