2 0.26704545454545453 0.6568181818181819 0.225 0.5471590909090909
2 0.09431818181818181 0.4772727272727273 0.18863636363636363 0.4590909090909091
2 0.7073863636363636 0.7102272727272727 0.25681818181818183 0.5710227272727273
2 0.6261363636363636 0.35852272727272727 0.17272727272727273 0.3886363636363636
3 0.7806818181818181 0.5244318181818182 0.05056818181818182 0.17613636363636365
2 0.4068181818181818 0.33352272727272725 0.15170454545454545 0.3471590909090909
3 0.8619318181818182 0.8255681818181818 0.08181818181818182 0.2596590909090909
2 0.39090909090909093 0.1590909090909091 0.11647727272727272 0.22613636363636364
3 0.7255681818181818 0.3380681818181818 0.042045454545454546 0.15397727272727274
2 0.21306818181818182 0.1806818181818182 0.14545454545454545 0.26931818181818185
2 0.5431818181818182 0.06875 0.10056818181818182 0.1375
2 0.5431818181818182 0.1965909090909091 0.10397727272727272 0.21818181818181817
2 0.26136363636363635 0.06875 0.09772727272727273 0.1375
2 0.43579545454545454 0.06534090909090909 0.08693181818181818 0.13068181818181818
3 0.6386363636363637 0.11818181818181818 0.035227272727272725 0.08863636363636364
3 0.2988636363636364 0.32840909090909093 0.03977272727272727 0.10113636363636364
3 0.7005681818181818 0.20852272727272728 0.04147727272727273 0.10568181818181818
3 0.6636363636363637 0.11193181818181819 0.02727272727272727 0.10113636363636364
3 0.6119318181818182 0.08068181818181819 0.03295454545454545 0.08863636363636364