2 0.08409090909090909 0.6278409090909091 0.16818181818181818 0.39431818181818185
3 0.8005681818181818 0.8636363636363636 0.06761363636363636 0.23806818181818182
3 0.7420454545454546 0.6857954545454545 0.05625 0.16761363636363635
2 0.41647727272727275 0.61875 0.18920454545454546 0.5926136363636364
2 0.61875 0.7289772727272728 0.17272727272727273 0.3840909090909091
3 0.8613636363636363 0.51875 0.05909090909090909 0.12045454545454545
3 0.24943181818181817 0.5806818181818182 0.038636363636363635 0.14829545454545454
2 0.5340909090909091 0.2903409090909091 0.09375 0.19545454545454546
3 0.7255681818181818 0.33352272727272725 0.036931818181818184 0.10113636363636364
3 0.8198863636363637 0.41647727272727275 0.048295454545454544 0.10170454545454545
2 0.24204545454545454 0.3039772727272727 0.10738636363636364 0.19886363636363635
3 0.045454545454545456 0.09147727272727273 0.02159090909090909 0.06477272727272727
2 0.4107954545454545 0.29772727272727273 0.09659090909090909 0.11363636363636363
2 0.17386363636363636 0.4369318181818182 0.12045454545454545 0.21306818181818182
3 0.06704545454545455 0.07897727272727273 0.022727272727272728 0.061931818181818185
2 0.37613636363636366 0.23522727272727273 0.07954545454545454 0.16477272727272727
2 0.23806818181818182 0.21022727272727273 0.0971590909090909 0.1409090909090909
2 0.4715909090909091 0.09147727272727273 0.05 0.09431818181818181
2 0.3710227272727273 0.11988636363636364 0.05909090909090909 0.12102272727272727