2 0.39375 0.7119318181818182 0.1846590909090909 0.40397727272727274
3 0.7511363636363636 0.6727272727272727 0.05284090909090909 0.17670454545454545
2 0.6318181818181818 0.5886363636363636 0.16477272727272727 0.38238636363636364
2 0.5897727272727272 0.39943181818181817 0.11420454545454546 0.21761363636363637
3 0.25170454545454546 0.4653409090909091 0.04375 0.13636363636363635
3 0.15113636363636362 0.7994318181818182 0.06931818181818182 0.23806818181818182
3 0.5471590909090909 0.2539772727272727 0.023295454545454546 0.08068181818181819
3 0.6755681818181818 0.39829545454545456 0.03636363636363636 0.10738636363636364
3 0.1471590909090909 0.6164772727272727 0.05227272727272727 0.11647727272727272
3 0.0659090909090909 0.7607954545454545 0.05625 0.18409090909090908
2 0.35113636363636364 0.44772727272727275 0.12727272727272726 0.22897727272727272
3 0.8119318181818181 0.9232954545454546 0.08920454545454545 0.15170454545454545
3 0.2034090909090909 0.6153409090909091 0.036931818181818184 0.15113636363636362
3 0.7295454545454545 0.5244318181818182 0.04715909090909091 0.13238636363636364
2 0.4426136363636364 0.26647727272727273 0.0903409090909091 0.18522727272727274
2 0.3119318181818182 0.28352272727272726 0.09943181818181818 0.17329545454545456
3 0.14431818181818182 0.47102272727272726 0.04261363636363636 0.09829545454545455
3 0.5284090909090909 0.09602272727272727 0.015909090909090907 0.06875
3 0.6085227272727273 0.26534090909090907 0.026136363636363635 0.0659090909090909
2 0.23352272727272727 0.2028409090909091 0.08977272727272727 0.17045454545454544
3 0.20625 0.48579545454545453 0.0375 0.13068181818181818
3 0.17897727272727273 0.42102272727272727 0.028977272727272727 0.13125
2 0.35852272727272727 0.18579545454545454 0.07329545454545454 0.11761363636363636
3 0.5539772727272727 0.16875 0.028409090909090908 0.05568181818181818
3 0.03125 0.6011363636363637 0.03465909090909091 0.1340909090909091
3 0.29261363636363635 0.16079545454545455 0.022727272727272728 0.06363636363636363