3 0.7784090909090909 0.4198863636363636 0.03068181818181818 0.0875
3 0.5244318181818182 0.5619318181818181 0.03920454545454546 0.1318181818181818
3 0.3880681818181818 0.26193181818181815 0.026704545454545453 0.0903409090909091
2 0.6568181818181819 0.6369318181818182 0.14545454545454545 0.2846590909090909
3 0.5477272727272727 0.48068181818181815 0.028409090909090908 0.10568181818181818
2 0.2431818181818182 0.5943181818181819 0.09943181818181818 0.325
3 0.3255681818181818 0.5869318181818182 0.05568181818181818 0.1875
2 0.2681818181818182 0.43522727272727274 0.10681818181818181 0.1903409090909091
2 0.4409090909090909 0.5693181818181818 0.14602272727272728 0.2528409090909091
2 0.3159090909090909 0.32443181818181815 0.08693181818181818 0.15397727272727274
2 0.44886363636363635 0.3875 0.08977272727272727 0.15
3 0.15625 0.1744318181818182 0.01875 0.04318181818181818
3 0.28295454545454546 0.04715909090909091 0.010795454545454546 0.038636363636363635
3 0.42556818181818185 0.19318181818181818 0.01818181818181818 0.058522727272727275
6 0.1 0.6960227272727273 0.2 0.5971590909090909
3 0.5676136363636364 0.4244318181818182 0.019318181818181818 0.06818181818181818
2 0.45170454545454547 0.24772727272727274 0.06704545454545455 0.1403409090909091
3 0.35056818181818183 0.5056818181818182 0.03920454545454546 0.11136363636363636
2 0.41306818181818183 0.8443181818181819 0.2943181818181818 0.30568181818181817
7 0.60859375 0.4 0.62578125 0.4527777772727272 0.63125 0.4583333329545454 0.72421875 0.4805555556818182 0.7296875 0.47083333295454544 0.7375 0.4222222227272728 0.7484375 0.28888888863636364 0.74140625 0.2319444443181818 0.6875 0.16111111136363637 0.67265625 0.14722222272727273 0.63671875 0.13055555568181818 0.63046875 0.14166666704545455 0.6 0.1486111113636364 0.5984375 0.18888888863636363 0.60078125 0.19861111136363638 0.59453125 0.22916666704545455 0.596875 0.28194444431818183 0.58984375 0.3319444443181818 0.5984375 0.3819444443181818 0.60859375 0.4