2 0.46875 0.7886363636363637 0.19602272727272727 0.4147727272727273
2 0.6596590909090909 0.27443181818181817 0.11022727272727273 0.16590909090909092
3 0.6943181818181818 0.6806818181818182 0.05625 0.15170454545454545
2 0.13352272727272727 0.8011363636363636 0.23522727272727273 0.39375
3 0.8329545454545455 0.9289772727272727 0.09886363636363636 0.13977272727272727
3 0.575 0.61875 0.0375 0.1409090909090909
2 0.21875 0.30113636363636365 0.10625 0.19375
3 0.29204545454545455 0.48863636363636365 0.04431818181818182 0.14147727272727273
3 0.5352272727272728 0.3931818181818182 0.033522727272727273 0.12329545454545454
3 0.33181818181818185 0.6744318181818182 0.05568181818181818 0.17329545454545456
3 0.33295454545454545 0.38693181818181815 0.03579545454545455 0.11136363636363636
3 0.43579545454545454 0.20113636363636364 0.021022727272727273 0.07215909090909091
3 0.51875 0.013636363636363636 0.0125 0.02727272727272727
3 0.2346590909090909 0.5869318181818182 0.04431818181818182 0.1409090909090909
2 0.14261363636363636 0.14488636363636365 0.07727272727272727 0.11761363636363636
3 0.4159090909090909 0.39602272727272725 0.022727272727272728 0.09431818181818181
3 0.4238636363636364 0.033522727272727273 0.011363636363636364 0.03238636363636364
3 0.3073863636363636 0.31363636363636366 0.030113636363636363 0.075
2 0.2909090909090909 0.1278409090909091 0.0659090909090909 0.10397727272727272
3 0.5204545454545455 0.29375 0.02727272727272727 0.08693181818181818
3 0.08806818181818182 0.6710227272727273 0.06079545454545455 0.15170454545454545
3 0.39545454545454545 0.04147727272727273 0.010795454545454546 0.04261363636363636