2 0.7539772727272728 0.83125 0.24659090909090908 0.3340909090909091
2 0.522159090909091 0.7585227272727273 0.19545454545454546 0.43977272727272726
2 0.08409090909090909 0.7136363636363636 0.16761363636363635 0.3659090909090909
3 0.6369318181818182 0.22613636363636364 0.026136363636363635 0.07670454545454546
2 0.30170454545454545 0.727840909090909 0.1846590909090909 0.37613636363636366
3 0.22840909090909092 0.5823863636363636 0.05284090909090909 0.15397727272727274
3 0.2994318181818182 0.36875 0.026136363636363635 0.09602272727272727
3 0.63125 0.60625 0.06306818181818181 0.18409090909090908
3 0.16022727272727272 0.05284090909090909 0.019318181818181818 0.06875
3 0.42670454545454545 0.5994318181818182 0.048295454545454544 0.15113636363636362
3 0.44431818181818183 0.2528409090909091 0.030113636363636363 0.08125
3 0.4943181818181818 0.4460227272727273 0.03295454545454545 0.10909090909090909
2 0.18238636363636362 0.3386363636363636 0.11420454545454546 0.21875
2 0.28920454545454544 0.9335227272727272 0.19886363636363635 0.12897727272727272
3 0.3085227272727273 0.21534090909090908 0.02159090909090909 0.075
3 0.31875 0.5028409090909091 0.04943181818181818 0.08125
3 0.7693181818181818 0.6193181818181818 0.051704545454545454 0.12045454545454545
3 0.28125 0.2994318181818182 0.023863636363636365 0.07897727272727273
4 0.45681818181818185 0.07386363636363637 0.09261363636363637 0.1471590909090909
2 0.5585227272727272 0.18579545454545454 0.07102272727272728 0.14886363636363636
3 0.3664772727272727 0.01818181818181818 0.011931818181818182 0.03409090909090909
3 0.31931818181818183 0.16875 0.026136363636363635 0.07784090909090909
3 0.4823863636363636 0.23579545454545456 0.017613636363636363 0.07670454545454546
2 0.2431818181818182 0.20113636363636364 0.08238636363636363 0.15284090909090908
3 0.17897727272727273 0.18352272727272728 0.025 0.08977272727272727
2 0.36818181818181817 0.23579545454545456 0.08011363636363636 0.16761363636363635