2 0.7710227272727272 0.7494318181818181 0.18409090909090908 0.34602272727272726
2 0.5585227272727272 0.7073863636363636 0.17045454545454544 0.3846590909090909
2 0.36079545454545453 0.6852272727272727 0.16193181818181818 0.3789772727272727
2 0.275 0.37272727272727274 0.09375 0.20681818181818182
2 0.5556818181818182 0.4289772727272727 0.10795454545454546 0.17784090909090908
2 0.39431818181818185 0.37613636363636366 0.1 0.18863636363636363
2 0.6318181818181818 0.2994318181818182 0.08579545454545455 0.15397727272727274
3 0.7698863636363636 0.5522727272727272 0.02727272727272727 0.05397727272727273
3 0.5829545454545455 0.24943181818181817 0.02727272727272727 0.07897727272727273
2 0.4954545454545455 0.29772727272727273 0.07272727272727272 0.14602272727272728
2 0.4159090909090909 0.2369318181818182 0.06647727272727273 0.12386363636363637
2 0.3255681818181818 0.2340909090909091 0.07045454545454545 0.13465909090909092
3 0.4784090909090909 0.5369318181818182 0.029545454545454545 0.1318181818181818
3 0.48863636363636365 0.18409090909090908 0.019318181818181818 0.05113636363636364
3 0.7732954545454546 0.5147727272727273 0.03579545454545455 0.12613636363636363