2 0.058522727272727275 0.8369318181818182 0.11647727272727272 0.3221590909090909
2 0.13920454545454544 0.5244318181818182 0.1471590909090909 0.29147727272727275
3 0.25227272727272726 0.7545454545454545 0.05113636363636364 0.17954545454545454
2 0.4193181818181818 0.42613636363636365 0.12215909090909091 0.2159090909090909
3 0.522159090909091 0.9181818181818182 0.07329545454545454 0.16363636363636364
3 0.7823863636363636 0.38238636363636364 0.04943181818181818 0.11136363636363636
3 0.2846590909090909 0.5869318181818182 0.04375 0.10568181818181818
2 0.7454545454545455 0.8823863636363637 0.2471590909090909 0.23352272727272727
3 0.5352272727272728 0.23068181818181818 0.028977272727272727 0.09602272727272727
2 0.3875 0.28863636363636364 0.0875 0.17045454545454544
2 0.22670454545454546 0.2778409090909091 0.09943181818181818 0.1721590909090909
3 0.29318181818181815 0.3477272727272727 0.030113636363636363 0.08806818181818182
3 0.44488636363636364 0.08068181818181819 0.014772727272727272 0.04261363636363636
3 0.08181818181818182 0.17784090909090908 0.01818181818181818 0.06136363636363636
3 0.6846590909090909 0.5573863636363636 0.04375 0.13522727272727272
3 0.2551136363636364 0.5136363636363637 0.02727272727272727 0.09375
3 0.6806818181818182 0.70625 0.07329545454545454 0.15625
3 0.35625 0.03238636363636364 0.010227272727272727 0.036931818181818184
3 0.3784090909090909 0.014204545454545454 0.00909090909090909 0.028409090909090908
2 0.5 0.1403409090909091 0.06761363636363636 0.11761363636363636
3 0.3380681818181818 0.07613636363636364 0.017045454545454544 0.05625
3 0.4914772727272727 0.05625 0.016477272727272726 0.060227272727272727