3 0.9522727272727273 0.7380681818181818 0.0715909090909091 0.15681818181818183
2 0.2056818181818182 0.8744318181818181 0.2755681818181818 0.24886363636363637
2 0.1318181818181818 0.7073863636363636 0.19147727272727272 0.3403409090909091
3 0.7005681818181818 0.7056818181818182 0.05 0.1471590909090909
3 0.7625 0.6647727272727273 0.05 0.15113636363636362
2 0.3784090909090909 0.6846590909090909 0.18409090909090908 0.4113636363636364
3 0.7431818181818182 0.8914772727272727 0.06420454545454546 0.21363636363636362
3 0.7505681818181819 0.5278409090909091 0.03806818181818182 0.10568181818181818
3 0.8505681818181818 0.8653409090909091 0.056818181818181816 0.1806818181818182
3 0.6659090909090909 0.6278409090909091 0.03806818181818182 0.14431818181818182
2 0.23579545454545456 0.4630681818181818 0.1340909090909091 0.24602272727272728
3 0.8767045454545455 0.7352272727272727 0.03295454545454545 0.1125
2 0.5727272727272728 0.5852272727272727 0.14545454545454545 0.3125
3 0.6823863636363636 0.37613636363636366 0.021022727272727273 0.075
3 0.6607954545454545 0.47897727272727275 0.033522727272727273 0.08068181818181819
3 0.7261363636363637 0.4681818181818182 0.02727272727272727 0.08863636363636364
3 0.4948863636363636 0.38181818181818183 0.028977272727272727 0.08068181818181819
6 0.38522727272727275 0.3710227272727273 0.13579545454545455 0.35
3 0.47954545454545455 0.5244318181818182 0.033522727272727273 0.12386363636363637
2 0.5681818181818182 0.36818181818181817 0.08579545454545455 0.14431818181818182
3 0.647159090909091 0.4153409090909091 0.024431818181818183 0.058522727272727275