2 0.09318181818181819 0.6511363636363636 0.18636363636363637 0.38125
2 0.30625 0.6539772727272727 0.1630681818181818 0.4289772727272727
3 0.8403409090909091 0.46079545454545456 0.0659090909090909 0.125
3 0.44488636363636364 0.5903409090909091 0.04772727272727273 0.17102272727272727
3 0.61875 0.40397727272727274 0.03579545454545455 0.11761363636363636
3 0.5181818181818182 0.17897727272727273 0.026136363636363635 0.06931818181818182
3 0.39147727272727273 0.03579545454545455 0.013636363636363636 0.03977272727272727
3 0.35113636363636364 0.35852272727272727 0.035227272727272725 0.1028409090909091
3 0.05 0.22613636363636364 0.03068181818181818 0.07329545454545454
3 0.03295454545454545 0.32329545454545455 0.03125 0.07784090909090909
3 0.2625 0.013636363636363636 0.011363636363636364 0.02727272727272727
3 0.45625 0.0125 0.011363636363636364 0.025
3 0.32897727272727273 0.007386363636363636 0.008522727272727272 0.014772727272727272
3 0.5465909090909091 0.04147727272727273 0.01875 0.06875
3 0.36079545454545453 0.015909090909090907 0.00909090909090909 0.03125
2 0.11761363636363636 0.16988636363636364 0.07386363636363637 0.1028409090909091