2 0.37670454545454546 0.8039772727272727 0.2005681818181818 0.38636363636363635
2 0.6409090909090909 0.6261363636363636 0.18920454545454546 0.37670454545454546
2 0.34375 0.5198863636363636 0.15 0.2988636363636364
2 0.5738636363636364 0.42102272727272727 0.12443181818181819 0.25170454545454546
3 0.22215909090909092 0.9164772727272728 0.05454545454545454 0.16477272727272727
6 0.51875 0.18693181818181817 0.09375 0.23352272727272727
3 0.05397727272727273 0.8715909090909091 0.10795454545454546 0.25625
2 0.0625 0.14602272727272728 0.07045454545454545 0.10738636363636364
3 0.14886363636363636 0.8619318181818182 0.06534090909090909 0.21306818181818182
3 0.6505681818181818 0.22897727272727272 0.019886363636363636 0.07102272727272728
3 0.4511363636363636 0.5073863636363637 0.03465909090909091 0.14431818181818182
2 0.1215909090909091 0.58125 0.15738636363636363 0.3306818181818182
3 0.5988636363636364 0.24772727272727274 0.033522727272727273 0.09375
2 0.37386363636363634 0.36363636363636365 0.11534090909090909 0.22045454545454546
3 0.7659090909090909 0.5994318181818182 0.05 0.20852272727272728
3 0.4596590909090909 0.10738636363636364 0.015909090909090907 0.051704545454545454
2 0.16420454545454546 0.4056818181818182 0.1403409090909091 0.24431818181818182
2 0.020454545454545454 0.25113636363636366 0.04090909090909091 0.11306818181818182
2 0.15738636363636363 0.1215909090909091 0.06704545454545455 0.11363636363636363