2 0.14431818181818182 0.7806818181818181 0.24431818181818182 0.43636363636363634
2 0.6568181818181819 0.7431818181818182 0.1943181818181818 0.43068181818181817
2 0.4238636363636364 0.7931818181818182 0.22102272727272726 0.40852272727272726
3 0.3721590909090909 0.4375 0.02727272727272727 0.1
2 0.5767045454545454 0.4244318181818182 0.10454545454545454 0.2318181818181818
3 0.8267045454545454 0.9073863636363636 0.0715909090909091 0.17613636363636365
3 0.32670454545454547 0.7056818181818182 0.05568181818181818 0.2028409090909091
3 0.30625 0.4653409090909091 0.03579545454545455 0.10568181818181818
2 0.22727272727272727 0.5465909090909091 0.13579545454545455 0.2318181818181818
3 0.65 0.32727272727272727 0.026704545454545453 0.0875
2 0.45681818181818185 0.5255681818181818 0.13068181818181818 0.22102272727272726
2 0.44829545454545455 0.3380681818181818 0.0875 0.17102272727272727
3 0.39204545454545453 0.3181818181818182 0.025 0.08068181818181819
6 0.5869318181818182 0.2681818181818182 0.08806818181818182 0.1721590909090909
2 0.3170454545454545 0.32443181818181815 0.09602272727272727 0.1653409090909091
2 0.34147727272727274 0.2369318181818182 0.0715909090909091 0.1318181818181818
2 0.4738636363636364 0.22215909090909092 0.061931818181818185 0.12215909090909091
3 0.43068181818181817 0.1471590909090909 0.017045454545454544 0.06136363636363636