2 0.15568181818181817 0.634090909090909 0.18181818181818182 0.35113636363636364
3 0.6977272727272728 0.5153409090909091 0.04375 0.1
2 0.8073863636363636 0.8306818181818182 0.2056818181818182 0.33352272727272725
3 0.9431818181818182 0.9375 0.08181818181818182 0.125
3 0.9392045454545455 0.7102272727272727 0.04090909090909091 0.14602272727272728
2 0.3801136363636364 0.7369318181818182 0.19147727272727272 0.42102272727272727
2 0.625 0.6806818181818182 0.15454545454545454 0.30568181818181817
2 0.6022727272727273 0.4778409090909091 0.11079545454545454 0.1806818181818182
2 0.7255681818181818 0.9318181818181818 0.20795454545454545 0.13068181818181818
2 0.24147727272727273 0.48352272727272727 0.125 0.225
3 0.4380681818181818 0.9602272727272727 0.07329545454545454 0.07897727272727273
3 0.4875 0.5522727272727272 0.03920454545454546 0.12386363636363637
0 0.6869318181818181 0.3494318181818182 0.12102272727272727 0.22613636363636364
2 0.39090909090909093 0.5244318181818182 0.13522727272727272 0.19318181818181818
2 0.4034090909090909 0.39034090909090907 0.11079545454545454 0.175
3 0.23636363636363636 0.9556818181818182 0.04772727272727273 0.08636363636363636
2 0.5380681818181818 0.36306818181818185 0.08579545454545455 0.17613636363636365
3 0.49318181818181817 0.8880681818181818 0.06875 0.21818181818181817
2 0.29772727272727273 0.36306818181818185 0.1125 0.20397727272727273
2 0.5994318181818182 0.1943181818181818 0.07443181818181818 0.15