2 0.4034090909090909 0.4147727272727273 0.1784090909090909 0.4153409090909091
2 0.09431818181818181 0.5272727272727272 0.18806818181818183 0.4096590909090909
2 0.9102272727272728 0.5022727272727273 0.17954545454545454 0.2846590909090909
3 0.25738636363636364 0.6835227272727272 0.06818181818181818 0.23352272727272727
2 0.20170454545454544 0.2818181818181818 0.14829545454545454 0.26136363636363635
2 0.28238636363636366 0.09318181818181819 0.12556818181818183 0.18636363636363637
3 0.05056818181818182 0.02784090909090909 0.036931818181818184 0.05568181818181818
3 0.41363636363636364 0.07443181818181818 0.035227272727272725 0.09602272727272727
3 0.5318181818181819 0.3528409090909091 0.04431818181818182 0.15568181818181817
3 0.07840909090909091 0.1215909090909091 0.03806818181818182 0.11534090909090909
3 0.8454545454545455 0.8386363636363636 0.09431818181818181 0.2636363636363636
2 0.6267045454545455 0.4431818181818182 0.16022727272727272 0.35568181818181815
3 0.70625 0.975 0.1 0.05
3 0.8125 0.95625 0.075 0.0875
3 0.6448863636363636 0.11193181818181819 0.031818181818181815 0.09886363636363636
3 0.56875 0.23863636363636365 0.03295454545454545 0.11136363636363636
3 0.6846590909090909 0.20397727272727273 0.06818181818181818 0.11136363636363636
3 0.7204545454545455 0.8193181818181818 0.058522727272727275 0.14431818181818182
3 0.6130681818181818 0.21477272727272728 0.04318181818181818 0.10681818181818181
3 0.6170454545454546 0.24147727272727273 0.04147727272727273 0.05568181818181818
3 0.031818181818181815 0.9130681818181818 0.06306818181818181 0.17102272727272727
2 0.5613636363636364 0.04772727272727273 0.075 0.09545454545454546