3 0.6698863636363637 0.3465909090909091 0.028977272727272727 0.0875
2 0.07954545454545454 0.8130681818181819 0.15852272727272726 0.36818181818181817
3 0.5073863636363637 0.9068181818181819 0.08352272727272728 0.18352272727272728
3 0.6011363636363637 0.3215909090909091 0.02727272727272727 0.0903409090909091
3 0.865909090909091 0.7534090909090909 0.05227272727272727 0.1125
2 0.15056818181818182 0.6119318181818182 0.1625 0.34602272727272726
2 0.6801136363636363 0.8818181818181818 0.21647727272727274 0.23068181818181818
3 0.7784090909090909 0.7130681818181818 0.060227272727272727 0.1375
3 0.7022727272727273 0.7261363636363637 0.06079545454545455 0.0971590909090909
3 0.5755681818181818 0.14659090909090908 0.014772727272727272 0.040340909090909094
3 0.90625 0.9028409090909091 0.05 0.13352272727272727
3 0.6193181818181818 0.49772727272727274 0.03068181818181818 0.1318181818181818
3 0.6619318181818182 0.6153409090909091 0.03579545454545455 0.13636363636363635
3 0.6886363636363636 0.6369318181818182 0.036931818181818184 0.10681818181818181
3 0.5392045454545454 0.7619318181818182 0.061931818181818185 0.14602272727272728
5 0.3301136363636364 0.6431818181818182 0.3039772727272727 0.7028409090909091
2 0.2761363636363636 0.34147727272727274 0.08352272727272728 0.10568181818181818
2 0.55 0.5369318181818182 0.1375 0.29318181818181815
3 0.865909090909091 0.94375 0.04772727272727273 0.1125
3 0.8079545454545455 0.9619318181818182 0.06477272727272727 0.07613636363636364
3 0.34545454545454546 0.016477272727272726 0.008522727272727272 0.03068181818181818
3 0.9755681818181818 0.9664772727272727 0.04431818181818182 0.06647727272727273
3 0.7806818181818181 0.5397727272727273 0.03068181818181818 0.07897727272727273