2 0.07215909090909091 0.7613636363636364 0.14431818181818182 0.4636363636363636
3 0.3534090909090909 0.1494318181818182 0.02159090909090909 0.08068181818181819
3 0.2869318181818182 0.6164772727272727 0.05795454545454545 0.2
2 0.16704545454545455 0.41875 0.1340909090909091 0.2590909090909091
3 0.17897727272727273 0.6261363636363636 0.05113636363636364 0.15284090909090908
3 0.1625 0.026136363636363635 0.013068181818181817 0.048295454545454544
2 0.44772727272727275 0.22102272727272726 0.09090909090909091 0.16136363636363638
3 0.6130681818181818 0.45852272727272725 0.03579545454545455 0.11193181818181819
3 0.51875 0.08693181818181818 0.013068181818181817 0.04602272727272727
3 0.29715909090909093 0.43863636363636366 0.03465909090909091 0.12102272727272727
2 0.44943181818181815 0.7306818181818182 0.20227272727272727 0.47045454545454546
3 0.5960227272727273 0.3073863636363636 0.036931818181818184 0.13522727272727272
2 0.26590909090909093 0.20738636363636365 0.07897727272727273 0.14261363636363636
3 0.5755681818181818 0.03579545454545455 0.011363636363636364 0.04715909090909091