3 0.17897727272727273 0.3653409090909091 0.03125 0.10113636363636364
2 0.07954545454545454 0.6414772727272727 0.1590909090909091 0.3261363636363636
2 0.3698863636363636 0.6528409090909091 0.16875 0.34261363636363634
3 0.6880681818181819 0.8335227272727272 0.061931818181818185 0.20113636363636364
3 0.2318181818181818 0.6244318181818181 0.05454545454545454 0.16022727272727272
3 0.12954545454545455 0.43125 0.04375 0.11761363636363636
3 0.6073863636363637 0.6619318181818182 0.05397727272727273 0.1721590909090909
3 0.8090909090909091 0.8477272727272728 0.07102272727272728 0.15625
3 0.325 0.3477272727272727 0.03068181818181818 0.10454545454545454
3 0.5505681818181818 0.24772727272727274 0.02159090909090909 0.07329545454545454
3 0.7159090909090909 0.6335227272727273 0.05227272727272727 0.18238636363636362
2 0.40511363636363634 0.3664772727272727 0.10227272727272728 0.21306818181818182
3 0.36306818181818185 0.2727272727272727 0.028977272727272727 0.08636363636363636
3 0.5204545454545455 0.4602272727272727 0.04147727272727273 0.1278409090909091
3 0.5471590909090909 0.14829545454545454 0.022727272727272728 0.06306818181818181
2 0.24829545454545454 0.39488636363636365 0.10795454545454546 0.2028409090909091
2 0.21818181818181817 0.23238636363636364 0.08806818181818182 0.1590909090909091
3 0.2784090909090909 0.27897727272727274 0.02159090909090909 0.07670454545454546
6 0.4284090909090909 0.15113636363636362 0.07670454545454546 0.18409090909090908
3 0.2994318181818182 0.24147727272727273 0.023295454545454546 0.06875
3 0.5971590909090909 0.36818181818181817 0.023295454545454546 0.08238636363636363