2 0.7022727272727273 0.7960227272727273 0.21875 0.4028409090909091
3 0.08806818181818182 0.9164772727272728 0.09545454545454546 0.16647727272727272
2 0.18806818181818183 0.5306818181818181 0.16193181818181818 0.29715909090909093
2 0.7102272727272727 0.4653409090909091 0.12840909090909092 0.19715909090909092
2 0.3568181818181818 0.5869318181818182 0.15397727272727274 0.2903409090909091
3 0.045454545454545456 0.37613636363636366 0.03295454545454545 0.08863636363636364
3 0.5102272727272728 0.5914772727272727 0.042045454545454546 0.13352272727272727
3 0.6045454545454545 0.2 0.015909090909090907 0.05
3 0.5431818181818182 0.5119318181818182 0.03579545454545455 0.12386363636363637
3 0.5744318181818182 0.18977272727272726 0.017045454545454544 0.056818181818181816
2 0.07329545454545454 0.23863636363636365 0.08409090909090909 0.11363636363636363
2 0.17897727272727273 0.22897727272727272 0.07670454545454546 0.10568181818181818
2 0.38579545454545455 0.4369318181818182 0.10340909090909091 0.19318181818181818
2 0.27386363636363636 0.3931818181818182 0.10056818181818182 0.2056818181818182
3 0.04943181818181818 0.3386363636363636 0.031818181818181815 0.125
2 0.2943181818181818 0.2852272727272727 0.08920454545454545 0.15681818181818183
3 0.7318181818181818 0.5744318181818182 0.04431818181818182 0.12897727272727272