2 0.0903409090909091 0.5727272727272728 0.1806818181818182 0.35625
2 0.33636363636363636 0.7244318181818182 0.19602272727272727 0.4102272727272727
3 0.7244318181818182 0.6914772727272728 0.05738636363636364 0.16477272727272727
2 0.5573863636363636 0.47897727272727275 0.14829545454545454 0.3619318181818182
3 0.6630681818181818 0.40738636363636366 0.036931818181818184 0.1278409090909091
3 0.49318181818181817 0.9335227272727272 0.06988636363636364 0.12897727272727272
2 0.18636363636363637 0.3261363636363636 0.10340909090909091 0.1806818181818182
2 0.3375 0.3494318181818182 0.11306818181818182 0.21931818181818183
2 0.05397727272727273 0.8965909090909091 0.10795454545454546 0.20454545454545456
3 0.4681818181818182 0.13238636363636364 0.017045454545454544 0.05568181818181818
3 0.6051136363636364 0.3568181818181818 0.025 0.09545454545454546
3 0.07613636363636364 0.20397727272727273 0.022727272727272728 0.05454545454545454
2 0.4721590909090909 0.25113636363636366 0.09375 0.1721590909090909
2 0.3477272727272727 0.22329545454545455 0.07670454545454546 0.13125
3 0.3159090909090909 0.14488636363636365 0.01818181818181818 0.05625
3 0.5 0.14602272727272728 0.024431818181818183 0.05738636363636364
3 0.41704545454545455 0.21818181818181817 0.02159090909090909 0.0659090909090909
3 0.5113636363636364 0.10625 0.01875 0.048863636363636366
3 0.4681818181818182 0.015909090909090907 0.007954545454545454 0.03125
2 0.2471590909090909 0.19488636363636364 0.0715909090909091 0.11193181818181819
2 0.06477272727272727 0.07272727272727272 0.05738636363636364 0.07897727272727273
3 0.41875 0.01875 0.0125 0.036931818181818184