2 0.12443181818181819 0.6846590909090909 0.18977272727272726 0.31136363636363634
2 0.3880681818181818 0.7255681818181818 0.19375 0.4153409090909091
3 0.9517045454545454 0.7221590909090909 0.08295454545454546 0.16136363636363638
3 0.634090909090909 0.31477272727272726 0.026704545454545453 0.0903409090909091
3 0.834659090909091 0.8909090909090909 0.07102272727272728 0.2125
2 0.6818181818181818 0.7147727272727272 0.175 0.4153409090909091
3 0.5931818181818181 0.4693181818181818 0.035227272727272725 0.10568181818181818
2 0.40625 0.4636363636363636 0.1375 0.3028409090909091
2 0.03295454545454545 0.4068181818181818 0.0659090909090909 0.18863636363636363
6 0.25738636363636364 0.3664772727272727 0.15568181818181817 0.35568181818181815
3 0.7619318181818182 0.7119318181818182 0.02556818181818182 0.14886363636363636
3 0.66875 0.45284090909090907 0.03579545454545455 0.11647727272727272
3 0.056818181818181816 0.2369318181818182 0.024431818181818183 0.056818181818181816
3 0.8267045454545454 0.6306818181818182 0.05227272727272727 0.11136363636363636
2 0.16761363636363635 0.24772727272727274 0.07897727272727273 0.10681818181818181
3 0.5295454545454545 0.22272727272727272 0.02159090909090909 0.09602272727272727
3 0.1159090909090909 0.19147727272727272 0.01818181818181818 0.06136363636363636
2 0.35170454545454544 0.2948863636363636 0.04375 0.1625
2 0.4329545454545455 0.2585227272727273 0.08409090909090909 0.13068181818181818
7 0.5796875 0.23472222272727272 0.58359375 0.225 0.5953125 0.225 0.5984375 0.2375 0.60546875 0.24722222272727273 0.625 0.2513888886363636 0.63125 0.24027777727272728 0.63671875 0.12916666704545454 0.63203125 0.08472222272727273 0.61484375 0.07777777727272728 0.60390625 0.06666666704545454 0.56171875 0.06666666704545454 0.55 0.12222222272727272 0.55625 0.21388888863636363 0.56796875 0.23333333295454547 0.5796875 0.23472222272727272