2 0.08238636363636363 0.7988636363636363 0.16477272727272727 0.3977272727272727
3 0.2943181818181818 0.5619318181818181 0.04943181818181818 0.15397727272727274
2 0.5460227272727273 0.6556818181818181 0.17613636363636365 0.38522727272727275
2 0.1630681818181818 0.46875 0.13920454545454544 0.2778409090909091
3 0.6806818181818182 0.64375 0.06534090909090909 0.1721590909090909
3 0.6375 0.48125 0.0375 0.12329545454545454
3 0.38920454545454547 0.6210227272727272 0.04659090909090909 0.17954545454545454
3 0.35170454545454544 0.4732954545454545 0.035227272727272725 0.11875
3 0.7221590909090909 0.9323863636363636 0.07897727272727273 0.13522727272727272
2 0.39147727272727273 0.2278409090909091 0.08295454545454546 0.15397727272727274
2 0.26193181818181815 0.27443181818181817 0.0971590909090909 0.2119318181818182
3 0.16477272727272727 0.6732954545454546 0.053409090909090906 0.13863636363636364
3 0.16420454545454546 0.2903409090909091 0.03579545454545455 0.08806818181818182
3 0.2784090909090909 0.7573863636363637 0.05909090909090909 0.13352272727272727
3 0.18579545454545454 0.04375 0.011363636363636364 0.048295454545454544
3 0.2721590909090909 0.9352272727272727 0.06534090909090909 0.12954545454545455
2 0.44545454545454544 0.10397727272727272 0.058522727272727275 0.10113636363636364
3 0.16136363636363638 0.05113636363636364 0.014772727272727272 0.04261363636363636
3 0.0846590909090909 0.06647727272727273 0.011931818181818182 0.038636363636363635
3 0.4 0.08068181818181819 0.011931818181818182 0.05
3 0.43068181818181817 0.013636363636363636 0.007386363636363636 0.026704545454545453
3 0.26931818181818185 0.8823863636363637 0.07329545454545454 0.23352272727272727
2 0.5079545454545454 0.04318181818181818 0.04318181818181818 0.07329545454545454
3 0.37386363636363634 0.08977272727272727 0.016477272727272726 0.05909090909090909
3 0.5642045454545455 0.42102272727272727 0.03806818181818182 0.08863636363636364