2 0.6994318181818182 0.8096590909090909 0.17556818181818182 0.375
3 0.9568181818181818 0.7653409090909091 0.06931818181818182 0.15284090909090908
3 0.42045454545454547 0.9443181818181818 0.08409090909090909 0.10852272727272727
3 0.6482954545454546 0.44431818181818183 0.03579545454545455 0.1
3 0.33238636363636365 0.4556818181818182 0.04147727272727273 0.10852272727272727
3 0.5948863636363636 0.20397727272727273 0.014772727272727272 0.05568181818181818
3 0.20397727272727273 0.7994318181818182 0.051704545454545454 0.19318181818181818
3 0.46704545454545454 0.7681818181818182 0.04090909090909091 0.1693181818181818
3 0.5193181818181818 0.5630681818181819 0.04943181818181818 0.15681818181818183
3 0.07556818181818181 0.8556818181818182 0.06704545454545455 0.1806818181818182
3 0.65 0.3181818181818182 0.025 0.06931818181818182
2 0.19090909090909092 0.5465909090909091 0.1630681818181818 0.29318181818181815
3 0.011931818181818182 0.21477272727272728 0.019318181818181818 0.05113636363636364
2 0.3784090909090909 0.6403409090909091 0.15056818181818182 0.28863636363636364
3 0.3875 0.8698863636363636 0.05625 0.20113636363636364
3 0.553409090909091 0.2590909090909091 0.017045454545454544 0.05965909090909091
3 0.225 0.9653409090909091 0.06875 0.06931818181818182
2 0.24431818181818182 0.4056818181818182 0.10625 0.2
2 0.4198863636363636 0.4772727272727273 0.11193181818181819 0.21818181818181817