3 0.28011363636363634 0.6369318181818182 0.05 0.17784090909090908
3 0.13636363636363635 0.8982954545454546 0.08522727272727272 0.2
3 0.061931818181818185 0.5931818181818181 0.06079545454545455 0.14545454545454545
3 0.6880681818181819 0.4823863636363636 0.05738636363636364 0.12386363636363637
3 0.45625 0.9528409090909091 0.09431818181818181 0.09431818181818181
2 0.39431818181818185 0.6136363636363636 0.15170454545454545 0.3613636363636364
3 0.5914772727272727 0.6056818181818182 0.04375 0.11875
2 0.17272727272727273 0.5619318181818181 0.15852272727272726 0.3261363636363636
2 0.5738636363636364 0.40397727272727274 0.11875 0.23806818181818182
3 0.5397727272727273 0.8948863636363636 0.056818181818181816 0.18977272727272726
3 0.060227272727272727 0.26988636363636365 0.028977272727272727 0.07670454545454546
3 0.3096590909090909 0.2869318181818182 0.03068181818181818 0.09261363636363637
2 0.35909090909090907 0.4107954545454545 0.11647727272727272 0.21931818181818183
2 0.5159090909090909 0.23977272727272728 0.09204545454545454 0.17045454545454544
2 0.14659090909090908 0.3789772727272727 0.12727272727272726 0.25625
3 0.011931818181818182 0.22443181818181818 0.023295454545454546 0.05284090909090909
3 0.03636363636363636 0.23352272727272727 0.021022727272727273 0.05284090909090909
3 0.7977272727272727 0.7119318181818182 0.05738636363636364 0.18522727272727274
2 0.48011363636363635 0.09772727272727273 0.05795454545454545 0.10625
3 0.8846590909090909 0.9636363636363636 0.08693181818181818 0.07215909090909091
3 0.7170454545454545 0.7619318181818182 0.05056818181818182 0.1278409090909091
3 0.2551136363636364 0.46193181818181817 0.031818181818181815 0.10170454545454545
3 0.08977272727272727 0.2028409090909091 0.026704545454545453 0.05568181818181818
3 0.75625 0.17613636363636365 0.022727272727272728 0.06363636363636363
3 0.6539772727272727 0.6369318181818182 0.04715909090909091 0.08352272727272728
3 0.6113636363636363 0.7647727272727273 0.05397727272727273 0.11136363636363636
3 0.28238636363636366 0.3886363636363636 0.026704545454545453 0.08409090909090909
3 0.5085227272727273 0.5710227272727273 0.04659090909090909 0.11647727272727272
3 0.3392045454545455 0.17272727272727273 0.02784090909090909 0.09545454545454546
2 0.38977272727272727 0.25738636363636364 0.09659090909090909 0.17386363636363636