2 0.12386363636363637 0.4960227272727273 0.14602272727272728 0.28863636363636364
2 0.15795454545454546 0.6994318181818182 0.2005681818181818 0.4511363636363636
3 0.06761363636363636 0.21363636363636362 0.024431818181818183 0.06761363636363636
3 0.2727272727272727 0.9386363636363636 0.07840909090909091 0.12215909090909091
3 0.023295454545454546 0.3744318181818182 0.0375 0.10852272727272727
3 0.3085227272727273 0.33352272727272725 0.03238636363636364 0.1028409090909091
2 0.2 0.34602272727272726 0.09772727272727273 0.17613636363636365
3 0.49318181818181817 0.5744318181818182 0.04147727272727273 0.13068181818181818
2 0.22840909090909092 0.2369318181818182 0.08522727272727272 0.15170454545454545
3 0.5522727272727272 0.9539772727272727 0.07840909090909091 0.09147727272727273
3 0.03465909090909091 0.19772727272727272 0.017045454545454544 0.048863636363636366
3 0.016477272727272726 0.2778409090909091 0.017613636363636363 0.051704545454545454