2 0.3215909090909091 0.8130681818181819 0.24545454545454545 0.36818181818181817
2 0.2125 0.5835227272727272 0.1625 0.34147727272727274
3 0.6221590909090909 0.4102272727272727 0.035227272727272725 0.12897727272727272
2 0.10056818181818182 0.8113636363636364 0.20113636363636364 0.36818181818181817
2 0.5823863636363636 0.5681818181818182 0.10681818181818181 0.24147727272727273
6 0.40397727272727274 0.5352272727272728 0.175 0.5153409090909091
2 0.056818181818181816 0.3659090909090909 0.11363636363636363 0.16590909090909092
6 0.7369318181818182 0.7380681818181818 0.26079545454545455 0.5181818181818182
2 0.6193181818181818 0.3210227272727273 0.08181818181818182 0.175
3 0.10170454545454545 0.24147727272727273 0.023295454545454546 0.05568181818181818
3 0.2676136363636364 0.04772727272727273 0.014772727272727272 0.031818181818181815
5 0.21640625 0.40833333295454544 0.228125 0.40833333295454544 0.2640625 0.41388888863636364 0.28359375 0.42638888863636365 0.29140625 0.4458333329545454 0.2921875 0.4638888886363636 0.29765625 0.47638888863636364 0.2953125 0.4875 0.30234375 0.5291666670454546 0.315625 0.5305555556818182 0.32421875 0.5111111113636364 0.32265625 0.48888888863636365 0.34453125 0.3958333329545454 0.365625 0.34444444431818183 0.38046875 0.28888888863636364 0.38125 0.2111111113636364 0.38828125 0.175 0.38828125 0.06944444431818182 0.34296875 0.05694444431818182 0.28828125 0.05555555568181818 0.25390625 0.07916666704545455 0.2421875 0.1125 0.21796875 0.12083333295454544 0.21015625 0.14027777727272728 0.21015625 0.1694444443181818 0.19453125 0.24722222272727273 0.18828125 0.25833333295454547 0.1921875 0.28055555568181817 0.18515625 0.3277777772727272 0.1859375 0.37777777727272727 0.1828125 0.4180555556818182 0.19921875 0.4236111113636364 0.21640625 0.40833333295454544