2 0.5585227272727272 0.665340909090909 0.19261363636363638 0.4380681818181818
2 0.09488636363636363 0.8278409090909091 0.18977272727272726 0.3409090909090909
3 0.2534090909090909 0.7835227272727273 0.07045454545454545 0.18238636363636362
3 0.50625 0.3039772727272727 0.02784090909090909 0.0971590909090909
3 0.35454545454545455 0.43068181818181817 0.036931818181818184 0.12954545454545455
3 0.6761363636363636 0.6289772727272728 0.04772727272727273 0.15284090909090908
3 0.04147727272727273 0.13352272727272727 0.019886363636363636 0.07102272727272728
3 0.6221590909090909 0.3698863636363636 0.031818181818181815 0.10113636363636364
3 0.5693181818181818 0.3789772727272727 0.031818181818181815 0.08238636363636363
2 0.23125 0.33693181818181817 0.11306818181818182 0.20909090909090908
2 0.16193181818181818 0.5198863636363636 0.13920454545454544 0.275
3 0.27102272727272725 0.61875 0.044886363636363634 0.12215909090909091
3 0.22727272727272727 0.17784090909090908 0.02159090909090909 0.10170454545454545
2 0.29715909090909093 0.17613636363636365 0.07272727272727272 0.12045454545454545
3 0.5448863636363637 0.23352272727272727 0.021022727272727273 0.06761363636363636
3 0.5426136363636364 0.20852272727272728 0.02727272727272727 0.1159090909090909
3 0.37386363636363634 0.15738636363636363 0.015909090909090907 0.08125
3 0.3625 0.32329545454545455 0.03295454545454545 0.06875
3 0.41704545454545455 0.09602272727272727 0.015909090909090907 0.048295454545454544
2 0.42727272727272725 0.18238636363636362 0.07329545454545454 0.11477272727272728
3 0.12556818181818183 0.35852272727272727 0.04261363636363636 0.10852272727272727
3 0.4642045454545455 0.021022727272727273 0.013636363636363636 0.036931818181818184
3 0.3840909090909091 0.09147727272727273 0.017613636363636363 0.051704545454545454
3 0.24431818181818182 0.011931818181818182 0.00909090909090909 0.023863636363636365
3 0.3210227272727273 0.9107954545454545 0.07954545454545454 0.17670454545454545