2 0.24488636363636362 0.8210227272727273 0.2 0.35397727272727275
2 0.09375 0.7056818181818182 0.1875 0.4426136363636364
2 0.5636363636363636 0.4653409090909091 0.12045454545454545 0.2636363636363636
3 0.65 0.3494318181818182 0.03295454545454545 0.09886363636363636
3 0.5255681818181818 0.11363636363636363 0.016477272727272726 0.05284090909090909
3 0.6215909090909091 0.40397727272727274 0.03238636363636364 0.12329545454545454
2 0.2727272727272727 0.34375 0.11818181818181818 0.22215909090909092
3 0.553409090909091 0.20852272727272728 0.02556818181818182 0.08238636363636363
2 0.4948863636363636 0.19318181818181818 0.07386363636363637 0.12102272727272727
3 0.3494318181818182 0.7164772727272727 0.048863636363636366 0.13522727272727272
3 0.21761363636363637 0.2869318181818182 0.028409090909090908 0.10909090909090909
2 0.3806818181818182 0.14488636363636365 0.07613636363636364 0.15625
2 0.4625 0.08352272727272728 0.05 0.08636363636363636
3 0.5085227272727273 0.06079545454545455 0.015909090909090907 0.04375
3 0.575 0.2028409090909091 0.019318181818181818 0.07045454545454545
3 0.1625 0.061931818181818185 0.0125 0.05909090909090909
2 0.06647727272727273 0.07102272727272728 0.05113636363636364 0.07954545454545454
2 0.27443181818181817 0.13068181818181818 0.07329545454545454 0.16136363636363638
2 0.3210227272727273 0.24147727272727273 0.07556818181818181 0.13693181818181818
3 0.13693181818181818 0.05568181818181818 0.019318181818181818 0.05568181818181818