3 0.49261363636363636 0.5664772727272728 0.058522727272727275 0.17613636363636365
2 0.64375 0.5772727272727273 0.17272727272727273 0.40454545454545454
3 0.3875 0.44772727272727275 0.036931818181818184 0.1340909090909091
3 0.3693181818181818 0.16363636363636364 0.01875 0.061931818181818185
3 0.5085227272727273 0.36363636363636365 0.028409090909090908 0.10568181818181818
3 0.4375 0.024431818181818183 0.01534090909090909 0.048863636363636366
3 0.47670454545454544 0.08352272727272728 0.017613636363636363 0.075
6 0.15170454545454545 0.5664772727272728 0.23636363636363636 0.5352272727272728
2 0.5448863636363637 0.11818181818181818 0.06647727272727273 0.12102272727272727
3 0.07954545454545454 0.9681818181818181 0.09772727272727273 0.06363636363636363
3 0.4278409090909091 0.23863636363636365 0.022727272727272728 0.07215909090909091
3 0.004545454545454545 0.24829545454545454 0.00909090909090909 0.07954545454545454
3 0.21875 0.19772727272727272 0.019318181818181818 0.03806818181818182
3 0.05113636363636364 0.21647727272727274 0.02556818181818182 0.05738636363636364
2 0.20511363636363636 0.2585227272727273 0.0971590909090909 0.09147727272727273
3 0.16818181818181818 0.9761363636363637 0.08238636363636363 0.04715909090909091
3 0.16875 0.9335227272727272 0.05625 0.12897727272727272
3 0.02215909090909091 0.19318181818181818 0.02784090909090909 0.04147727272727273