2 0.5613636363636364 0.7943181818181818 0.17727272727272728 0.4056818181818182
3 0.3875 0.9443181818181818 0.08125 0.10852272727272727
3 0.6806818181818182 0.49318181818181817 0.03295454545454545 0.11931818181818182
2 0.8193181818181818 0.8977272727272727 0.21079545454545454 0.20113636363636364
3 0.2630681818181818 0.7977272727272727 0.06704545454545455 0.21818181818181817
3 0.48068181818181815 0.5806818181818182 0.03920454545454546 0.13636363636363635
2 0.21931818181818183 0.4948863636363636 0.14375 0.3125
3 0.32897727272727273 0.6289772727272728 0.048295454545454544 0.175
3 0.7715909090909091 0.3965909090909091 0.029545454545454545 0.07102272727272728
3 0.03920454545454546 0.9625 0.06079545454545455 0.075
3 0.1494318181818182 0.8653409090909091 0.06818181818181818 0.21931818181818183
3 0.4107954545454545 0.7028409090909091 0.05 0.15852272727272726
3 0.3806818181818182 0.5761363636363637 0.04375 0.13863636363636364
3 0.6454545454545455 0.32897727272727273 0.020454545454545454 0.075
2 0.5607954545454545 0.41306818181818183 0.10568181818181818 0.20681818181818182
3 0.4511363636363636 0.4869318181818182 0.02727272727272727 0.1125
3 0.4784090909090909 0.2 0.015909090909090907 0.05
3 0.41704545454545455 0.2590909090909091 0.01875 0.05397727272727273
3 0.6732954545454546 0.39034090909090907 0.028977272727272727 0.06931818181818182
3 0.4869318181818182 0.4056818181818182 0.026704545454545453 0.0971590909090909
2 0.28806818181818183 0.36818181818181817 0.08920454545454545 0.175
3 0.6125 0.25113636363636366 0.017045454545454544 0.06136363636363636
3 0.3346590909090909 0.5102272727272728 0.04318181818181818 0.11818181818181818
2 0.33352272727272725 0.2505681818181818 0.075 0.13465909090909092
3 0.4471590909090909 0.29659090909090907 0.016477272727272726 0.06534090909090909
3 0.6357954545454545 0.27443181818181817 0.019318181818181818 0.05965909090909091
2 0.5880681818181818 0.34147727272727274 0.08579545454545455 0.16136363636363638
2 0.3704545454545455 0.17272727272727273 0.05397727272727273 0.12386363636363637