2 0.08409090909090909 0.8426136363636364 0.16818181818181818 0.3079545454545455
2 0.28238636363636366 0.7869318181818182 0.22272727272727272 0.42102272727272727
3 0.7806818181818181 0.7681818181818182 0.05568181818181818 0.13352272727272727
2 0.6590909090909091 0.821590909090909 0.22045454545454546 0.35397727272727275
3 0.8261363636363637 0.9244318181818182 0.07443181818181818 0.14886363636363636
2 0.17954545454545454 0.6102272727272727 0.175 0.3210227272727273
3 0.41306818181818183 0.93125 0.06704545454545455 0.1375
2 0.38181818181818183 0.584659090909091 0.1380681818181818 0.3
2 0.6244318181818181 0.6022727272727273 0.15056818181818182 0.2346590909090909
2 0.26477272727272727 0.4556818181818182 0.12670454545454546 0.23352272727272727
2 0.6863636363636364 0.4119318181818182 0.09772727272727273 0.17102272727272727
3 0.9664772727272727 0.9278409090909091 0.05909090909090909 0.14431818181818182
3 0.45795454545454545 0.8448863636363636 0.045454545454545456 0.1375
2 0.2875 0.3306818181818182 0.10454545454545454 0.15284090909090908
6 0.5801136363636363 0.38693181818181815 0.11647727272727272 0.33181818181818185
6 0.4198863636363636 0.3653409090909091 0.14772727272727273 0.35568181818181815
3 0.49829545454545454 0.7806818181818181 0.0375 0.15
3 0.4818181818181818 0.9494318181818182 0.08693181818181818 0.09886363636363636
2 0.5392045454545454 0.23863636363636365 0.07954545454545454 0.2
2 0.6107954545454546 0.2346590909090909 0.060227272727272727 0.08863636363636364