2 0.1125 0.7789772727272727 0.225 0.4335227272727273
2 0.8892045454545454 0.8630681818181818 0.22045454545454546 0.2681818181818182
2 0.30568181818181817 0.8159090909090909 0.2318181818181818 0.3625
2 0.2125 0.5193181818181818 0.16875 0.29147727272727275
3 0.5880681818181818 0.27443181818181817 0.01875 0.05965909090909091
2 0.6534090909090909 0.34488636363636366 0.08806818181818182 0.1403409090909091
3 0.7431818181818182 0.7465909090909091 0.05795454545454545 0.14886363636363636
3 0.5732954545454545 0.21818181818181817 0.01818181818181818 0.058522727272727275
2 0.39375 0.5539772727272727 0.18125 0.5085227272727273
2 0.2767045454545455 0.38181818181818183 0.10795454545454546 0.2
6 0.61875 0.6630681818181818 0.19545454545454546 0.540340909090909
2 0.3306818181818182 0.23522727272727273 0.06420454545454546 0.11818181818181818
3 0.7556818181818182 0.9664772727272727 0.05056818181818182 0.06647727272727273