2 0.04602272727272727 0.83125 0.09147727272727273 0.3340909090909091
2 0.33181818181818185 0.884090909090909 0.21136363636363636 0.22954545454545455
3 0.042045454545454546 0.19602272727272727 0.024431818181818183 0.07613636363636364
3 0.31136363636363634 0.7136363636363636 0.05965909090909091 0.11136363636363636
2 0.5670454545454545 0.3073863636363636 0.10056818181818182 0.18693181818181817
3 0.4642045454545455 0.23238636363636364 0.01818181818181818 0.06875
3 0.42329545454545453 0.31363636363636366 0.02784090909090909 0.08125
3 0.35113636363636364 0.4732954545454545 0.028409090909090908 0.10397727272727272
3 0.15 0.7761363636363636 0.05738636363636364 0.15625
2 0.4625 0.4414772727272727 0.14147727272727273 0.2721590909090909
3 0.23806818181818182 0.6460227272727272 0.055113636363636365 0.12215909090909091
2 0.13068181818181818 0.5011363636363636 0.15625 0.2676136363636364
2 0.5693181818181818 0.13238636363636364 0.06704545454545455 0.11477272727272728
3 0.2988636363636364 0.5289772727272727 0.03920454545454546 0.10852272727272727
2 0.23977272727272728 0.22102272727272726 0.09772727272727273 0.18352272727272728
3 0.32840909090909093 0.27102272727272725 0.02556818181818182 0.07613636363636364
3 0.1534090909090909 0.06704545454545455 0.015909090909090907 0.045454545454545456
3 0.14829545454545454 0.9232954545454546 0.07386363636363637 0.15
2 0.36420454545454545 0.12443181818181819 0.05909090909090909 0.10852272727272727
3 0.1784090909090909 0.03125 0.02159090909090909 0.05284090909090909
3 0.29375 0.3710227272727273 0.03125 0.11647727272727272
2 0.3801136363636364 0.19829545454545455 0.07329545454545454 0.13125
3 0.09488636363636363 0.06988636363636364 0.013636363636363636 0.048863636363636366
3 0.3125 0.24943181818181817 0.01875 0.08636363636363636
4 0.55625 0.8490740738636364 0.5640625 0.8694444443181819 0.5713541670454546 0.8740740738636364 0.5776041670454546 0.8879629625000001 0.5791666670454546 0.9148148147727273 0.5833333329545455 0.9361111113636363 0.5822916670454545 0.9527777772727273 0.5859375 0.9694444443181819 0.5848958329545455 0.9842592590909091 0.5885416670454545 0.9879629625 0.5895833329545455 0.9990740738636364 0.8729166670454545 0.9990740738636364 0.8838541670454545 0.9953703704545455 0.884375 0.9509259261363636 0.88125 0.9370370375 0.88125 0.9175925920454546 0.8755208329545455 0.8888888886363636 0.8703125 0.834259259090909 0.8776041670454545 0.7564814818181819 0.8770833329545455 0.7407407409090909 0.875 0.7351851852272727 0.8796875 0.7166666670454545 0.8807291670454545 0.6824074079545455 0.878125 0.675 0.8854166670454545 0.6296296295454545 0.8859375 0.5916666670454545 0.8473958329545455 0.5138888886363636 0.7505208329545455 0.3342592590909091 0.7416666670454545 0.3231481477272727 0.6333333329545455 0.3194444443181818 0.5776041670454546 0.3231481477272727 0.5739583329545455 0.3287037034090909 0.5708333329545454 0.3268518522727273 0.5692708329545454 0.3342592590909091 0.5598958329545455 0.4175925920454545 0.55625 0.5916666670454545 0.5583333329545455 0.6472222227272727 0.5651041670454545 0.7277777772727273 0.55625 0.8490740738636364