2 0.6267045454545455 0.8085227272727272 0.23352272727272727 0.37670454545454546
3 0.13977272727272727 0.6744318181818182 0.05 0.1693181818181818
3 0.22215909090909092 0.8886363636363637 0.06931818181818182 0.21761363636363637
2 0.38125 0.51875 0.15170454545454545 0.32954545454545453
2 0.5539772727272727 0.47613636363636364 0.13522727272727272 0.2630681818181818
3 0.03579545454545455 0.6227272727272727 0.060227272727272727 0.09375
2 0.06761363636363636 0.8323863636363636 0.13522727272727272 0.33125
3 0.7539772727272728 0.1806818181818182 0.02159090909090909 0.06136363636363636
3 0.08863636363636364 0.13863636363636364 0.016477272727272726 0.060227272727272727
3 0.24602272727272728 0.5744318181818182 0.04431818181818182 0.1471590909090909
2 0.6284090909090909 0.3340909090909091 0.10738636363636364 0.21136363636363636
3 0.028409090909090908 0.15113636363636362 0.017613636363636363 0.06761363636363636
2 0.5625 0.26079545454545455 0.06931818181818182 0.17329545454545456
2 0.4596590909090909 0.26988636363636365 0.08806818181818182 0.1806818181818182
2 0.21022727272727273 0.34147727272727274 0.10397727272727272 0.17045454545454544
3 0.21704545454545454 0.7039772727272727 0.060227272727272727 0.15625
3 0.07897727272727273 0.07272727272727272 0.02159090909090909 0.048863636363636366
3 0.18181818181818182 0.5232954545454546 0.03579545454545455 0.1
3 0.5386363636363637 0.08977272727272727 0.021022727272727273 0.07045454545454545
2 0.3613636363636364 0.21875 0.07727272727272727 0.15170454545454545
3 0.3039772727272727 0.4028409090909091 0.04659090909090909 0.17386363636363636
2 0.47897727272727275 0.16988636363636364 0.07727272727272727 0.16363636363636364