2 0.075 0.7994318181818182 0.15 0.3971590909090909
2 0.5306818181818181 0.5153409090909091 0.13920454545454544 0.27897727272727274
2 0.17102272727272727 0.47897727272727275 0.13977272727272727 0.28806818181818183
2 0.3210227272727273 0.48579545454545453 0.13522727272727272 0.3028409090909091
2 0.22897727272727272 0.27329545454545456 0.1 0.17045454545454544
3 0.5113636363636364 0.040340909090909094 0.010795454545454546 0.03806818181818182
2 0.05738636363636364 0.24829545454545454 0.08806818181818182 0.11875
2 0.7340909090909091 0.9210227272727273 0.23636363636363636 0.15397727272727274
3 0.16363636363636364 0.03579545454545455 0.011931818181818182 0.045454545454545456
3 0.08522727272727272 0.06647727272727273 0.014204545454545454 0.036931818181818184
3 0.21022727272727273 0.010795454545454546 0.010227272727272727 0.021022727272727273
3 0.54375 0.10738636363636364 0.01818181818181818 0.04602272727272727
3 0.5142045454545454 0.2761363636363636 0.02159090909090909 0.07329545454545454
2 0.27897727272727274 0.16477272727272727 0.06477272727272727 0.11136363636363636
2 0.41875 0.2278409090909091 0.07045454545454545 0.14829545454545454
3 0.04431818181818182 0.09147727272727273 0.014204545454545454 0.033522727272727273
3 0.14204545454545456 0.011931818181818182 0.011931818181818182 0.023863636363636365
2 0.40454545454545454 0.14488636363636365 0.056818181818181816 0.1159090909090909
2 0.3653409090909091 0.09829545454545455 0.05113636363636364 0.09602272727272727