2 0.6931818181818182 0.8443181818181819 0.21704545454545454 0.30568181818181817
3 0.5079545454545454 0.7397727272727272 0.056818181818181816 0.1875
3 0.5914772727272727 0.6806818181818182 0.053409090909090906 0.15284090909090908
3 0.1625 0.7318181818181818 0.0625 0.18636363636363637
3 0.4289772727272727 0.7227272727272728 0.05795454545454545 0.20681818181818182
2 0.2625 0.7778409090909091 0.21704545454545454 0.3528409090909091
3 0.31420454545454546 0.5306818181818181 0.04431818181818182 0.13068181818181818
3 0.2318181818181818 0.5994318181818182 0.05056818181818182 0.09602272727272727
3 0.49318181818181817 0.4715909090909091 0.036931818181818184 0.11534090909090909
3 0.36761363636363636 0.615909090909091 0.04772727272727273 0.12613636363636363
3 0.4068181818181818 0.4147727272727273 0.03125 0.09886363636363636
2 0.2761363636363636 0.3744318181818182 0.11193181818181819 0.22613636363636364
2 0.6051136363636364 0.4289772727272727 0.11022727272727273 0.21931818181818183
2 0.5045454545454545 0.3159090909090909 0.08068181818181819 0.19886363636363635
3 0.37272727272727274 0.4431818181818182 0.03579545454545455 0.09431818181818181
2 0.3352272727272727 0.26022727272727275 0.09829545454545455 0.1875
2 0.5914772727272727 0.2994318181818182 0.07840909090909091 0.12386363636363637
2 0.5948863636363636 0.19602272727272727 0.06931818181818182 0.14147727272727273
3 0.42556818181818185 0.3090909090909091 0.02556818181818182 0.08181818181818182
2 0.05454545454545454 0.8130681818181819 0.10852272727272727 0.36818181818181817