2 0.3386363636363636 0.8181818181818182 0.24147727272727273 0.35852272727272727
2 0.6073863636363637 0.7164772727272727 0.18352272727272728 0.3806818181818182
2 0.17386363636363636 0.5886363636363636 0.17272727272727273 0.325
2 0.6193181818181818 0.43863636363636366 0.10625 0.18636363636363637
6 0.3977272727272727 0.4403409090909091 0.15170454545454545 0.3806818181818182
2 0.26704545454545453 0.38693181818181815 0.11193181818181819 0.20681818181818182
2 0.5051136363636364 0.3715909090909091 0.07102272727272728 0.16818181818181818
2 0.6244318181818181 0.28806818181818183 0.07670454545454546 0.14886363636363636
2 0.34204545454545454 0.23068181818181818 0.06875 0.11136363636363636
2 0.44772727272727275 0.22443181818181818 0.07954545454545454 0.1318181818181818
2 0.5397727272727273 0.19943181818181818 0.053409090909090906 0.09886363636363636
2 0.5375 0.11647727272727272 0.0375 0.06931818181818182
2 0.3886363636363636 0.14772727272727273 0.04772727272727273 0.07613636363636364