3 0.8443181818181819 0.5306818181818181 0.8522727272727273 0.5295454545454545 0.8636363636363636 0.5386363636363637 0.8636363636363636 0.5431818181818182 0.8613636363636363 0.5454545454545454 0.8613636363636363 0.5818181818181818 0.8590909090909091 0.5875 0.8556818181818182 0.5840909090909091 0.8534090909090909 0.5704545454545454 0.8443181818181819 0.5545454545454546 0.8443181818181819 0.5318181818181819
3 0.7420454545454546 0.38181818181818183 0.7488636363636364 0.38636363636363635 0.7488636363636364 0.38977272727272727 0.7534090909090909 0.39431818181818185 0.7659090909090909 0.39431818181818185 0.7636363636363637 0.4193181818181818 0.7568181818181818 0.4284090909090909 0.7568181818181818 0.43863636363636366 0.7477272727272727 0.44545454545454544 0.7397727272727272 0.43636363636363634 0.7397727272727272 0.42954545454545456 0.7443181818181818 0.425 0.7443181818181818 0.4159090909090909 0.740909090909091 0.4034090909090909 0.7420454545454546 0.38295454545454544
3 0.2534090909090909 0.9897727272727272 0.2625 0.9943181818181818 0.28295454545454546 0.9965909090909091 0.2852272727272727 0.9988636363636364 0.22613636363636364 0.9988636363636364 0.22727272727272727 0.990909090909091 0.2340909090909091 0.990909090909091 0.24204545454545454 0.9852272727272727 0.24886363636363637 0.9863636363636363 0.25227272727272726 0.9897727272727272
3 0.7727272727272727 0.5659090909090909 0.775 0.5647727272727273 0.775 0.5556818181818182 0.7693181818181818 0.5397727272727273 0.7681818181818182 0.5045454545454545 0.7738636363636363 0.5 0.7931818181818182 0.5 0.7977272727272727 0.5056818181818182 0.8 0.5159090909090909 0.7988636363636363 0.5215909090909091 0.7954545454545454 0.525 0.7954545454545454 0.5363636363636364 0.7977272727272727 0.5397727272727273 0.7965909090909091 0.55 0.7988636363636363 0.553409090909091 0.7977272727272727 0.5647727272727273 0.8 0.5670454545454545 0.8 0.571590909090909 0.7965909090909091 0.575 0.7977272727272727 0.5920454545454545 0.7886363636363637 0.5943181818181819 0.7795454545454545 0.6045454545454545 0.7715909090909091 0.5727272727272728 0.7727272727272727 0.5670454545454545
3 0.7215909090909091 0.6897727272727273 0.7204545454545455 0.6772727272727272 0.7261363636363637 0.6556818181818181 0.7295454545454545 0.6511363636363636 0.7295454545454545 0.6477272727272727 0.7238636363636364 0.6443181818181818 0.7238636363636364 0.6397727272727273 0.7284090909090909 0.634090909090909 0.7284090909090909 0.6306818181818182 0.7363636363636363 0.6272727272727273 0.7420454545454546 0.6295454545454545 0.7363636363636363 0.65 0.7363636363636363 0.6693181818181818 0.7329545454545454 0.6715909090909091 0.7261363636363637 0.6897727272727273 0.7227272727272728 0.6897727272727273
3 0.7772727272727272 0.8806818181818182 0.7909090909090909 0.8852272727272728 0.7931818181818182 0.9 0.7897727272727273 0.9147727272727273 0.7875 0.9170454545454545 0.7920454545454545 0.9556818181818182 0.7909090909090909 0.9931818181818182 0.7875 0.9988636363636364 0.7443181818181818 0.9988636363636364 0.7420454545454546 0.9965909090909091 0.7465909090909091 0.9670454545454545 0.7443181818181818 0.9193181818181818 0.7465909090909091 0.9 0.7443181818181818 0.8852272727272728 0.7477272727272727 0.8829545454545454 0.7761363636363636 0.8806818181818182
3 0.7159090909090909 0.27954545454545454 0.725 0.2806818181818182 0.7215909090909091 0.29318181818181815 0.7215909090909091 0.30227272727272725 0.7181818181818181 0.31022727272727274 0.7193181818181819 0.31477272727272726 0.7170454545454545 0.31477272727272726 0.7068181818181818 0.2943181818181818 0.7079545454545455 0.28295454545454546 0.7147727272727272 0.27954545454545454
3 0.7261363636363637 0.2806818181818182 0.7227272727272728 0.29204545454545455 0.725 0.3034090909090909 0.7215909090909091 0.31022727272727274 0.7261363636363637 0.31477272727272726 0.7454545454545455 0.31477272727272726 0.7420454545454546 0.325 0.740909090909091 0.3397727272727273 0.7375 0.34204545454545454 0.7340909090909091 0.3409090909090909 0.7295454545454545 0.3443181818181818 0.7272727272727273 0.3443181818181818 0.7204545454545455 0.33181818181818185 0.7193181818181819 0.32045454545454544 0.7068181818181818 0.29318181818181815 0.7068181818181818 0.2852272727272727 0.7102272727272727 0.2806818181818182 0.725 0.2806818181818182
3 0.34545454545454546 0.04090909090909091 0.35 0.038636363636363635 0.36022727272727273 0.038636363636363635 0.3625 0.042045454545454546 0.36363636363636365 0.053409090909090906 0.3613636363636364 0.06818181818181818 0.3568181818181818 0.07272727272727272 0.3534090909090909 0.0715909090909091 0.3477272727272727 0.06477272727272727 0.34545454545454546 0.042045454545454546
3 0.8136363636363636 0.47613636363636364 0.8181818181818182 0.4772727272727273 0.8193181818181818 0.48522727272727273 0.8181818181818182 0.5170454545454546 0.8125 0.5284090909090909 0.8102272727272727 0.5284090909090909 0.8068181818181818 0.5215909090909091 0.803409090909091 0.5022727272727273 0.8045454545454546 0.48068181818181815 0.8125 0.4772727272727273
3 0.3340909090909091 0.3443181818181818 0.33636363636363636 0.34545454545454546 0.33636363636363636 0.35 0.3386363636363636 0.3522727272727273 0.3375 0.3568181818181818 0.34204545454545454 0.3659090909090909 0.34204545454545454 0.3795454545454545 0.3397727272727273 0.39886363636363636 0.3306818181818182 0.4238636363636364 0.325 0.42272727272727273 0.3181818181818182 0.4090909090909091 0.3125 0.3613636363636364 0.3170454545454545 0.34545454545454546 0.3261363636363636 0.3431818181818182 0.33295454545454545 0.3443181818181818
3 0.5568181818181818 0.13636363636363635 0.5738636363636364 0.13636363636363635 0.5761363636363637 0.15 0.575 0.16022727272727272 0.5579545454545455 0.1590909090909091 0.5568181818181818 0.1375
3 0.8647727272727272 0.9556818181818182 0.8670454545454546 0.9602272727272727 0.865909090909091 0.9738636363636364 0.8681818181818182 0.9943181818181818 0.8647727272727272 0.9988636363636364 0.803409090909091 0.9988636363636364 0.8 0.9943181818181818 0.7965909090909091 0.9943181818181818 0.7965909090909091 0.990909090909091 0.7988636363636363 0.990909090909091 0.8022727272727272 0.9863636363636363 0.803409090909091 0.9704545454545455 0.8147727272727273 0.9579545454545455 0.8170454545454545 0.9522727272727273 0.825 0.946590909090909 0.8568181818181818 0.9420454545454545 0.8625 0.95 0.8636363636363636 0.9556818181818182
3 0.2863636363636364 0.5011363636363636 0.31022727272727274 0.5011363636363636 0.3170454545454545 0.5045454545454545 0.32045454545454544 0.5113636363636364 0.32045454545454544 0.5147727272727273 0.3159090909090909 0.5204545454545455 0.31363636363636366 0.5329545454545455 0.3125 0.5579545454545455 0.31477272727272726 0.5659090909090909 0.31477272727272726 0.5886363636363636 0.3125 0.5965909090909091 0.3125 0.6125 0.30568181818181817 0.6272727272727273 0.3034090909090909 0.6443181818181818 0.3 0.6488636363636363 0.29772727272727273 0.6488636363636363 0.29545454545454547 0.6363636363636364 0.2875 0.6215909090909091 0.2818181818181818 0.5875 0.2840909090909091 0.5465909090909091 0.2806818181818182 0.5113636363636364 0.2840909090909091 0.509090909090909 0.2863636363636364 0.5022727272727273
3 0.1375 0.03636363636363636 0.1340909090909091 0.029545454545454545 0.13522727272727272 0.014772727272727272 0.1409090909090909 0.0125 0.14431818181818182 0.020454545454545454 0.14431818181818182 0.029545454545454545 0.14204545454545456 0.03409090909090909 0.13863636363636364 0.035227272727272725
3 0.7647727272727273 0.7329545454545454 0.7681818181818182 0.7352272727272727 0.7704545454545455 0.7443181818181818 0.7727272727272727 0.7465909090909091 0.7795454545454545 0.7465909090909091 0.7806818181818181 0.7511363636363636 0.7772727272727272 0.7545454545454545 0.7659090909090909 0.7534090909090909 0.7568181818181818 0.759090909090909 0.7534090909090909 0.7647727272727273 0.7511363636363636 0.7795454545454545 0.7431818181818182 0.7840909090909091 0.7306818181818182 0.7829545454545455 0.7295454545454545 0.775 0.725 0.7727272727272727 0.7238636363636364 0.7670454545454546 0.7193181818181819 0.7636363636363637 0.7170454545454545 0.7522727272727273 0.7204545454545455 0.7465909090909091 0.7261363636363637 0.7443181818181818 0.7272727272727273 0.7340909090909091 0.7454545454545455 0.7295454545454545 0.7556818181818182 0.7295454545454545 0.7636363636363637 0.7329545454545454
3 0.8704545454545455 0.5954545454545455 0.8738636363636364 0.6034090909090909 0.8806818181818182 0.6090909090909091 0.8806818181818182 0.6136363636363636 0.8852272727272728 0.6181818181818182 0.8886363636363637 0.65 0.8875 0.6590909090909091 0.8897727272727273 0.6613636363636364 0.8897727272727273 0.6681818181818182 0.8852272727272728 0.6761363636363636 0.8852272727272728 0.6840909090909091 0.8806818181818182 0.6909090909090909 0.8784090909090909 0.7136363636363636 0.8738636363636364 0.7204545454545455 0.8715909090909091 0.7329545454545454 0.8681818181818182 0.7363636363636363 0.8625 0.7340909090909091 0.8613636363636363 0.7227272727272728 0.8568181818181818 0.7102272727272727 0.8579545454545454 0.675 0.8556818181818182 0.6602272727272728 0.8590909090909091 0.6511363636363636 0.8579545454545454 0.6215909090909091 0.8625 0.6079545454545454 0.8625 0.5965909090909091 0.8693181818181818 0.5954545454545455
3 0.6886363636363636 0.5 0.6943181818181818 0.5056818181818182 0.7068181818181818 0.5068181818181818 0.7125 0.5102272727272728 0.7113636363636363 0.5454545454545454 0.7204545454545455 0.5511363636363636 0.7215909090909091 0.5738636363636364 0.7204545454545455 0.5840909090909091 0.7170454545454545 0.5909090909090909 0.7170454545454545 0.6068181818181818 0.7056818181818182 0.6147727272727272 0.6920454545454545 0.6147727272727272 0.6863636363636364 0.6090909090909091 0.678409090909091 0.5909090909090909 0.675 0.575 0.6738636363636363 0.5443181818181818 0.6761363636363636 0.5056818181818182 0.6806818181818182 0.4965909090909091 0.6840909090909091 0.4965909090909091 0.6875 0.5
3 0.9079545454545455 0.6363636363636364 0.925 0.6363636363636364 0.9375 0.6409090909090909 0.9409090909090909 0.6443181818181818 0.9409090909090909 0.6545454545454545 0.9454545454545454 0.6590909090909091 0.95 0.6545454545454545 0.9511363636363637 0.6556818181818181 0.95 0.6840909090909091 0.946590909090909 0.7022727272727273 0.95 0.7306818181818182 0.9443181818181818 0.7375 0.9397727272727273 0.7534090909090909 0.9318181818181818 0.7556818181818182 0.928409090909091 0.7625 0.9204545454545454 0.7704545454545455 0.9147727272727273 0.7943181818181818 0.9079545454545455 0.803409090909091 0.9034090909090909 0.7943181818181818 0.9011363636363636 0.7704545454545455 0.9034090909090909 0.7272727272727273 0.9011363636363636 0.6863636363636364 0.9034090909090909 0.6693181818181818 0.9068181818181819 0.6636363636363637 0.9079545454545455 0.6375
3 0.09545454545454546 0.042045454545454546 0.09772727272727273 0.06363636363636363 0.09659090909090909 0.07272727272727272 0.09318181818181819 0.08295454545454546 0.09090909090909091 0.08409090909090909 0.0875 0.08409090909090909 0.08522727272727272 0.06363636363636363 0.08863636363636364 0.045454545454545456 0.09431818181818181 0.042045454545454546
3 0.18977272727272726 0 0.1965909090909091 0 0.19772727272727272 0.003409090909090909 0.19772727272727272 0.01818181818181818 0.19204545454545455 0.023863636363636365 0.18863636363636363 0.01818181818181818 0.18977272727272726 0.0011363636363636363
3 0.8340909090909091 0.7965909090909091 0.8386363636363636 0.7943181818181818 0.8454545454545455 0.8 0.8545454545454545 0.8 0.8590909090909091 0.803409090909091 0.8590909090909091 0.8193181818181818 0.8568181818181818 0.8284090909090909 0.8613636363636363 0.8431818181818181 0.8625 0.8556818181818182 0.8613636363636363 0.884090909090909 0.8568181818181818 0.884090909090909 0.8488636363636364 0.8772727272727273 0.8454545454545455 0.8738636363636364 0.8454545454545455 0.8704545454545455 0.85 0.8420454545454545 0.8454545454545455 0.8386363636363636 0.8465909090909091 0.8329545454545455 0.8443181818181819 0.8272727272727273 0.8386363636363636 0.8227272727272728 0.8272727272727273 0.8238636363636364 0.8227272727272728 0.8318181818181818 0.821590909090909 0.8647727272727272 0.8170454545454545 0.8670454545454546 0.8113636363636364 0.8772727272727273 0.8090909090909091 0.875 0.8090909090909091 0.865909090909091 0.8068181818181818 0.8636363636363636 0.8079545454545455 0.8522727272727273 0.8113636363636364 0.8488636363636364 0.8079545454545455 0.8386363636363636 0.8090909090909091 0.825 0.821590909090909 0.8170454545454545 0.8204545454545454 0.8056818181818182 0.8170454545454545 0.803409090909091 0.8340909090909091 0.8011363636363636 0.8340909090909091 0.7977272727272727
3 0.7897727272727273 0.49772727272727274 0.7943181818181818 0.5 0.7988636363636363 0.5102272727272728 0.8045454545454546 0.5159090909090909 0.8090909090909091 0.5454545454545454 0.8090909090909091 0.5704545454545454 0.8068181818181818 0.575 0.8045454545454546 0.6045454545454545 0.8011363636363636 0.6170454545454546 0.8011363636363636 0.6556818181818181 0.7965909090909091 0.6897727272727273 0.7931818181818182 0.6909090909090909 0.7931818181818182 0.6954545454545454 0.7909090909090909 0.6977272727272728 0.7863636363636364 0.6954545454545454 0.7829545454545455 0.6977272727272728 0.7806818181818181 0.6954545454545454 0.7840909090909091 0.6920454545454545 0.7795454545454545 0.6852272727272727 0.7806818181818181 0.6772727272727272 0.7784090909090909 0.6738636363636363 0.7806818181818181 0.6170454545454546 0.775 0.5829545454545455 0.7693181818181818 0.571590909090909 0.7704545454545455 0.5420454545454545 0.7681818181818182 0.5125 0.7681818181818182 0.5034090909090909 0.7715909090909091 0.5 0.7772727272727272 0.5 0.7840909090909091 0.4965909090909091 0.7886363636363637 0.49772727272727274
3 0.31477272727272726 0.26590909090909093 0.3215909090909091 0.26590909090909093 0.33181818181818185 0.29318181818181815 0.3397727272727273 0.30227272727272725 0.3431818181818182 0.31022727272727274 0.34204545454545454 0.3886363636363636 0.3306818181818182 0.42272727272727273 0.32727272727272727 0.4238636363636364 0.32272727272727275 0.4193181818181818 0.3181818181818182 0.40795454545454546 0.3159090909090909 0.38522727272727275 0.3090909090909091 0.3693181818181818 0.3068181818181818 0.34204545454545454 0.3068181818181818 0.3159090909090909 0.31363636363636366 0.2909090909090909 0.31477272727272726 0.26704545454545453
3 0.8238636363636364 0.6579545454545455 0.8465909090909091 0.6681818181818182 0.85 0.6659090909090909 0.8534090909090909 0.6670454545454545 0.8556818181818182 0.6704545454545454 0.8556818181818182 0.7034090909090909 0.8477272727272728 0.7034090909090909 0.8420454545454545 0.6920454545454545 0.8386363636363636 0.6897727272727273 0.8352272727272727 0.6920454545454545 0.8318181818181818 0.7 0.8284090909090909 0.7261363636363637 0.8193181818181818 0.7295454545454545 0.8125 0.7352272727272727 0.803409090909091 0.7545454545454545 0.8011363636363636 0.7511363636363636 0.8022727272727272 0.7397727272727272 0.8 0.7193181818181819 0.803409090909091 0.6659090909090909 0.8079545454545455 0.6556818181818181 0.8147727272727273 0.6545454545454545 0.8227272727272728 0.6579545454545455
3 0.6068181818181818 0.16363636363636364 0.6125 0.1625 0.6181818181818182 0.16590909090909092 0.6238636363636364 0.17386363636363636 0.6261363636363636 0.21363636363636362 0.6204545454545455 0.22386363636363638 0.6125 0.22386363636363638 0.6079545454545454 0.21363636363636362 0.6045454545454545 0.1965909090909091 0.6045454545454545 0.16818181818181818 0.6068181818181818 0.16477272727272727
3 0.028409090909090908 0.075 0.03636363636363636 0.07613636363636364 0.03636363636363636 0.08636363636363636 0.04318181818181818 0.1125 0.04090909090909091 0.1340909090909091 0.031818181818181815 0.1409090909090909 0.025 0.13863636363636364 0.023863636363636365 0.10340909090909091 0.026136363636363635 0.08068181818181819 0.028409090909090908 0.07613636363636364
3 0.6613636363636364 0.21931818181818183 0.6806818181818182 0.22045454545454546 0.6852272727272727 0.22613636363636364 0.6897727272727273 0.2409090909090909 0.6886363636363636 0.2590909090909091 0.6818181818181818 0.2590909090909091 0.6681818181818182 0.2545454545454545 0.6647727272727273 0.2409090909090909 0.6659090909090909 0.2340909090909091 0.6625 0.22840909090909092 0.6613636363636364 0.22045454545454546
3 0.7443181818181818 0.31363636363636366 0.7420454545454546 0.3443181818181818 0.7454545454545455 0.3522727272727273 0.7443181818181818 0.3568181818181818 0.7477272727272727 0.35909090909090907 0.7443181818181818 0.3613636363636364 0.7420454545454546 0.3704545454545455 0.7272727272727273 0.3488636363636364 0.725 0.34204545454545454 0.725 0.3261363636363636 0.7204545454545455 0.3170454545454545 0.7284090909090909 0.31477272727272726 0.7431818181818182 0.31477272727272726
2 0 0.8064814818181818 0.10729166704545455 0.8203703704545454 0.125 0.8148148147727273 0.13125 0.8 0.13489583295454546 0.7824074079545454 0.13177083295454545 0.7722222227272727 0.13541666704545455 0.7324074079545454 0.14010416704545456 0.7259259261363635 0.14322916704545455 0.7111111113636364 0.15104166704545455 0.6953703704545454 0.15208333295454546 0.6870370375 0.16510416704545453 0.6824074079545455 0.16927083295454545 0.6583333329545455 0.1703125 0.596296296590909 0.16458333295454547 0.5074074079545455 0.16041666704545454 0.4944444443181818 0.15572916704545453 0.4916666670454546 0.15572916704545453 0.47592592613636364 0.146875 0.4583333329545454 0.14375 0.4462962965909091 0.140625 0.44259259204545454 0.11927083295454545 0.44166666704545454 0.09947916704545455 0.44537037045454547 0.08854166704545455 0.44166666704545454 0.0625 0.4527777772727272 0.0453125 0.4796296295454545 0.0375 0.5 0.03125 0.5074074079545455 0.0296875 0.5166666670454546 0.025 0.5212962965909091 0.025 0.5287037034090909 0.019270832954545455 0.5481481477272727 0.011979167045454545 0.5629629625 0 0.6203703704545455 0 0.8064814818181818
2 0.3453125 0.596296296590909 0.34375 0.646296296590909 0.33697916704545455 0.6611111113636364 0.3328125 0.6611111113636364 0.33177083295454546 0.6666666670454545 0.3234375 0.6675925920454546 0.32395833295454546 0.6833333329545455 0.3276041670454546 0.6888888886363637 0.33229166704545454 0.6898148147727273 0.33958333295454546 0.7018518522727273 0.3375 0.7157407409090909 0.33958333295454546 0.7259259261363635 0.33697916704545455 0.7444444443181819 0.3375 0.7648148147727273 0.33125 0.7990740738636364 0.3328125 0.8231481477272727 0.33125 0.8564814818181818 0.3354166670454546 0.875 0.34375 0.8768518522727273 0.34583333295454544 0.8731481477272727 0.3463541670454546 0.8601851852272727 0.3489583329545454 0.8555555556818181 0.3640625 0.85 0.37395833295454545 0.8611111113636364 0.37604166704545455 0.8907407409090909 0.38697916704545454 0.9018518522727274 0.425 0.9129629625000001 0.4369791670454546 0.9101851852272727 0.43854166704545455 0.9046296295454546 0.446875 0.9046296295454546 0.4515625 0.8981481477272727 0.48125 0.8953703704545455 0.4916666670454546 0.903703703409091 0.5 0.8657407409090909 0.5 0.7981481477272727 0.4947916670454546 0.7657407409090909 0.4953125 0.7361111113636364 0.4973958329545454 0.7305555556818181 0.49427083295454544 0.7027777772727273 0.5005208329545454 0.6935185181818182 0.5078125 0.6888888886363637 0.5088541670454546 0.6638888886363636 0.5041666670454545 0.6620370375 0.4994791670454546 0.665740740909091 0.49322916704545455 0.6611111113636364 0.4916666670454546 0.6555555556818181 0.4927083329545454 0.65 0.4895833329545454 0.6194444443181819 0.48645833295454544 0.6060185181818182 0.4859375 0.575 0.48125 0.5583333329545455 0.4838541670454546 0.5490740738636364 0.475 0.4768518522727273 0.4770833329545454 0.4592592590909091 0.425 0.44907407386363635 0.3958333329545454 0.4509259261363637 0.3723958329545454 0.4564814818181818 0.36875 0.46111111136363636 0.3671875 0.47037037045454544 0.36145833295454544 0.4768518522727273 0.35729166704545456 0.5259259261363637 0.3515625 0.55 0.3489583329545454 0.584259259090909 0.3453125 0.596296296590909
2 0.5447916670454546 0.7240740738636364 0.5416666670454545 0.7305555556818181 0.5395833329545454 0.7527777772727272 0.5463541670454546 0.8064814818181818 0.546875 0.8555555556818181 0.5505208329545455 0.8620370374999999 0.55625 0.9083333329545455 0.5588541670454545 0.9111111113636364 0.5765625 0.9083333329545455 0.5807291670454545 0.9120370375 0.6026041670454545 0.9129629625000001 0.6182291670454545 0.9185185181818182 0.6260416670454545 0.9138888886363636 0.6583333329545455 0.915740740909091 0.6854166670454545 0.9101851852272727 0.6916666670454545 0.9055555556818181 0.6973958329545455 0.8861111113636364 0.6979166670454545 0.8694444443181819 0.6916666670454545 0.8648148147727274 0.690625 0.8444444443181819 0.703125 0.825 0.7057291670454545 0.8083333329545455 0.7135416670454545 0.7935185181818182 0.7140625 0.7870370375 0.7119791670454545 0.7851851852272727 0.6677083329545455 0.5703703704545454 0.6604166670454545 0.5675925920454545 0.6546875 0.5481481477272727 0.6479166670454545 0.5425925920454545 0.6338541670454545 0.5398148147727273 0.5708333329545454 0.540740740909091 0.5640625 0.5444444443181818 0.5578125 0.5638888886363637 0.5317708329545454 0.6814814818181818 0.5317708329545454 0.6962962965909091 0.534375 0.709259259090909 0.5447916670454546 0.7240740738636364
2 0.5145833329545454 0.5462962965909091 0.5234375 0.5768518522727273 0.5270833329545455 0.6046296295454545 0.528125 0.6370370375 0.5322916670454546 0.6481481477272727 0.5401041670454546 0.6509259261363636 0.5463541670454546 0.6407407409090909 0.5489583329545454 0.6175925920454546 0.55625 0.5981481477272726 0.55625 0.5657407409090909 0.5635416670454546 0.5435185181818182 0.5822916670454545 0.5370370375 0.6296875 0.5379629625 0.6463541670454545 0.5435185181818182 0.6489583329545455 0.5398148147727273 0.6463541670454545 0.5148148147727273 0.646875 0.48703703750000005 0.6489583329545455 0.4768518522727273 0.6401041670454545 0.4287037034090909 0.6302083329545455 0.39074074090909094 0.6223958329545455 0.3768518522727273 0.61875 0.375 0.6161458329545455 0.36481481477272726 0.6171875 0.35833333295454545 0.6104166670454545 0.3481481477272727 0.5776041670454546 0.3407407409090909 0.5348958329545455 0.34166666704545456 0.5302083329545454 0.3481481477272727 0.5286458329545455 0.3601851852272727 0.5234375 0.3712962965909091 0.5213541670454546 0.38611111136363635 0.5171875 0.39722222272727276 0.5130208329545455 0.4370370375 0.5125 0.4537037034090909 0.5151041670454546 0.47037037045454544 0.5135416670454546 0.4944444443181818 0.5145833329545454 0.5462962965909091
2 0.18802083295454547 0.2916666670454546 0.19375 0.29537037045454545 0.19583333295454547 0.30277777727272726 0.19270833295454545 0.3138888886363636 0.19375 0.3259259261363637 0.2015625 0.33796296249999996 0.22760416704545453 0.35648148181818184 0.23385416704545453 0.3657407409090909 0.2328125 0.37222222272727273 0.2375 0.37962962954545454 0.2552083329545455 0.38611111136363635 0.26927083295454546 0.38518518522727274 0.284375 0.3768518522727273 0.28958333295454547 0.3787037034090909 0.2963541670454546 0.31759259204545454 0.2973958329545454 0.27592592613636363 0.2942708329545454 0.25092592613636366 0.2833333329545455 0.21296296250000002 0.2796875 0.20740740795454546 0.271875 0.20462962954545455 0.2421875 0.2055555556818182 0.22864583295454546 0.2120370375 0.21822916704545453 0.22314814772727273 0.20572916704545455 0.25092592613636366 0.2 0.2787037034090909 0.1875 0.28240740795454544 0.18802083295454547 0.2916666670454546
2 0.14375 0.4462962965909091 0.1515625 0.46296296249999996 0.15677083295454547 0.48981481477272726 0.16197916704545454 0.5009259261363637 0.16770833295454546 0.5333333329545454 0.17083333295454547 0.5398148147727273 0.21354166704545455 0.5361111113636364 0.21666666704545454 0.5324074079545454 0.21979166704545453 0.5194444443181818 0.22083333295454546 0.4935185181818182 0.225 0.4879629625 0.22291666704545454 0.48425925909090906 0.22395833295454545 0.4787037034090909 0.22916666704545455 0.4731481477272727 0.23802083295454546 0.4509259261363637 0.23802083295454546 0.4212962965909091 0.2359375 0.4129629625 0.23385416704545453 0.375 0.21927083295454547 0.35092592613636364 0.209375 0.34722222272727277 0.20104166704545454 0.3388888886363636 0.20052083295454545 0.3342592590909091 0.1953125 0.3314814818181818 0.153125 0.33796296249999996 0.13958333295454545 0.35925925909090906 0.11927083295454545 0.4129629625 0.11979166704545455 0.4305555556818182 0.12291666704545455 0.4305555556818182 0.12864583295454546 0.43981481477272727 0.14375 0.4462962965909091
2 0.3453125 0.44537037045454547 0.3463541670454546 0.4527777772727272 0.3578125 0.4620370375 0.3625 0.47777777727272724 0.3666666670454546 0.4657407409090909 0.3703125 0.46296296249999996 0.36927083295454544 0.4592592590909091 0.3723958329545454 0.4537037034090909 0.4234375 0.44907407386363635 0.465625 0.4564814818181818 0.484375 0.4527777772727272 0.484375 0.44351851818181814 0.4765625 0.4379629625 0.47083333295454544 0.4268518522727273 0.4635416670454546 0.38518518522727274 0.4635416670454546 0.3685185181818182 0.45677083295454546 0.3425925920454545 0.44947916704545454 0.3324074079545455 0.4458333329545454 0.32962962954545455 0.440625 0.3333333329545454 0.4203125 0.3324074079545455 0.4145833329545454 0.3277777772727272 0.39739583295454545 0.32962962954545455 0.38854166704545456 0.33796296249999996 0.3833333329545454 0.3370370375 0.37291666704545456 0.35277777727272724 0.37395833295454545 0.35925925909090906 0.36510416704545456 0.39722222272727276 0.36041666704545455 0.42962962954545453 0.3453125 0.44537037045454547
2 0.6239583329545455 0.3518518522727273 0.6223958329545455 0.3555555556818182 0.6244791670454545 0.37222222272727273 0.6265625 0.37962962954545454 0.6322916670454545 0.38611111136363635 0.6427083329545455 0.4212962965909091 0.6458333329545455 0.44166666704545454 0.6463541670454545 0.46944444431818183 0.6494791670454545 0.47407407386363637 0.6520833329545455 0.4944444443181818 0.6572916670454545 0.5018518522727273 0.675 0.5037037034090909 0.6822916670454545 0.48333333295454545 0.6927083329545455 0.4657407409090909 0.6958333329545455 0.4527777772727272 0.725 0.41388888863636364 0.734375 0.4212962965909091 0.7359375 0.4074074079545455 0.7333333329545455 0.3629629625 0.7192708329545455 0.33518518522727275 0.7145833329545455 0.3129629625 0.6947916670454545 0.2638888886363636 0.6760416670454545 0.2574074079545455 0.6473958329545455 0.2574074079545455 0.6338541670454545 0.27592592613636363 0.6276041670454545 0.2962962965909091 0.6286458329545455 0.30648148181818186 0.6213541670454545 0.3342592590909091 0.6234375 0.3370370375 0.6239583329545455 0.3518518522727273
2 0.4734375 0.31018518522727273 0.47083333295454544 0.32037037045454547 0.4739583329545454 0.33796296249999996 0.47291666704545454 0.3555555556818182 0.47552083295454545 0.35925925909090906 0.4828125 0.43425925909090907 0.48802083295454546 0.4518518522727273 0.49791666704545456 0.4592592590909091 0.50625 0.46018518522727275 0.5135416670454546 0.4527777772727272 0.5130208329545455 0.42592592613636365 0.5161458329545454 0.4111111113636364 0.515625 0.39722222272727276 0.5192708329545455 0.39074074090909094 0.5213541670454546 0.37592592613636366 0.53125 0.3425925920454545 0.5421875 0.3388888886363636 0.56875 0.3407407409090909 0.5713541670454546 0.33796296249999996 0.5598958329545455 0.2861111113636364 0.5489583329545454 0.2574074079545455 0.5442708329545455 0.2537037034090909 0.5234375 0.24907407386363636 0.496875 0.25 0.48541666704545455 0.26111111136363635 0.48333333295454545 0.27407407386363636 0.4791666670454546 0.2814814818181818 0.4765625 0.28055555568181817 0.4703125 0.2870370375 0.4692708329545454 0.2935185181818182 0.47083333295454544 0.2981481477272727 0.4692708329545454 0.3 0.4734375 0.31018518522727273
2 0.5229166670454546 0.23888888863636362 0.5223958329545454 0.24444444431818182 0.5364583329545455 0.24814814772727273 0.5479166670454546 0.2555555556818182 0.5604166670454546 0.2833333329545455 0.5708333329545454 0.3231481477272727 0.5953125 0.3277777772727272 0.6036458329545455 0.31759259204545454 0.6067708329545455 0.3111111113636364 0.6057291670454545 0.30462962954545453 0.6088541670454545 0.3037037034090909 0.6072916670454545 0.2972222227272728 0.609375 0.2925925920454545 0.6072916670454545 0.2925925920454545 0.6036458329545455 0.27314814772727275 0.609375 0.23055555568181818 0.5932291670454545 0.17129629659090911 0.5833333329545455 0.1629629625 0.55 0.1564814818181818 0.5411458329545454 0.16203703749999998 0.5354166670454545 0.18518518522727273 0.5354166670454545 0.20277777727272728 0.5322916670454546 0.22685185227272725 0.5286458329545455 0.23518518522727272 0.5229166670454546 0.23888888863636362
2 0.3619791670454546 0.3138888886363636 0.3671875 0.31851851818181814 0.3697916670454546 0.33101851818181816 0.3697916670454546 0.3462962965909091 0.37395833295454545 0.3462962965909091 0.3822916670454546 0.3259259261363637 0.3901041670454546 0.32037037045454547 0.446875 0.3212962965909091 0.45729166704545454 0.3138888886363636 0.45677083295454546 0.30648148181818186 0.4515625 0.30740740795454546 0.4479166670454546 0.3037037034090909 0.4421875 0.2638888886363636 0.43541666704545456 0.24444444431818182 0.4291666670454546 0.24166666704545453 0.3901041670454546 0.24259259204545455 0.38177083295454545 0.25277777727272727 0.37291666704545456 0.2925925920454545 0.3645833329545454 0.30648148181818186 0.3619791670454546 0.30648148181818186 0.3619791670454546 0.3138888886363636
2 0.48020833295454546 0.24166666704545453 0.484375 0.23981481477272726 0.49010416704545456 0.24444444431818182 0.5130208329545455 0.24537037045454546 0.5213541670454546 0.23518518522727272 0.5270833329545455 0.23333333295454547 0.5328125 0.21296296250000002 0.5359375 0.17685185227272726 0.5338541670454545 0.16111111136363637 0.5223958329545454 0.12685185227272727 0.5151041670454546 0.12314814772727271 0.4869791670454546 0.12314814772727271 0.48020833295454546 0.13611111136363635 0.478125 0.15 0.4739583329545454 0.15740740795454544 0.4770833329545454 0.17407407386363635 0.4734375 0.20833333295454545 0.4760416670454546 0.23333333295454547 0.48020833295454546 0.24166666704545453