2 0.1 0.8369318181818182 0.2 0.3210227272727273
2 0.3619318181818182 0.8159090909090909 0.2556818181818182 0.3625
2 0.7073863636363636 0.8539772727272728 0.2539772727272727 0.28863636363636364
3 0.03920454545454546 0.37272727272727274 0.04090909090909091 0.10397727272727272
2 0.7454545454545455 0.5039772727272728 0.1431818181818182 0.2585227272727273
3 0.5857954545454546 0.6386363636363637 0.05795454545454545 0.175
2 0.16363636363636364 0.7011363636363637 0.17556818181818182 0.35
2 0.37329545454545454 0.6039772727272728 0.16647727272727272 0.30568181818181817
3 0.1409090909090909 0.2778409090909091 0.028977272727272727 0.06136363636363636
2 0.2727272727272727 0.48068181818181815 0.12954545454545455 0.2471590909090909
3 0.23806818181818182 0.15284090909090908 0.017045454545454544 0.04431818181818182
2 0.4284090909090909 0.4414772727272727 0.13352272727272727 0.25
2 0.6073863636363637 0.38522727272727275 0.09943181818181818 0.19886363636363635
3 0.2034090909090909 0.1943181818181818 0.016477272727272726 0.04431818181818182
3 0.5073863636363637 0.2539772727272727 0.02556818181818182 0.06931818181818182
2 0.4238636363636364 0.30625 0.09772727272727273 0.1125
2 0.045454545454545456 0.27102272727272725 0.09090909090909091 0.14659090909090908
2 0.6545454545454545 0.1431818181818182 0.07897727272727273 0.06931818181818182
0 0.4505681818181818 0.2215909090909091 0.07329545454545454 0.1846590909090909
2 0.29375 0.3306818181818182 0.09829545454545455 0.15284090909090908