2 0.10511363636363637 0.7846590909090909 0.21022727272727273 0.425
2 0.6346590909090909 0.7852272727272728 0.17556818181818182 0.4238636363636364
2 0.36818181818181817 0.7011363636363637 0.18295454545454545 0.4
2 0.21079545454545454 0.5210227272727272 0.1375 0.2721590909090909
2 0.6909090909090909 0.3778409090909091 0.12045454545454545 0.2278409090909091
3 0.6392045454545454 0.5056818181818182 0.04431818181818182 0.18352272727272728
2 0.4318181818181818 0.4102272727272727 0.10170454545454545 0.20397727272727273
3 0.5318181818181819 0.21534090909090908 0.019318181818181818 0.05568181818181818
2 0.5261363636363636 0.35909090909090907 0.08977272727272727 0.15965909090909092
2 0.3130681818181818 0.3397727272727273 0.10795454545454546 0.1903409090909091
2 0.08579545454545455 0.21022727272727273 0.08806818181818182 0.10113636363636364
2 0.4380681818181818 0.23977272727272728 0.07045454545454545 0.1403409090909091
3 0.5676136363636364 0.29318181818181815 0.021022727272727273 0.06647727272727273
2 0.5948863636363636 0.21647727272727274 0.060227272727272727 0.11931818181818182
2 0.3744318181818182 0.16818181818181818 0.0625 0.1028409090909091
2 0.34375 0.25 0.0625 0.125
5 0.4984375 0.2263888886363636 0.5046875 0.18333333295454546 0.50234375 0.14444444431818182 0.5046875 0.07638888863636364 0.5015625 0.06805555568181818 0.48828125 0.05277777727272727 0.45625 0.05 0.44453125 0.059722222727272734 0.4375 0.08888888863636364 0.43671875 0.15 0.4609375 0.17777777727272728 0.47265625 0.2194444443181818 0.4984375 0.2263888886363636