2 0.09488636363636363 0.7840909090909091 0.18977272727272726 0.39886363636363636
2 0.35511363636363635 0.8352272727272727 0.19943181818181818 0.3261363636363636
3 0.7352272727272727 0.9403409090909091 0.07670454545454546 0.11931818181818182
2 0.6931818181818182 0.5005681818181819 0.12045454545454545 0.2431818181818182
2 0.2096590909090909 0.5494318181818182 0.1693181818181818 0.3181818181818182
2 0.575 0.8164772727272728 0.2 0.3306818181818182
2 0.40625 0.5789772727272727 0.13920454545454544 0.31136363636363634
2 0.20511363636363636 0.1943181818181818 0.06931818181818182 0.1
2 0.6267045454545455 0.3306818181818182 0.07897727272727273 0.15568181818181817
2 0.5539772727272727 0.41647727272727275 0.11875 0.15568181818181817
2 0.13011363636363638 0.19318181818181818 0.06818181818181818 0.09147727272727273
2 0.525 0.2806818181818182 0.075 0.13352272727272727
2 0.26136363636363635 0.3977272727272727 0.10056818181818182 0.1431818181818182