3 0.8125 0.9039772727272727 0.0715909090909091 0.18977272727272726
3 0.9460227272727273 0.5244318181818182 0.08352272727272728 0.12897727272727272
2 0.0875 0.6585227272727273 0.1744318181818182 0.41761363636363635
2 0.49829545454545454 0.34488636363636366 0.11534090909090909 0.23806818181818182
2 0.6113636363636363 0.4994318181818182 0.14602272727272728 0.35852272727272727
2 0.33181818181818185 0.5636363636363636 0.17556818181818182 0.35852272727272727
2 0.4636363636363636 0.21363636363636362 0.08125 0.15170454545454545
3 0.5931818181818181 0.16988636363636364 0.025 0.06931818181818182
2 0.16477272727272727 0.40852272727272726 0.12727272727272726 0.20113636363636364
2 0.34147727272727274 0.3431818181818182 0.12045454545454545 0.20454545454545456
2 0.33125 0.26079545454545455 0.09545454545454546 0.19886363636363635
3 0.5215909090909091 0.03579545454545455 0.022727272727272728 0.061931818181818185
2 0.19090909090909092 0.29602272727272727 0.09147727272727273 0.14431818181818182
3 0.4198863636363636 0.08863636363636364 0.017045454545454544 0.051704545454545454
2 0.36761363636363636 0.18863636363636363 0.0659090909090909 0.1380681818181818
2 0.23068181818181818 0.23522727272727273 0.07727272727272727 0.12954545454545455
3 0.13125 0.30113636363636365 0.02556818181818182 0.07613636363636364