2 0.060227272727272727 0.8494318181818182 0.12045454545454545 0.29715909090909093
2 0.6625 0.7352272727272727 0.18977272727272726 0.38522727272727275
2 0.5147727272727273 0.5136363636363637 0.12556818181818183 0.33238636363636365
2 0.6590909090909091 0.48522727272727273 0.14147727272727273 0.25
2 0.1494318181818182 0.4903409090909091 0.14772727272727273 0.2636363636363636
2 0.6125 0.33238636363636365 0.1 0.2409090909090909
2 0.3181818181818182 0.5778409090909091 0.14431818181818182 0.29602272727272727
2 0.44375 0.35852272727272727 0.10170454545454545 0.22102272727272726
2 0.49772727272727274 0.24602272727272728 0.08409090909090909 0.18693181818181817
2 0.3698863636363636 0.25113636363636366 0.09147727272727273 0.16875
2 0.19261363636363638 0.3210227272727273 0.10909090909090909 0.18352272727272728
6 0.4943181818181818 0.08522727272727272 0.08068181818181819 0.16875
2 0.028409090909090908 0.2852272727272727 0.056818181818181816 0.11136363636363636
2 0.2318181818181818 0.24034090909090908 0.08636363636363636 0.15113636363636362