2 0.3215909090909091 0.8119318181818181 0.24375 0.37386363636363634
2 0.5994318181818182 0.8090909090909091 0.21818181818181817 0.3789772727272727
3 0.7585227272727273 0.3744318181818182 0.025 0.07613636363636364
2 0.21079545454545454 0.5840909090909091 0.16590909090909092 0.3431818181818182
2 0.10056818181818182 0.8119318181818181 0.2005681818181818 0.3710227272727273
3 0.13238636363636364 0.3153409090909091 0.02556818181818182 0.06647727272727273
3 0.88125 0.8539772727272728 0.06875 0.14431818181818182
3 0.3181818181818182 0.031818181818181815 0.0125 0.038636363636363635
3 0.34602272727272726 0.01818181818181818 0.00909090909090909 0.033522727272727273
3 0.8539772727272728 0.7619318181818182 0.053409090909090906 0.14886363636363636
3 0.7880681818181818 0.32272727272727275 0.020454545454545454 0.06534090909090909
3 0.5880681818181818 0.26477272727272727 0.026704545454545453 0.05397727272727273
2 0.6017045454545454 0.39090909090909093 0.09204545454545454 0.20113636363636364
3 0.7255681818181818 0.8056818181818182 0.056818181818181816 0.1471590909090909
3 0.5056818181818182 0.6556818181818181 0.04431818181818182 0.16647727272727272
2 0.5346590909090909 0.3431818181818182 0.06931818181818182 0.13352272727272727
5 0.1921875 0.4319444443181818 0.2046875 0.4111111113636364 0.22578125 0.40833333295454544 0.26171875 0.40972222272727277 0.28125 0.4222222227272728 0.29140625 0.44861111136363635 0.3 0.5305555556818182 0.3171875 0.5416666670454545 0.31796875 0.5236111113636364 0.32421875 0.49722222272727273 0.32421875 0.4625 0.3703125 0.3305555556818182 0.38515625 0.26111111136363635 0.38046875 0.2319444443181818 0.38828125 0.15138888863636363 0.3890625 0.06805555568181818 0.33984375 0.05694444431818182 0.2875 0.05277777727272727 0.24453125 0.08472222272727273 0.2375 0.11111111136363636 0.21875 0.11388888863636364 0.2078125 0.1569444443181818 0.20859375 0.17083333295454547 0.19609375 0.22916666704545455 0.1921875 0.3194444443181818 0.18515625 0.34166666704545456 0.184375 0.3555555556818182 0.1859375 0.375 0.1828125 0.425 0.18515625 0.43333333295454546 0.1921875 0.4319444443181818
6 0.48046875 0.30138888863636365 0.484375 0.2861111113636364 0.49140625 0.18888888863636363 0.490625 0.13333333295454544 0.47734375 0.125 0.43125 0.12222222272727272 0.425 0.15 0.41640625 0.225 0.4171875 0.2694444443181818 0.4609375 0.2777777772727273 0.4734375 0.30277777727272726 0.48046875 0.30138888863636365
6 0.4171875 0.6486111113636364 0.43359375 0.7097222227272727 0.4375 0.775 0.44609375 0.7847222227272728 0.45234375 0.7847222227272728 0.4578125 0.7652777772727273 0.4609375 0.6916666670454545 0.4734375 0.6333333329545455 0.49375 0.4361111113636364 0.4875 0.4291666670454546 0.48359375 0.40972222272727277 0.4828125 0.3625 0.471875 0.3375 0.4421875 0.2944444443181818 0.43046875 0.28888888863636364 0.41015625 0.29583333295454545 0.3890625 0.31527777727272727 0.365625 0.35277777727272724 0.34921875 0.3902777772727272 0.3375 0.4319444443181818 0.3390625 0.4638888886363636 0.31953125 0.6208333329545455 0.40390625 0.6388888886363636 0.4171875 0.6486111113636364