2 0.35568181818181815 0.8119318181818181 0.23579545454545456 0.37386363636363634
3 0.9556818181818182 0.7840909090909091 0.08295454545454546 0.17386363636363636
2 0.66875 0.6602272727272728 0.15795454545454546 0.3039772727272727
2 0.6863636363636364 0.9039772727272727 0.22443181818181818 0.18863636363636363
2 0.5852272727272727 0.4590909090909091 0.11420454545454546 0.22613636363636364
3 0.8017045454545455 0.45681818181818185 0.026704545454545453 0.11136363636363636
2 0.42159090909090907 0.5102272727272728 0.12329545454545454 0.22897727272727272
3 0.5522727272727272 0.23806818181818182 0.023295454545454546 0.06534090909090909
2 0.30113636363636365 0.33352272727272725 0.09147727272727273 0.15852272727272726
2 0.43068181818181817 0.3534090909090909 0.09829545454545455 0.1846590909090909
2 0.34375 0.2369318181818182 0.06420454545454546 0.11534090909090909
3 0.5369318181818182 0.1318181818181818 0.014204545454545454 0.03636363636363636
2 0.5482954545454546 0.35909090909090907 0.07272727272727272 0.1403409090909091
2 0.4681818181818182 0.28863636363636364 0.061931818181818185 0.12215909090909091
3 0.3801136363636364 0.3380681818181818 0.024431818181818183 0.07386363636363637
3 0.5079545454545454 0.08522727272727272 0.010795454545454546 0.04602272727272727
6 0.6198863636363636 0.2431818181818182 0.09602272727272727 0.23068181818181818
4 0 0.9986111113636363 0.10625 0.9986111113636363 0.10625 0.9861111113636364 0.13046875 0.9625 0.134375 0.9416666670454545 0.14609375 0.9222222227272727 0.14296875 0.9097222227272728 0.15078125 0.9041666670454545 0.16484375 0.8791666670454545 0.16796875 0.8597222227272727 0.17890625 0.8444444443181819 0.190625 0.8541666670454545 0.2 0.85 0.215625 0.7986111113636364 0.22109375 0.7916666670454545 0.22265625 0.7430555556818181 0.2171875 0.7263888886363636 0.240625 0.6611111113636364 0.24921875 0.6222222227272728 0.25390625 0.5416666670454545 0.25390625 0.3625 0.25703125 0.3180555556818182 0.26875 0.2791666670454545 0.1125 0.2625 0.00703125 0.3555555556818182 0 0.36388888863636365 0 0.9986111113636363
4 0.4078125 0.21388888863636363 0.41875 0.18472222272727273 0.42265625 0.15833333295454546 0.43515625 0.12638888863636363 0.4375 0.10972222272727272 0.4390625 0.06666666704545454 0.43125 0.034722222727272725 0.4296875 0.005555555681818182 0.41796875 0.0027777772727272726 0.3765625 0.0125 0.359375 0.020833332954545453 0.34921875 0.036111111363636365 0.3421875 0.17361111136363638 0.3703125 0.18888888863636363 0.3765625 0.2111111113636364 0.4078125 0.21388888863636363