2 0.39090909090909093 0.7869318181818182 0.19318181818181818 0.42102272727272727
2 0.12215909090909091 0.6596590909090909 0.2056818181818182 0.425
2 0.6039772727272728 0.8130681818181819 0.20625 0.36818181818181817
3 0.7119318181818182 0.8090909090909091 0.058522727272727275 0.19602272727272727
3 0.6613636363636364 0.4369318181818182 0.03068181818181818 0.10681818181818181
3 0.07272727272727272 0.9403409090909091 0.09659090909090909 0.11931818181818182
3 0.6619318181818182 0.5409090909090909 0.042045454545454546 0.15113636363636362
2 0.5994318181818182 0.5721590909090909 0.13920454545454544 0.23863636363636365
3 0.90625 0.946590909090909 0.048295454545454544 0.10681818181818181
2 0.42556818181818185 0.5630681818181819 0.13579545454545455 0.29318181818181815
3 0.7664772727272727 0.9068181818181819 0.05795454545454545 0.175
3 0.06931818181818182 0.9693181818181819 0.09204545454545454 0.058522727272727275
3 0.7732954545454546 0.7494318181818181 0.05227272727272727 0.1403409090909091
2 0.7943181818181818 0.5460227272727273 0.16193181818181818 0.24147727272727273
3 0.6130681818181818 0.32272727272727275 0.03920454545454546 0.11534090909090909
2 0.5630681818181819 0.3744318181818182 0.09602272727272727 0.15965909090909092
2 0.4113636363636364 0.3477272727272727 0.08352272727272728 0.1431818181818182
2 0.5465909090909091 0.4602272727272727 0.10454545454545454 0.20681818181818182
2 0.38238636363636364 0.4414772727272727 0.09943181818181818 0.19147727272727272
3 0.9823863636363637 0.9636363636363636 0.035227272727272725 0.07215909090909091
2 0.5494318181818182 0.2903409090909091 0.07727272727272727 0.125