2 0.29545454545454547 0.8306818181818182 0.2431818181818182 0.33352272727272725
3 0.5551136363636363 0.7261363636363637 0.05227272727272727 0.18863636363636363
3 0.7534090909090909 0.35397727272727275 0.028977272727272727 0.06931818181818182
2 0.6630681818181818 0.602840909090909 0.13693181818181818 0.26136363636363635
3 0.6517045454545455 0.32443181818181815 0.01818181818181818 0.06818181818181818
3 0.6755681818181818 0.3789772727272727 0.023295454545454546 0.08636363636363636
0 0.24829545454545454 0.4965909090909091 0.19772727272727272 0.375
2 0.15170454545454545 0.25227272727272726 0.09318181818181819 0.11534090909090909
3 0.37329545454545454 0.6352272727272728 0.053409090909090906 0.10113636363636364
4 0.42556818181818185 0.32727272727272727 0.16022727272727272 0.40852272727272726
3 0.4193181818181818 0.6693181818181818 0.026704545454545453 0.11136363636363636
2 0.6068181818181818 0.35056818181818183 0.08068181818181819 0.15681818181818183
2 0.07443181818181818 0.2119318181818182 0.07329545454545454 0.09602272727272727
3 0.575 0.29318181818181815 0.01875 0.06931818181818182
2 0.2556818181818182 0.3306818181818182 0.09602272727272727 0.0971590909090909