2 0.7284090909090909 0.7556818181818182 0.2585227272727273 0.48352272727272727
3 0.2852272727272727 0.5107954545454545 0.048295454545454544 0.15284090909090908
2 0.3789772727272727 0.5607954545454545 0.1721590909090909 0.39545454545454545
2 0.5170454545454546 0.41818181818181815 0.13011363636363638 0.2676136363636364
3 0.6414772727272727 0.4653409090909091 0.03806818181818182 0.10113636363636364
2 0.1494318181818182 0.5744318181818182 0.17613636363636365 0.33238636363636365
2 0.16136363636363638 0.3744318181818182 0.12840909090909092 0.20454545454545456
2 0.32670454545454547 0.89375 0.21931818181818183 0.20909090909090908
3 0.051704545454545454 0.16875 0.019886363636363636 0.07215909090909091
3 0.08352272727272728 0.06647727272727273 0.014772727272727272 0.04090909090909091
3 0.5011363636363636 0.06988636363636364 0.01534090909090909 0.05284090909090909
3 0.3704545454545455 0.021022727272727273 0.010795454545454546 0.038636363636363635
2 0.38125 0.3028409090909091 0.10227272727272728 0.13693181818181818
2 0.2727272727272727 0.24034090909090908 0.08977272727272727 0.15113636363636362
3 0.4409090909090909 0.15397727272727274 0.015909090909090907 0.09147727272727273
2 0.38579545454545455 0.12443181818181819 0.06420454545454546 0.16022727272727272
3 0.5238636363636363 0.19375 0.03238636363636364 0.06306818181818181
3 0.33181818181818185 0.2994318181818182 0.021022727272727273 0.06761363636363636