2 0.42556818181818185 0.9028409090909091 0.24829545454545454 0.19147727272727272
3 0.5994318181818182 0.8630681818181818 0.07329545454545454 0.2375
3 0.5693181818181818 0.6602272727272728 0.048295454545454544 0.14886363636363636
2 0.37613636363636366 0.6948863636363637 0.1943181818181818 0.3625
3 0.5420454545454545 0.5431818181818182 0.04090909090909091 0.13068181818181818
2 0.03068181818181818 0.35511363636363635 0.06136363636363636 0.1806818181818182
0 0.21079545454545454 0.5744318181818182 0.23920454545454545 0.4375
3 0.8880681818181818 0.9147727272727273 0.048295454545454544 0.1653409090909091
3 0.5136363636363637 0.790340909090909 0.05568181818181818 0.14431818181818182
2 0.7568181818181818 0.7664772727272727 0.17954545454545454 0.43068181818181817
3 0.9607954545454546 0.8210227272727273 0.036931818181818184 0.13352272727272727
3 0.14375 0.3028409090909091 0.023295454545454546 0.058522727272727275
3 0.17954545454545454 0.1744318181818182 0.016477272727272726 0.04318181818181818
5 0.425 0.32897727272727273 0.16420454545454546 0.4028409090909091
3 0.9181818181818182 0.4630681818181818 0.04318181818181818 0.07897727272727273
3 0.60625 0.5744318181818182 0.020454545454545454 0.11534090909090909
3 0.6454545454545455 0.7056818181818182 0.05795454545454545 0.14431818181818182
3 0.8045454545454546 0.49375 0.03295454545454545 0.1125
2 0.5625 0.38693181818181815 0.09545454545454546 0.20681818181818182