3 0.48465909090909093 0.54375 0.04659090909090909 0.15738636363636363
3 0.24488636363636362 0.46079545454545456 0.042045454545454546 0.10852272727272727
3 0.3340909090909091 0.9244318181818182 0.058522727272727275 0.14886363636363636
2 0.36875 0.6261363636363636 0.18125 0.4017045454545455
2 0.09090909090909091 0.7369318181818182 0.18181818181818182 0.43863636363636366
3 0.46647727272727274 0.8119318181818181 0.04715909090909091 0.12613636363636363
3 0.8204545454545454 0.6511363636363636 0.05454545454545454 0.14375
3 0.8602272727272727 0.7153409090909091 0.05795454545454545 0.1471590909090909
2 0.051704545454545454 0.2727272727272727 0.10340909090909091 0.14545454545454545
2 0.12102272727272727 0.44943181818181815 0.1590909090909091 0.2471590909090909
3 0.39375 0.95625 0.07954545454545454 0.08636363636363636
3 0.8607954545454546 0.9414772727272728 0.07556818181818181 0.11306818181818182
3 0.49261363636363636 0.9181818181818182 0.058522727272727275 0.15454545454545454
2 0.5801136363636363 0.42102272727272727 0.12329545454545454 0.24602272727272728
2 0.6193181818181818 0.5948863636363636 0.15454545454545454 0.3159090909090909
2 0.34545454545454546 0.38977272727272727 0.1278409090909091 0.23863636363636365
3 0.17727272727272728 0.02784090909090909 0.011931818181818182 0.048295454545454544
2 0.5329545454545455 0.30113636363636365 0.09431818181818181 0.18863636363636363
3 0.7613636363636364 0.9369318181818181 0.058522727272727275 0.12215909090909091
2 0.38522727272727275 0.19943181818181818 0.06647727272727273 0.13068181818181818
3 0.65 0.9375 0.08522727272727272 0.125
3 0.7142045454545455 0.6164772727272727 0.04772727272727273 0.12613636363636363