2 0.23295454545454544 0.8335227272727272 0.2340909090909091 0.32670454545454547
3 0.5630681818181819 0.5573863636363636 0.05795454545454545 0.1721590909090909
2 0.3352272727272727 0.4028409090909091 0.1125 0.23352272727272727
2 0.44943181818181815 0.27897727272727274 0.09886363636363636 0.16363636363636364
2 0.12556818181818183 0.5539772727272727 0.15397727272727274 0.33636363636363636
2 0.4028409090909091 0.16193181818181818 0.06761363636363636 0.12045454545454545
2 0.22727272727272727 0.3073863636363636 0.08920454545454545 0.1721590909090909
3 0.44545454545454544 0.06534090909090909 0.01534090909090909 0.04147727272727273
3 0.21875 0.5977272727272728 0.060227272727272727 0.15625
2 0.2715909090909091 0.1744318181818182 0.07613636363636364 0.17329545454545456
2 0.11704545454545455 0.13693181818181818 0.06704545454545455 0.09602272727272727
2 0.37727272727272726 0.04147727272727273 0.04090909090909091 0.07613636363636364