3 0.8806818181818182 0.5397727272727273 0.04318181818181818 0.09318181818181819
2 0.7954545454545454 0.8130681818181819 0.2125 0.36818181818181817
2 0.38181818181818183 0.6096590909090909 0.16420454545454546 0.35
2 0.5880681818181818 0.7534090909090909 0.18181818181818182 0.39886363636363636
3 0.6318181818181818 0.5085227272727273 0.04772727272727273 0.0971590909090909
3 0.27329545454545456 0.9403409090909091 0.08181818181818182 0.11931818181818182
6 0.24261363636363636 0.45681818181818185 0.21477272727272728 0.4914772727272727
2 0.5556818181818182 0.522159090909091 0.12443181818181819 0.2528409090909091
3 0.6909090909090909 0.6931818181818182 0.045454545454545456 0.13636363636363635
2 0.6619318181818182 0.3431818181818182 0.09829545454545455 0.1806818181818182
3 0.3130681818181818 0.04943181818181818 0.013068181818181817 0.04318181818181818
3 0.031818181818181815 0.9278409090909091 0.06306818181818181 0.14431818181818182
2 0.5556818181818182 0.3431818181818182 0.10170454545454545 0.18352272727272728
3 0.175 0.9414772727272728 0.09204545454545454 0.11647727272727272
3 0.6494318181818182 0.19943181818181818 0.014204545454545454 0.04318181818181818
3 0.1 0.9505681818181818 0.06704545454545455 0.09602272727272727