2 0.5488636363636363 0.6744318181818182 0.17897727272727273 0.4102272727272727
2 0.3119318181818182 0.7931818181818182 0.20738636363636365 0.4102272727272727
3 0.8602272727272727 0.9556818181818182 0.07613636363636364 0.08863636363636364
2 0.6443181818181818 0.915340909090909 0.21875 0.16761363636363635
3 0.17613636363636365 0.9085227272727273 0.06647727272727273 0.1806818181818182
3 0.020454545454545454 0.2278409090909091 0.026136363636363635 0.07784090909090909
2 0.5329545454545455 0.34375 0.11306818181818182 0.21136363636363636
2 0.5875 0.4943181818181818 0.12556818181818183 0.22954545454545455
3 0.0659090909090909 0.26875 0.02159090909090909 0.05738636363636364
3 0.09772727272727273 0.13863636363636364 0.017613636363636363 0.04715909090909091
2 0.1534090909090909 0.37272727272727274 0.13465909090909092 0.26590909090909093
2 0.09943181818181818 0.5636363636363636 0.15170454545454545 0.28238636363636366
3 0.022727272727272728 0.9198863636363637 0.045454545454545456 0.16022727272727272
3 0.10113636363636364 0.2778409090909091 0.02159090909090909 0.05568181818181818
3 0.21079545454545454 0.028977272727272727 0.010795454545454546 0.03806818181818182
2 0.5085227272727273 0.24375 0.07215909090909091 0.1409090909090909
3 0.3613636363636364 0.07102272727272728 0.013068181818181817 0.05738636363636364
3 0.31420454545454546 0.27897727272727274 0.031818181818181815 0.075
3 0.09261363636363637 0.8539772727272728 0.08522727272727272 0.15284090909090908
3 0.13011363636363638 0.12897727272727272 0.014772727272727272 0.03409090909090909
2 0.23920454545454545 0.21022727272727273 0.09204545454545454 0.1721590909090909
6 0.353125 0.3555555556818182 0.3578125 0.3462962965909091 0.3598958329545454 0.3129629625 0.3625 0.31018518522727273 0.36927083295454544 0.2851851852272727 0.43958333295454544 0.2870370375 0.44895833295454546 0.30925925909090907 0.4458333329545454 0.3259259261363637 0.45104166704545456 0.3314814818181818 0.4557291670454546 0.3305555556818182 0.45625 0.2972222227272728 0.4614583329545454 0.24166666704545453 0.4604166670454546 0.2055555556818182 0.46197916704545455 0.1879629625 0.45 0.11944444431818181 0.42291666704545455 0.07777777727272728 0.4078125 0.0620370375 0.40520833295454545 0.0629629625 0.4015625 0.05555555568181818 0.390625 0.05740740795454545 0.375 0.07870370340909091 0.3703125 0.09166666704545455 0.35 0.11296296250000001 0.34010416704545454 0.18888888863636363 0.34270833295454545 0.3314814818181818 0.3489583329545454 0.37407407386363634 0.3520833329545454 0.3731481477272727 0.353125 0.3555555556818182