2 0.11363636363636363 0.6602272727272728 0.18011363636363636 0.37613636363636366
0 0.7323863636363637 0.68125 0.25170454545454546 0.5863636363636363
2 0.4323863636363636 0.58125 0.1653409090909091 0.42670454545454545
2 0.7710227272727272 0.3744318181818182 0.15227272727272728 0.19886363636363635
2 0.5920454545454545 0.41875 0.13579545454545455 0.25170454545454546
2 0.38579545454545455 0.41363636363636364 0.1215909090909091 0.24602272727272728
6 0.5522727272727272 0.2539772727272727 0.11875 0.27102272727272725
2 0.1784090909090909 0.45852272727272725 0.12840909090909092 0.22897727272727272
2 0.36704545454545456 0.2857954545454545 0.09375 0.19147727272727272
2 0.029545454545454545 0.3573863636363636 0.05909090909090909 0.18522727272727274
2 0.20113636363636364 0.3028409090909091 0.11136363636363636 0.17954545454545454
2 0.4198863636363636 0.18238636363636362 0.07670454545454546 0.19602272727272727