3 0.7267045454545454 0.3931818181818182 0.02556818181818182 0.08352272727272728
2 0.6539772727272727 0.6448863636363636 0.16079545454545455 0.3403409090909091
2 0.6926136363636364 0.9056818181818181 0.20397727272727273 0.18352272727272728
2 0.32727272727272727 0.7880681818181818 0.2534090909090909 0.41818181818181815
2 0.22443181818181818 0.6261363636363636 0.09375 0.31136363636363634
3 0.45852272727272725 0.7369318181818182 0.03295454545454545 0.13465909090909092
2 0.38579545454545455 0.4994318181818182 0.13693181818181818 0.20397727272727273
2 0.3971590909090909 0.38693181818181815 0.11022727272727273 0.16818181818181818
6 0.2471590909090909 0.38693181818181815 0.16647727272727272 0.35113636363636364
2 0.6011363636363637 0.4784090909090909 0.12272727272727273 0.21534090909090908
3 0.49829545454545454 0.9005681818181818 0.08693181818181818 0.19602272727272727
2 0.5420454545454545 0.3431818181818182 0.08522727272727272 0.1693181818181818
3 0.5068181818181818 0.7477272727272727 0.05056818181818182 0.09886363636363636