3 0.83125 0.48465909090909093 0.03579545454545455 0.1
3 0.8795454545454545 0.5255681818181818 0.03295454545454545 0.09886363636363636
2 0.6556818181818181 0.852840909090909 0.23920454545454545 0.29147727272727275
3 0.6414772727272727 0.19147727272727272 0.017045454545454544 0.04431818181818182
3 0.6943181818181818 0.3931818181818182 0.020454545454545454 0.07784090909090909
3 0.740909090909091 0.38693181818181815 0.025 0.07613636363636364
2 0.6079545454545454 0.5994318181818182 0.15 0.3039772727272727
3 0.7920454545454545 0.40625 0.028409090909090908 0.0875
2 0.17670454545454545 0.6414772727272727 0.20227272727272727 0.3806818181818182
3 0.6744318181818182 0.39943181818181817 0.024431818181818183 0.06534090909090909
2 0.3625 0.6477272727272727 0.1625 0.34602272727272726
3 0.7829545454545455 0.47897727272727275 0.028409090909090908 0.0971590909090909
3 0.8227272727272728 0.9414772727272728 0.08125 0.11647727272727272
3 0.42727272727272725 0.9590909090909091 0.09545454545454546 0.08181818181818182
3 0.7681818181818182 0.8522727272727273 0.061931818181818185 0.17897727272727273
3 0.9744318181818182 0.9409090909090909 0.05056818181818182 0.1125
3 0.7613636363636364 0.3494318181818182 0.024431818181818183 0.06534090909090909
6 0.4323863636363636 0.4693181818181818 0.13977272727272727 0.2471590909090909
2 0.5744318181818182 0.44943181818181815 0.10568181818181818 0.2096590909090909
4 0.234375 0.19697083295454543 0.20052109318181818 0.45329166704545454 0.32942734318181816 0.49614166704545454 0.3967015625 0.12439722272727273 0.316840625 0.09351527727272727 0.234375 0.19697083295454543