2 0.10511363636363637 0.7818181818181819 0.21022727272727273 0.43068181818181817
2 0.2761363636363636 0.8056818181818182 0.2539772727272727 0.3835227272727273
3 0.47897727272727275 0.6369318181818182 0.05795454545454545 0.17897727272727273
3 0.7198863636363636 0.6431818181818182 0.04772727272727273 0.14431818181818182
3 0.6755681818181818 0.522159090909091 0.03920454545454546 0.1278409090909091
3 0.5198863636363636 0.4198863636363636 0.033522727272727273 0.10965909090909091
2 0.1846590909090909 0.5619318181818181 0.15227272727272728 0.29318181818181815
2 0.35568181818181815 0.509090909090909 0.16079545454545455 0.3846590909090909
2 0.5880681818181818 0.4744318181818182 0.11931818181818182 0.2681818181818182
3 0.49375 0.2255681818181818 0.01875 0.056818181818181816
2 0.24829545454545454 0.41306818181818183 0.1159090909090909 0.20681818181818182
3 0.6948863636363637 0.9068181818181819 0.07727272727272727 0.1806818181818182
3 0.5414772727272728 0.08068181818181819 0.010795454545454546 0.038636363636363635
3 0.6306818181818182 0.15568181818181817 0.01818181818181818 0.05
2 0.10795454545454546 0.21477272727272728 0.07670454545454546 0.10113636363636364
3 0.44375 0.9034090909090909 0.08125 0.1875
3 0.6659090909090909 0.3971590909090909 0.03806818181818182 0.13863636363636364
3 0.3886363636363636 0.2556818181818182 0.022727272727272728 0.06647727272727273
2 0.14829545454545454 0.25227272727272726 0.07329545454545454 0.10397727272727272
3 0.44375 0.9727272727272728 0.05625 0.05397727272727273
3 0.6982954545454545 0.39147727272727273 0.025 0.12215909090909091
2 0.5568181818181818 0.2772727272727273 0.07045454545454545 0.12897727272727272