2 0.75 0.8369318181818182 0.19375 0.3210227272727273
2 0.15795454545454546 0.665340909090909 0.17727272727272728 0.31363636363636366
2 0.23920454545454545 0.44943181818181815 0.11306818181818182 0.2346590909090909
2 0.6318181818181818 0.48068181818181815 0.13068181818181818 0.2585227272727273
2 0.06420454545454546 0.3409090909090909 0.12840909090909092 0.16363636363636364
3 0.5579545454545455 0.41306818181818183 0.033522727272727273 0.10681818181818181
4 0.4278409090909091 0.5448863636363637 0.2539772727272727 0.6181818181818182
3 0.21931818181818183 0.15113636363636362 0.01818181818181818 0.05284090909090909
2 0.30568181818181817 0.35568181818181815 0.08295454545454546 0.1806818181818182
2 0.6477272727272727 0.33693181818181817 0.08409090909090909 0.16818181818181818
2 0.17954545454545454 0.21818181818181817 0.07727272727272727 0.10568181818181818
3 0.4909090909090909 0.1494318181818182 0.013068181818181817 0.040340909090909094
2 0.33352272727272725 0.2727272727272727 0.08125 0.1431818181818182
2 0.5613636363636364 0.26875 0.06647727272727273 0.1375
2 0.5954545454545455 0.19602272727272727 0.05909090909090909 0.1278409090909091
2 0.34375 0.19772727272727272 0.08125 0.1375
3 0.5017045454545455 0.10056818181818182 0.013068181818181817 0.0375