2 0.09545454545454546 0.8107954545454545 0.19090909090909092 0.375
2 0.13238636363636364 0.49318181818181817 0.16022727272727272 0.31363636363636366
2 0.5528409090909091 0.35113636363636364 0.12272727272727273 0.25113636363636366
2 0.375 0.8335227272727272 0.2505681818181818 0.32897727272727273
2 0.45284090909090907 0.20625 0.08238636363636363 0.15284090909090908
2 0.35454545454545455 0.19318181818181818 0.07556818181818181 0.12897727272727272
2 0.2318181818181818 0.2369318181818182 0.09261363636363637 0.14261363636363636
2 0.23806818181818182 0.33693181818181817 0.10113636363636364 0.20738636363636365
2 0.26875 0.15113636363636362 0.06818181818181818 0.1630681818181818
2 0.41363636363636364 0.11818181818181818 0.04943181818181818 0.10625
2 0.49375 0.08068181818181819 0.05454545454545454 0.10738636363636364
6 0.4056818181818182 0.05397727272727273 0.04772727272727273 0.10795454545454546