2 0.2585227272727273 0.08238636363636363 0.11022727272727273 0.16477272727272727
2 0.27102272727272725 0.24602272727272728 0.14375 0.2471590909090909
2 0.6914772727272728 0.8744318181818181 0.2625 0.24886363636363637
2 0.4113636363636364 0.06363636363636363 0.09318181818181819 0.12727272727272726
3 0.96875 0.6193181818181818 0.0625 0.15568181818181817
2 0.5579545454545455 0.11647727272727272 0.13863636363636364 0.23295454545454544
3 0.4329545454545455 0.7727272727272727 0.07670454545454546 0.21534090909090908
3 0.31931818181818183 0.5181818181818182 0.06875 0.2028409090909091
3 0.4340909090909091 0.3068181818181818 0.045454545454545456 0.15852272727272726
3 0.22215909090909092 0.9102272727272728 0.10056818181818182 0.17897727272727273
3 0.6573863636363636 0.6556818181818181 0.05397727272727273 0.15852272727272726
3 0.04431818181818182 0.8914772727272727 0.07954545454545454 0.21363636363636362
3 0.005681818181818182 0.04261363636363636 0.011363636363636364 0.08295454545454546