2 0.6136363636363636 0.5982954545454545 0.15795454545454546 0.35909090909090907
2 0.36818181818181817 0.5539772727272727 0.16136363636363638 0.3380681818181818
2 0.1278409090909091 0.5761363636363637 0.16988636363636364 0.38125
3 0.5625 0.2636363636363636 0.02784090909090909 0.07784090909090909
2 0.4460227272727273 0.1744318181818182 0.0875 0.1380681818181818
2 0.24431818181818182 0.39829545454545456 0.10568181818181818 0.2556818181818182
2 0.21647727272727274 0.29318181818181815 0.10738636363636364 0.18409090909090908
2 0.40852272727272726 0.3181818181818182 0.12329545454545454 0.2840909090909091
3 0.35625 0.013636363636363636 0.0125 0.02727272727272727
2 0.23920454545454545 0.19602272727272727 0.08238636363636363 0.12045454545454545
3 0.49261363636363636 0.90625 0.0846590909090909 0.18636363636363637
3 0.011363636363636364 0.21875 0.02215909090909091 0.1
2 0.061931818181818185 0.20625 0.08352272727272728 0.12670454545454546
3 0.2539772727272727 0.019886363636363636 0.010795454545454546 0.03806818181818182