2 0.3375 0.8164772727272728 0.23295454545454544 0.36363636363636365
2 0.7255681818181818 0.5244318181818182 0.16647727272727272 0.24034090909090908
3 0.9647727272727272 0.7806818181818181 0.06875 0.16647727272727272
2 0.11875 0.6715909090909091 0.19545454545454546 0.3710227272727273
2 0.2159090909090909 0.4960227272727273 0.14431818181818182 0.2721590909090909
6 0.37272727272727274 0.49772727272727274 0.1715909090909091 0.42102272727272727
3 0.01818181818181818 0.4318181818181818 0.03579545454545455 0.10568181818181818
3 0.07045454545454545 0.29147727272727275 0.035227272727272725 0.1
2 0.28806818181818183 0.31931818181818183 0.12670454545454546 0.24431818181818182
2 0.5340909090909091 0.29715909090909093 0.06875 0.13636363636363635
2 0.42556818181818185 0.2755681818181818 0.08068181818181819 0.19318181818181818
2 0.14261363636363636 0.24431818181818182 0.08693181818181818 0.11647727272727272
3 0.16704545454545455 0.15568181818181817 0.015909090909090907 0.04147727272727273
2 0.5556818181818182 0.21306818181818182 0.05454545454545454 0.09318181818181819