2 0.35454545454545455 0.8806818181818182 0.22045454545454546 0.23352272727272727
3 0.5539772727272727 0.5284090909090909 0.05909090909090909 0.1875
3 0.22443181818181818 0.40852272727272726 0.05454545454545454 0.16647727272727272
3 0.4693181818181818 0.6630681818181818 0.075 0.2318181818181818
3 0.93125 0.6744318181818182 0.1375 0.21818181818181817
3 0.5982954545454545 0.7556818181818182 0.075 0.2528409090909091
3 0.6477272727272727 0.4943181818181818 0.05625 0.18636363636363637
2 0.37329545454545454 0.26931818181818185 0.14602272727272728 0.3306818181818182
3 0.26590909090909093 0.6102272727272727 0.06477272727272727 0.21818181818181817
3 0.7346590909090909 0.6431818181818182 0.07272727272727272 0.21647727272727274
3 0.5380681818181818 0.35909090909090907 0.04318181818181818 0.11818181818181818
3 0.2767045454545455 0.27102272727272725 0.04431818181818182 0.1278409090909091
2 0.9102272727272728 0.5079545454545454 0.17954545454545454 0.3
3 0.6232954545454545 0.3352272727272727 0.051704545454545454 0.1431818181818182
3 0.6193181818181818 0.08068181818181819 0.026704545454545453 0.09147727272727273
3 0.41647727272727275 0.025 0.028409090909090908 0.05
2 0.09545454545454546 0.7534090909090909 0.19090909090909092 0.48409090909090907
2 0.2346590909090909 0.1403409090909091 0.12272727272727273 0.20852272727272728
3 0.5630681818181819 0.2539772727272727 0.036931818181818184 0.13068181818181818
3 0.5056818181818182 0.2852272727272727 0.03295454545454545 0.11818181818181818
3 0.3795454545454545 0.058522727272727275 0.02556818181818182 0.08863636363636364
3 0.6477272727272727 0.23522727272727273 0.03295454545454545 0.09318181818181819
3 0.6755681818181818 0.9215909090909091 0.08125 0.15681818181818183
3 0.475 0.22727272727272727 0.03125 0.1318181818181818
3 0.3477272727272727 0.09318181818181819 0.0375 0.10568181818181818