3 0.7920454545454545 0.4153409090909091 0.03409090909090909 0.09147727272727273
2 0.7852272727272728 0.8119318181818181 0.22045454545454546 0.37386363636363634
3 0.9295454545454546 0.9369318181818181 0.053409090909090906 0.12386363636363637
3 0.2761363636363636 0.9125 0.09772727272727273 0.175
3 0.1409090909090909 0.9227272727272727 0.08806818181818182 0.15397727272727274
3 0.7556818181818182 0.4068181818181818 0.02556818181818182 0.08863636363636364
3 0.6352272727272728 0.7602272727272728 0.05625 0.14602272727272728
3 0.6971590909090909 0.39147727272727273 0.02727272727272727 0.09431818181818181
3 0.6676136363636364 0.4244318181818182 0.03068181818181818 0.07897727272727273
2 0.4107954545454545 0.5369318181818182 0.14375 0.2903409090909091
3 0.32954545454545453 0.4869318181818182 0.035227272727272725 0.10681818181818181
3 0.4426136363636364 0.9039772727272727 0.10227272727272728 0.19147727272727272
2 0.5659090909090909 0.5789772727272727 0.14204545454545456 0.2863636363636364
2 0.2545454545454545 0.40397727272727274 0.11477272727272728 0.16363636363636364
3 0.6357954545454545 0.3664772727272727 0.029545454545454545 0.1028409090909091
2 0.2505681818181818 0.5340909090909091 0.14545454545454545 0.25113636363636366
2 0.5892045454545455 0.4403409090909091 0.10170454545454545 0.18636363636363637
2 0.3 0.31363636363636366 0.0875 0.16136363636363638
3 0.6829545454545455 0.6255681818181819 0.036931818181818184 0.0903409090909091
3 0.6068181818181818 0.23806818181818182 0.020454545454545454 0.08181818181818182
4 0.36818181818181817 0.17272727272727273 0.12556818181818183 0.2818181818181818
2 0.5465909090909091 0.2585227272727273 0.07954545454545454 0.1721590909090909
3 0.056818181818181816 0.8306818181818182 0.07045454545454545 0.14431818181818182
3 0.5306818181818181 0.9431818181818182 0.11079545454545454 0.11363636363636363
3 0.0659090909090909 0.9414772727272728 0.048295454545454544 0.11647727272727272
2 0.5755681818181818 0.3431818181818182 0.07954545454545454 0.13352272727272727