3 0.9306818181818182 0.7539772727272728 0.06647727272727273 0.15852272727272726
3 0.7045454545454546 0.5164772727272727 0.03977272727272727 0.1278409090909091
2 0.4113636363636364 0.5369318181818182 0.14602272727272728 0.2903409090909091
3 0.13693181818181818 0.9431818181818182 0.09943181818181818 0.11363636363636363
2 0.2505681818181818 0.5335227272727273 0.14431818181818182 0.2471590909090909
2 0.6068181818181818 0.4778409090909091 0.12102272727272727 0.2528409090909091
3 0.53125 0.3181818181818182 0.029545454545454545 0.08636363636363636
3 0.5755681818181818 0.31875 0.023295454545454546 0.0625
2 0.2551136363636364 0.4022727272727273 0.11647727272727272 0.1625
3 0.6119318181818182 0.3221590909090909 0.024431818181818183 0.06363636363636363
3 0.6454545454545455 0.3028409090909091 0.022727272727272728 0.07215909090909091
3 0.5818181818181818 0.23068181818181818 0.019318181818181818 0.058522727272727275
2 0.30056818181818185 0.31988636363636364 0.08693181818181818 0.17386363636363636
3 0.6176136363636363 0.23068181818181818 0.014772727272727272 0.058522727272727275
2 0.1380681818181818 0.26647727272727273 0.0875 0.11931818181818182
2 0.061931818181818185 0.2215909090909091 0.08693181818181818 0.10113636363636364
4 0.36818181818181817 0.1715909090909091 0.12556818181818183 0.27897727272727274
3 0.5488636363636363 0.26193181818181815 0.019318181818181818 0.0625
2 0.20170454545454544 0.18977272727272726 0.06704545454545455 0.0846590909090909
3 0.023295454545454546 0.9477272727272728 0.04602272727272727 0.10397727272727272
2 0.4721590909090909 0.16193181818181818 0.07102272727272728 0.2318181818181818
2 0.42159090909090907 0.07272727272727272 0.045454545454545456 0.09602272727272727
2 0.42670454545454545 0.3522727272727273 0.10227272727272728 0.1403409090909091
3 0.6619318181818182 0.42215909090909093 0.025 0.08636363636363636