2 0.34545454545454546 0.8096590909090909 0.21306818181818182 0.375
3 0.8181818181818182 0.915340909090909 0.07272727272727272 0.16647727272727272
2 0.26079545454545455 0.4511363636363636 0.1380681818181818 0.25
3 0.125 0.9369318181818181 0.09375 0.12613636363636363
3 0.825 0.5977272727272728 0.05625 0.12897727272727272
3 0.7426136363636363 0.6806818181818182 0.060227272727272727 0.16363636363636364
2 0.42670454545454545 0.4903409090909091 0.12329545454545454 0.25
3 0.5857954545454546 0.5619318181818181 0.04772727272727273 0.15113636363636362
3 0.6909090909090909 0.42556818181818185 0.028977272727272727 0.08181818181818182
3 0.5375 0.8943181818181818 0.0625 0.20852272727272728
2 0.4431818181818182 0.3431818181818182 0.09204545454545454 0.17784090909090908
2 0.5568181818181818 0.29147727272727275 0.07443181818181818 0.1471590909090909
2 0.3301136363636364 0.2943181818181818 0.08352272727272728 0.15
2 0.4346590909090909 0.24147727272727273 0.07102272727272728 0.13068181818181818
3 0.6034090909090909 0.24488636363636362 0.024431818181818183 0.0903409090909091
3 0.56875 0.14488636363636365 0.0125 0.0625
6 0.35568181818181815 0.15568181818181817 0.09204545454545454 0.19715909090909092
2 0.5363636363636364 0.2034090909090909 0.061931818181818185 0.10113636363636364