3 0.12272727272727273 0.9403409090909091 0.10340909090909091 0.11931818181818182
3 0.8761363636363636 0.6539772727272727 0.06306818181818181 0.13636363636363635
3 0.06875 0.3119318181818182 0.0375 0.08181818181818182
3 0.5056818181818182 0.5789772727272727 0.048295454545454544 0.1471590909090909
3 0.33295454545454545 0.9193181818181818 0.10625 0.15852272727272726
3 0.09147727272727273 0.21534090909090908 0.02159090909090909 0.06363636363636363
2 0.3352272727272727 0.6585227272727273 0.19090909090909092 0.3721590909090909
2 0.14886363636363636 0.6289772727272728 0.17556818181818182 0.30568181818181817
3 0.6454545454545455 0.7306818181818182 0.05056818181818182 0.15284090909090908
3 0.49829545454545454 0.2755681818181818 0.025 0.09318181818181819
3 0.7414772727272727 0.821590909090909 0.06079545454545455 0.1875
3 0.7892045454545454 0.7090909090909091 0.042045454545454546 0.1431818181818182
2 0.6005681818181818 0.4505681818181818 0.11420454545454546 0.24602272727272728
3 0.5789772727272727 0.85625 0.06420454545454546 0.2125
2 0.23920454545454545 0.46647727272727274 0.12443181818181819 0.21931818181818183
3 0.5369318181818182 0.19602272727272727 0.019318181818181818 0.07215909090909091
2 0.3721590909090909 0.44431818181818183 0.12102272727272727 0.16647727272727272
3 0.15965909090909092 0.1744318181818182 0.022727272727272728 0.07102272727272728
3 0.011931818181818182 0.23977272727272728 0.023863636363636365 0.07272727272727272
3 0.04318181818181818 0.26647727272727273 0.025 0.06647727272727273
2 0.40511363636363634 0.3755681818181818 0.07727272727272727 0.17386363636363636
2 0.2909090909090909 0.36306818181818185 0.10568181818181818 0.17897727272727273
6 0.31931818181818183 0.2346590909090909 0.10454545454545454 0.2
3 0.2159090909090909 0.11647727272727272 0.01875 0.06647727272727273
3 0.5255681818181818 0.9869318181818182 0.10056818181818182 0.026136363636363635
3 0.6056818181818182 0.2869318181818182 0.023295454545454546 0.0846590909090909
3 0.5318181818181819 0.9289772727272727 0.08693181818181818 0.14147727272727273
3 0.6619318181818182 0.9590909090909091 0.05454545454545454 0.08181818181818182
2 0.5471590909090909 0.3164772727272727 0.07727272727272727 0.15852272727272726
3 0.6522727272727272 0.41818181818181815 0.015909090909090907 0.06931818181818182
3 0.1318181818181818 0.43522727272727274 0.02727272727272727 0.11534090909090909
3 0.48579545454545453 0.15056818181818182 0.015909090909090907 0.048863636363636366
3 0.6494318181818182 0.3931818181818182 0.03295454545454545 0.11931818181818182