2 0.34602272727272726 0.7073863636363636 0.19375 0.45738636363636365
2 0.7147727272727272 0.7602272727272728 0.21136363636363636 0.46875
6 0.08295454545454546 0.5511363636363636 0.16590909090909092 0.4971590909090909
2 0.5079545454545454 0.4556818181818182 0.12613636363636363 0.25170454545454546
2 0.30625 0.39602272727272725 0.12954545454545455 0.2909090909090909
2 0.17613636363636365 0.34147727272727274 0.10227272727272728 0.24431818181818182
2 0.24147727272727273 0.2119318181818182 0.08409090909090909 0.15568181818181817
2 0.39829545454545456 0.21875 0.07840909090909091 0.1721590909090909
2 0.48920454545454545 0.15738636363636363 0.06704545454545455 0.12613636363636363
2 0.375 0.1494318181818182 0.07443181818181818 0.13238636363636364
2 0.27954545454545454 0.11988636363636364 0.06079545454545455 0.11363636363636363