2 0.36477272727272725 0.7357954545454546 0.18977272727272726 0.4119318181818182
3 0.50625 0.42329545454545453 0.02727272727272727 0.11647727272727272
2 0.6017045454545454 0.4090909090909091 0.125 0.28125
2 0.05056818181818182 0.8448863636363636 0.10113636363636364 0.30625
3 0.55 0.23522727272727273 0.024431818181818183 0.06875
3 0.4244318181818182 0.10852272727272727 0.017045454545454544 0.05454545454545454
3 0.22613636363636364 0.6119318181818182 0.040340909090909094 0.15568181818181817
3 0.6386363636363637 0.7539772727272728 0.05965909090909091 0.16193181818181818
3 0.055113636363636365 0.6085227272727273 0.05 0.16193181818181818
3 0.15113636363636362 0.8369318181818182 0.06704545454545455 0.16875
2 0.42102272727272727 0.44488636363636364 0.11136363636363636 0.23636363636363636
3 0.7221590909090909 0.58125 0.042045454545454546 0.14147727272727273
2 0.21420454545454545 0.4028409090909091 0.11477272727272728 0.23522727272727273
3 0.7875 0.94375 0.075 0.11136363636363636
3 0.3221590909090909 0.28863636363636364 0.028409090909090908 0.12670454545454546
3 0.19545454545454546 0.06079545454545455 0.014204545454545454 0.04375
2 0.4056818181818182 0.27329545454545456 0.08011363636363636 0.20170454545454544
2 0.225 0.24943181818181817 0.08636363636363636 0.13068181818181818
2 0.4863636363636364 0.11079545454545454 0.05909090909090909 0.09375