2 0.07556818181818181 0.8039772727272727 0.15056818181818182 0.3835227272727273
3 0.6931818181818182 0.44431818181818183 0.026704545454545453 0.09147727272727273
3 0.875 0.6534090909090909 0.05795454545454545 0.1375
3 0.44943181818181815 0.5431818181818182 0.04431818181818182 0.12215909090909091
3 0.1625 0.19488636363636364 0.023295454545454546 0.07613636363636364
3 0.48011363636363635 0.696590909090909 0.04772727272727273 0.17386363636363636
2 0.2767045454545455 0.8255681818181818 0.23977272727272728 0.3431818181818182
3 0.44375 0.9340909090909091 0.08125 0.1318181818181818
2 0.33295454545454545 0.5977272727272728 0.15625 0.2681818181818182
3 0.20170454545454544 0.22443181818181818 0.021022727272727273 0.07102272727272728
3 0.7630681818181818 0.6852272727272727 0.05056818181818182 0.15681818181818183
2 0.16875 0.6068181818181818 0.175 0.3386363636363636
3 0.6556818181818181 0.3664772727272727 0.023295454545454546 0.08068181818181819
3 0.6261363636363636 0.6619318181818182 0.04772727272727273 0.15397727272727274
3 0.12954545454545455 0.18693181818181817 0.020454545454545454 0.04602272727272727
3 0.03295454545454545 0.24431818181818182 0.024431818181818183 0.06931818181818182
2 0.24829545454545454 0.43522727272727274 0.12443181818181819 0.2318181818181818
3 0.08693181818181818 0.26647727272727273 0.019318181818181818 0.05568181818181818
2 0.6011363636363637 0.37613636363636366 0.11193181818181819 0.2636363636363636
2 0.47102272727272726 0.33693181818181817 0.08920454545454545 0.16818181818181818
2 0.2721590909090909 0.3153409090909091 0.08977272727272727 0.15568181818181817
2 0.5619318181818181 0.1806818181818182 0.06079545454545455 0.12215909090909091
2 0.7607954545454545 0.9085227272727273 0.30227272727272725 0.17784090909090908
2 0.48409090909090907 0.24943181818181817 0.07045454545454545 0.1375
2 0.31988636363636364 0.2727272727272727 0.07443181818181818 0.16818181818181818