2 0.08295454545454546 0.8443181818181819 0.16590909090909092 0.30568181818181817
2 0.26931818181818185 0.8505681818181818 0.23125 0.29318181818181815
2 0.7869318181818182 0.7181818181818181 0.18295454545454545 0.35852272727272727
3 0.6795454545454546 0.24772727272727274 0.02556818181818182 0.05965909090909091
2 0.8352272727272727 0.9034090909090909 0.20170454545454544 0.1875
2 0.6232954545454545 0.6818181818181818 0.15795454545454546 0.35
2 0.35 0.6244318181818181 0.16420454545454546 0.34602272727272726
2 0.38977272727272727 0.48522727272727273 0.11704545454545455 0.21818181818181817
2 0.4125 0.3755681818181818 0.1 0.18181818181818182
2 0.5556818181818182 0.5039772727272728 0.11193181818181819 0.20852272727272728
2 0.32329545454545455 0.32443181818181815 0.08295454545454546 0.1653409090909091
6 0.1693181818181818 0.5340909090909091 0.25681818181818183 0.5181818181818182
2 0.6556818181818181 0.36022727272727273 0.09318181818181819 0.18181818181818182
2 0.5392045454545454 0.3130681818181818 0.07443181818181818 0.13465909090909092
3 0.6369318181818182 0.48806818181818185 0.036931818181818184 0.056818181818181816
2 0.6107954545454546 0.2369318181818182 0.06079545454545455 0.10681818181818181
2 0.5670454545454545 0.37272727272727274 0.09375 0.15681818181818183