3 0.1721590909090909 0.8232954545454545 0.06477272727272727 0.18693181818181817
2 0.6556818181818181 0.5823863636363636 0.15738636363636363 0.28863636363636364
3 0.28806818181818183 0.5573863636363636 0.05227272727272727 0.17045454545454544
2 0.46647727272727274 0.7619318181818182 0.19261363636363638 0.4647727272727273
3 0.010795454545454546 0.2806818181818182 0.02159090909090909 0.14261363636363636
3 0.5420454545454545 0.45625 0.03295454545454545 0.12670454545454546
2 0.425 0.44829545454545455 0.12215909090909091 0.25170454545454546
3 0.08295454545454546 0.70625 0.06875 0.1380681818181818
3 0.35170454545454544 0.17102272727272727 0.017045454545454544 0.06136363636363636
3 0.44545454545454544 0.13238636363636364 0.015909090909090907 0.051704545454545454
2 0.25 0.9494318181818182 0.1721590909090909 0.0971590909090909
2 0.18352272727272728 0.4369318181818182 0.13068181818181818 0.23522727272727273
3 0.18352272727272728 0.036931818181818184 0.0125 0.048295454545454544
3 0.3721590909090909 0.13693181818181818 0.015909090909090907 0.05738636363636364
3 0.32670454545454547 0.24943181818181817 0.023295454545454546 0.08068181818181819
3 0.5147727272727273 0.36875 0.028977272727272727 0.11306818181818182
3 0.22954545454545455 0.23238636363636364 0.020454545454545454 0.07386363636363637
2 0.27386363636363636 0.26193181818181815 0.08920454545454545 0.19261363636363638
2 0.4278409090909091 0.25738636363636364 0.08409090909090909 0.14829545454545454
3 0.5954545454545455 0.38522727272727275 0.028409090909090908 0.09829545454545455
3 0.41420454545454544 0.11193181818181819 0.0125 0.033522727272727273
2 0.5232954545454546 0.17613636363636365 0.07556818181818181 0.1471590909090909
3 0.35113636363636364 0.06818181818181818 0.014772727272727272 0.05284090909090909
3 0.06875 0.9369318181818181 0.056818181818181816 0.12386363636363637
3 0.6585227272727273 0.41875 0.03636363636363636 0.05
3 0.18977272727272726 0.6403409090909091 0.03579545454545455 0.08636363636363636