3 0.5193181818181818 0.3710227272727273 0.029545454545454545 0.10170454545454545
3 0.7369318181818182 0.8227272727272728 0.06875 0.21363636363636362
3 0.7329545454545454 0.5443181818181818 0.042045454545454546 0.12954545454545455
2 0.40852272727272726 0.6573863636363636 0.19147727272727272 0.4369318181818182
3 0.5681818181818182 0.16079545454545455 0.014204545454545454 0.05454545454545454
2 0.6130681818181818 0.4556818181818182 0.13295454545454546 0.24261363636363636
2 0.5642045454545455 0.88125 0.21875 0.23636363636363636
3 0.17102272727272727 0.9215909090909091 0.06647727272727273 0.15625
2 0.11647727272727272 0.6181818181818182 0.2056818181818182 0.40852272727272726
3 0.29545454545454547 0.5482954545454546 0.04772727272727273 0.14431818181818182
3 0.03125 0.9022727272727272 0.0625 0.13636363636363635
2 0.5017045454545455 0.20113636363636364 0.08352272727272728 0.13863636363636364
3 0.07727272727272727 0.13522727272727272 0.017613636363636363 0.048295454545454544
2 0.4068181818181818 0.34488636363636366 0.09488636363636363 0.19147727272727272
3 0.23011363636363635 0.3119318181818182 0.03068181818181818 0.11477272727272728
3 0.54375 0.09147727272727273 0.01534090909090909 0.04602272727272727
3 0.3386363636363636 0.35625 0.028977272727272727 0.10113636363636364
3 0.18181818181818182 0.01875 0.00909090909090909 0.036931818181818184
3 0.29318181818181815 0.2556818181818182 0.031818181818181815 0.08125
2 0.1784090909090909 0.3931818181818182 0.10909090909090909 0.19375
2 0.35965909090909093 0.1653409090909091 0.06534090909090909 0.17670454545454545
3 0.25625 0.2778409090909091 0.024431818181818183 0.06875
3 0.27443181818181817 0.34147727272727274 0.03977272727272727 0.11136363636363636
3 0.3 0.19147727272727272 0.02159090909090909 0.05397727272727273
3 0.4875 0.05397727272727273 0.01875 0.060227272727272727
3 0.4090909090909091 0.22102272727272726 0.028977272727272727 0.05397727272727273