3 0.90625 0.7119318181818182 0.05056818181818182 0.16875
3 0.3880681818181818 0.9369318181818181 0.075 0.12386363636363637
3 0.8801136363636364 0.5886363636363636 0.04715909090909091 0.15170454545454545
3 0.2125 0.7585227272727273 0.04943181818181818 0.18238636363636362
3 0.4727272727272727 0.8323863636363636 0.056818181818181816 0.18125
3 0.5198863636363636 0.9261363636363636 0.06988636363636364 0.14375
3 0.5267045454545455 0.6857954545454545 0.03806818181818182 0.12897727272727272
3 0.15397727272727274 0.9147727272727273 0.04147727272727273 0.1590909090909091
3 0.15227272727272728 0.1653409090909091 0.02215909090909091 0.07102272727272728
3 0.8426136363636364 0.6869318181818181 0.044886363636363634 0.16875
3 0.7715909090909091 0.5857954545454546 0.0375 0.12897727272727272
3 0.5823863636363636 0.8085227272727272 0.05625 0.16761363636363635
2 0.09943181818181818 0.6698863636363637 0.1903409090909091 0.39886363636363636
2 0.6289772727272728 0.5369318181818182 0.16761363636363635 0.4
2 0.40454545454545454 0.5636363636363636 0.1278409090909091 0.34375
3 0.3068181818181818 0.9136363636363637 0.058522727272727275 0.14147727272727273
2 0.35625 0.39602272727272725 0.11875 0.2630681818181818
3 0.2346590909090909 0.6232954545454545 0.042045454545454546 0.1278409090909091
3 0.45284090909090907 0.9448863636363637 0.0625 0.10852272727272727
3 0.29318181818181815 0.6511363636363636 0.058522727272727275 0.13636363636363635
3 0.47613636363636364 0.4960227272727273 0.03465909090909091 0.12954545454545455
2 0.14829545454545454 0.4556818181818182 0.11988636363636364 0.23522727272727273
3 0.24545454545454545 0.4647727272727273 0.04715909090909091 0.10909090909090909
2 0.20681818181818182 0.3494318181818182 0.10852272727272727 0.19147727272727272
3 0.803409090909091 0.8778409090909091 0.07784090909090909 0.24261363636363636
3 0.6113636363636363 0.26079545454545455 0.025 0.07670454545454546
3 0.9198863636363637 0.9653409090909091 0.09431818181818181 0.06761363636363636
3 0.7107954545454546 0.88125 0.06477272727272727 0.22670454545454546
2 0.3625 0.21647727272727274 0.08693181818181818 0.1590909090909091