2 0.39829545454545456 0.6857954545454545 0.19943181818181818 0.45454545454545453
2 0.08125 0.86875 0.16193181818181818 0.26136363636363635
2 0.6375 0.6761363636363636 0.17954545454545454 0.41306818181818183
2 0.32954545454545453 0.45852272727272725 0.13579545454545455 0.28806818181818183
6 0.5784090909090909 0.3744318181818182 0.14659090909090908 0.3880681818181818
2 0.10397727272727272 0.6068181818181818 0.16590909090909092 0.325
2 0.17102272727272727 0.40738636363636366 0.1278409090909091 0.23125
2 0.2340909090909091 0.28863636363636364 0.09488636363636363 0.18863636363636363
4 0.3846590909090909 0.11647727272727272 0.07954545454545454 0.22613636363636364
2 0.3443181818181818 0.24659090909090908 0.07954545454545454 0.13636363636363635
2 0.425 0.31988636363636364 0.09318181818181819 0.18636363636363637