3 0.6732954545454546 0.5994318181818182 0.04318181818181818 0.13465909090909092
3 0.7204545454545455 0.5619318181818181 0.028409090909090908 0.11534090909090909
2 0.9346590909090909 0.76875 0.13068181818181818 0.3125
2 0.26420454545454547 0.7727272727272727 0.23579545454545456 0.44886363636363635
3 0.51875 0.6505681818181818 0.05 0.1625
3 0.5607954545454545 0.9511363636363637 0.05795454545454545 0.0971590909090909
3 0.6505681818181818 0.4727272727272727 0.03068181818181818 0.09602272727272727
2 0.16022727272727272 0.5931818181818181 0.19090909090909092 0.3221590909090909
2 0.3477272727272727 0.5681818181818182 0.16420454545454546 0.3778409090909091
2 0.5573863636363636 0.41818181818181815 0.10681818181818181 0.2056818181818182
2 0.03465909090909091 0.34147727272727274 0.06931818181818182 0.13352272727272727
3 0.61875 0.25227272727272726 0.01875 0.0625
2 0.27386363636363636 0.43977272727272726 0.11022727272727273 0.19886363636363635
2 0.04147727272727273 0.9181818181818182 0.08295454545454546 0.16136363636363638
3 0.6301136363636364 0.35909090909090907 0.024431818181818183 0.0846590909090909
4 0.31931818181818183 0.2056818181818182 0.1693181818181818 0.34147727272727274
3 0.5892045454545455 0.24431818181818182 0.016477272727272726 0.058522727272727275
2 0.20795454545454545 0.18693181818181817 0.06931818181818182 0.09602272727272727
2 0.4159090909090909 0.42272727272727273 0.10568181818181818 0.29318181818181815
2 0.45340909090909093 0.2772727272727273 0.08068181818181819 0.15965909090909092
3 0.5721590909090909 0.18806818181818183 0.021022727272727273 0.07613636363636364
3 0.42045454545454547 0.977840909090909 0.09772727272727273 0.04431818181818182