3 0.29545454545454547 0.6789772727272727 0.04375 0.15852272727272726
2 0.6664772727272728 0.7193181818181819 0.1715909090909091 0.39431818181818185
3 0.06931818181818182 0.8806818181818182 0.11193181818181819 0.19715909090909092
3 0.17897727272727273 0.9056818181818181 0.075 0.18863636363636363
2 0.3931818181818182 0.7386363636363636 0.19318181818181818 0.42215909090909093
3 0.044886363636363634 0.4005681818181818 0.03977272727272727 0.11818181818181818
2 0.625 0.4602272727272727 0.10170454545454545 0.19318181818181818
3 0.5204545454545455 0.6403409090909091 0.03977272727272727 0.15568181818181817
5 0.17897727272727273 0.48977272727272725 0.20170454545454544 0.4375
2 0.3715909090909091 0.4869318181818182 0.1340909090909091 0.25113636363636366
2 0.5039772727272728 0.4068181818181818 0.10454545454545454 0.2056818181818182
2 0.6005681818181818 0.33352272727272725 0.07954545454545454 0.14147727272727273
3 0.39204545454545453 0.9568181818181818 0.05625 0.08352272727272728
3 0.23863636363636365 0.7840909090909091 0.060227272727272727 0.20681818181818182
3 0.006818181818181818 0.2409090909090909 0.013636363636363636 0.075
3 0.5107954545454545 0.2840909090909091 0.025 0.05397727272727273
3 0.005681818181818182 0.3721590909090909 0.011363636363636364 0.07840909090909091
2 0.07727272727272727 0.22443181818181818 0.0875 0.10965909090909091
2 0.5630681818181819 0.24602272727272728 0.06306818181818181 0.12215909090909091
2 0.4034090909090909 0.35056818181818183 0.08806818181818182 0.14886363636363636