3 0.7340909090909091 0.6181818181818182 0.04375 0.14431818181818182
3 0.9119318181818182 0.6852272727272727 0.06647727272727273 0.15681818181818183
3 0.6119318181818182 0.6602272727272728 0.056818181818181816 0.17897727272727273
2 0.08806818181818182 0.80625 0.17613636363636365 0.3806818181818182
2 0.33181818181818185 0.8056818181818182 0.19829545454545455 0.38636363636363635
3 0.7897727272727273 0.9375 0.07670454545454546 0.125
2 0.15681818181818183 0.5965909090909091 0.19375 0.3431818181818182
2 0.3471590909090909 0.5619318181818181 0.15227272727272728 0.29318181818181815
2 0.6460227272727272 0.3210227272727273 0.08295454545454546 0.15284090909090908
2 0.09261363636363637 0.30056818181818185 0.10568181818181818 0.1431818181818182
2 0.53125 0.4414772727272727 0.12045454545454545 0.2585227272727273
6 0.2545454545454545 0.38181818181818183 0.18522727272727274 0.31931818181818183
2 0.38579545454545455 0.4244318181818182 0.11306818181818182 0.19886363636363635
3 0.21818181818181817 0.2119318181818182 0.019318181818181818 0.05397727272727273
2 0.35568181818181815 0.21306818181818182 0.08579545454545455 0.2096590909090909
3 0.28863636363636364 0.12443181818181819 0.010227272727272727 0.028977272727272727
3 0.5619318181818181 0.20227272727272727 0.01818181818181818 0.05113636363636364
3 0.5755681818181818 0.9875 0.09204545454545454 0.025