2 0.07897727272727273 0.7653409090909091 0.15795454545454546 0.4636363636363636
3 0.5301136363636364 0.5306818181818181 0.04431818181818182 0.13352272727272727
3 0.5909090909090909 0.3886363636363636 0.03238636363636364 0.10170454545454545
2 0.3568181818181818 0.6369318181818182 0.16704545454545455 0.31136363636363634
2 0.17386363636363636 0.45852272727272725 0.1318181818181818 0.24147727272727273
3 0.7176136363636364 0.9244318181818182 0.048863636363636366 0.15113636363636362
3 0.16988636363636364 0.03068181818181818 0.011363636363636364 0.05
2 0.3392045454545455 0.4011363636363636 0.11988636363636364 0.24886363636363637
6 0.20738636363636365 0.26988636363636365 0.11534090909090909 0.22897727272727272
3 0.5153409090909091 0.23863636363636365 0.023863636363636365 0.07215909090909091
3 0.46988636363636366 0.17784090909090908 0.01875 0.08125
3 0.29147727272727275 0.31363636363636366 0.03409090909090909 0.09147727272727273
3 0.32045454545454544 0.16363636363636364 0.02159090909090909 0.08352272727272728
3 0.1875 0.0125 0.0125 0.025
3 0.5505681818181818 0.06875 0.01875 0.06306818181818181
2 0.3721590909090909 0.18579545454545454 0.0715909090909091 0.13636363636363635