2 0.6107954545454546 0.7852272727272728 0.23579545454545456 0.4238636363636364
2 0.4642045454545455 0.4994318181818182 0.1159090909090909 0.20681818181818182
2 0.6431818181818182 0.4744318181818182 0.11420454545454546 0.2096590909090909
2 0.05 0.865909090909091 0.1 0.2625
3 0.23863636363636365 0.8460227272727273 0.061931818181818185 0.2
6 0.28920454545454544 0.31022727272727274 0.125 0.27102272727272725
2 0.44829545454545455 0.2755681818181818 0.08806818181818182 0.17386363636363636
2 0.6056818181818182 0.3164772727272727 0.08181818181818182 0.14147727272727273
3 0.29318181818181815 0.04318181818181818 0.010227272727272727 0.03636363636363636
2 0.3664772727272727 0.24659090909090908 0.03579545454545455 0.1125
3 0.5301136363636364 0.3568181818181818 0.028977272727272727 0.09431818181818181
2 0.575 0.21647727272727274 0.051704545454545454 0.09431818181818181
2 0.44943181818181815 0.15227272727272728 0.05056818181818182 0.07613636363636364