3 0.15681818181818183 0.946590909090909 0.09772727272727273 0.10681818181818181
2 0.6369318181818182 0.7119318181818182 0.17556818181818182 0.40397727272727274
3 0.24204545454545454 0.1380681818181818 0.015909090909090907 0.05113636363636364
3 0.07329545454545454 0.9289772727272727 0.09147727272727273 0.14147727272727273
2 0.6948863636363637 0.9346590909090909 0.20227272727272727 0.125
2 0.5727272727272728 0.5278409090909091 0.11875 0.2528409090909091
2 0.21875 0.5181818181818182 0.15625 0.29147727272727275
3 0.13693181818181818 0.24772727272727274 0.024431818181818183 0.06818181818181818
3 0.2818181818181818 0.9323863636363636 0.11931818181818182 0.13465909090909092
4 0.39829545454545456 0.5193181818181818 0.16420454545454546 0.325
6 0.5607954545454545 0.3261363636363636 0.10852272727272727 0.23863636363636365
2 0.2909090909090909 0.35568181818181815 0.10909090909090909 0.22215909090909092
3 0.24943181818181817 0.9340909090909091 0.05568181818181818 0.1318181818181818