2 0.21022727272727273 0.80625 0.21761363636363637 0.38238636363636364
2 0.4409090909090909 0.5545454545454546 0.16647727272727272 0.35909090909090907
3 0.04147727272727273 0.8880681818181818 0.08295454545454546 0.2215909090909091
2 0.09318181818181819 0.5352272727272728 0.1380681818181818 0.29829545454545453
3 0.6170454545454546 0.4778409090909091 0.03409090909090909 0.11875
3 0.7778409090909091 0.9232954545454546 0.0659090909090909 0.15170454545454545
3 0.7028409090909091 0.5857954545454546 0.04147727272727273 0.14375
3 0.65 0.4090909090909091 0.02556818181818182 0.11136363636363636
3 0.5738636363636364 0.37272727272727274 0.03068181818181818 0.0971590909090909
3 0.7443181818181818 0.5210227272727272 0.03238636363636364 0.13693181818181818
3 0.19204545454545455 0.01818181818181818 0.011363636363636364 0.03409090909090909
3 0.6215909090909091 0.9386363636363636 0.0715909090909091 0.12102272727272727
2 0.18181818181818182 0.33125 0.10170454545454545 0.19715909090909092
3 0.6539772727272727 0.6698863636363637 0.036931818181818184 0.12897727272727272
3 0.5875 0.7369318181818182 0.04943181818181818 0.16647727272727272
2 0.4022727272727273 0.3778409090909091 0.1215909090909091 0.2278409090909091
3 0.6789772727272727 0.852840909090909 0.07386363636363637 0.2278409090909091
3 0.20170454545454544 0.5744318181818182 0.060227272727272727 0.12329545454545454
3 0.7795454545454545 0.42329545454545453 0.0375 0.12613636363636363
3 0.31875 0.38238636363636364 0.03125 0.10170454545454545
3 0.5772727272727273 0.14659090909090908 0.01818181818181818 0.0659090909090909