2 0.46988636363636366 0.6369318181818182 0.15227272727272728 0.3704545454545455
2 0.08636363636363636 0.7039772727272727 0.1721590909090909 0.4028409090909091
2 0.42556818181818185 0.4369318181818182 0.12045454545454545 0.28125
2 0.19261363636363638 0.32443181818181815 0.10397727272727272 0.19375
2 0.15738636363636363 0.47613636363636364 0.13295454545454546 0.26477272727272727
3 0.35511363636363635 0.08863636363636364 0.013068181818181817 0.05454545454545454
2 0.05909090909090909 0.26193181818181815 0.09488636363636363 0.12386363636363637
2 0.2755681818181818 0.21818181818181817 0.08579545454545455 0.19715909090909092
3 0.03295454545454545 0.1494318181818182 0.01875 0.060227272727272727
3 0.24261363636363636 0.66875 0.061931818181818185 0.16875
2 0.4056818181818182 0.3306818181818182 0.09431818181818181 0.1721590909090909
2 0.41761363636363635 0.22329545454545455 0.08636363636363636 0.11875
3 0.1534090909090909 0.9232954545454546 0.06363636363636363 0.15170454545454545
2 0.6346590909090909 0.5181818181818182 0.16818181818181818 0.38238636363636364
3 0.3875 0.10738636363636364 0.013636363636363636 0.051704545454545454
3 0.7664772727272727 0.7653409090909091 0.06420454545454546 0.23238636363636364
3 0.2948863636363636 0.8323863636363636 0.045454545454545456 0.18693181818181817
3 0.20397727272727273 0.8011363636363636 0.04659090909090909 0.15454545454545454
3 0.28295454545454546 0.4431818181818182 0.05284090909090909 0.10113636363636364
3 0.3443181818181818 0.2636363636363636 0.04147727272727273 0.12954545454545455
3 0.8471590909090909 0.8431818181818181 0.06306818181818181 0.15625