2 0.075 0.6198863636363636 0.15 0.4738636363636364
2 0.43011363636363636 0.4005681818181818 0.18522727272727274 0.4153409090909091
2 0.6522727272727272 0.4943181818181818 0.19545454545454546 0.4556818181818182
2 0.1380681818181818 0.32897727272727273 0.18295454545454545 0.30568181818181817
2 0.61875 0.22613636363636364 0.15 0.29715909090909093
3 0.35170454545454544 0.08181818181818182 0.029545454545454545 0.09431818181818181
2 0.20397727272727273 0.16647727272727272 0.12670454545454546 0.21136363636363636
3 0.2409090909090909 0.6477272727272727 0.08181818181818182 0.25681818181818183
2 0.27386363636363636 0.06875 0.10852272727272727 0.1375
2 0.5857954545454546 0.10852272727272727 0.1125 0.21363636363636362
3 0.23238636363636364 0.43068181818181817 0.04943181818181818 0.13068181818181818
2 0.44943181818181815 0.1380681818181818 0.14375 0.25681818181818183