3 0.03068181818181818 0.5318181818181819 0.06079545454545455 0.1943181818181818
3 0.7607954545454545 0.8289772727272727 0.07954545454545454 0.2585227272727273
2 0.55625 0.3619318181818182 0.16420454545454546 0.36818181818181817
3 0.30056818181818185 0.8744318181818181 0.1380681818181818 0.24886363636363637
3 0.7704545454545455 0.4244318181818182 0.04602272727272727 0.15965909090909092
3 0.4948863636363636 0.8244318181818182 0.08806818181818182 0.2818181818181818
3 0.7045454545454546 0.3085227272727273 0.03806818181818182 0.14147727272727273
3 0.6869318181818181 0.5380681818181818 0.06079545454545455 0.2318181818181818
3 0.8767045454545455 0.915340909090909 0.07329545454545454 0.1693181818181818
2 0.3494318181818182 0.4119318181818182 0.1875 0.42102272727272727
3 0.13920454545454544 0.16590909090909092 0.03579545454545455 0.0875
3 0.3488636363636364 0.17102272727272727 0.04318181818181818 0.06136363636363636
2 0.14261363636363636 0.509090909090909 0.21022727272727273 0.4431818181818182
2 0.43011363636363636 0.2056818181818182 0.11477272727272728 0.2278409090909091
3 0.27954545454545454 0.3039772727272727 0.03125 0.11363636363636363
3 0.6352272727272728 0.7556818181818182 0.075 0.18863636363636363
2 0.4375 0.0625 0.11079545454545454 0.125
3 0.24943181818181817 0.36306818181818185 0.03068181818181818 0.15113636363636362
2 0.1943181818181818 0.19772727272727272 0.14602272727272728 0.2318181818181818
3 0.22670454545454546 0.04943181818181818 0.03125 0.06534090909090909
3 0.10397727272727272 0.9119318181818182 0.13295454545454546 0.17386363636363636
3 0.5295454545454545 0.1318181818181818 0.03579545454545455 0.10568181818181818