2 0.10397727272727272 0.7215909090909091 0.20795454545454545 0.5511363636363636
3 0.7948863636363637 0.4630681818181818 0.07102272727272728 0.17386363636363636
3 0.6397727272727273 0.061931818181818185 0.03409090909090909 0.09602272727272727
3 0.2988636363636364 0.10056818181818182 0.036931818181818184 0.10397727272727272
2 0.13238636363636364 0.3494318181818182 0.17102272727272727 0.27897727272727274
2 0.5596590909090909 0.10625 0.11306818181818182 0.2125
3 0.3568181818181818 0.2318181818181818 0.04318181818181818 0.13068181818181818
3 0.53125 0.45397727272727273 0.05625 0.17784090909090908
3 0.6022727272727273 0.5852272727272727 0.048295454545454544 0.1846590909090909
3 0.2681818181818182 0.3778409090909091 0.045454545454545456 0.15284090909090908
3 0.27386363636363636 0.03125 0.02727272727272727 0.0625
3 0.24431818181818182 0.24772727272727274 0.03579545454545455 0.1431818181818182
2 0.19318181818181818 0.15568181818181817 0.11079545454545454 0.21647727272727274
3 0.34545454545454546 0.9715909090909091 0.09431818181818181 0.056818181818181816