2 0.31875 0.4590909090909091 0.2 0.4460227272727273
2 0.07954545454545454 0.5681818181818182 0.1590909090909091 0.45852272727272725
2 0.20227272727272727 0.22613636363636364 0.1784090909090909 0.32784090909090907
2 0.05965909090909091 0.09772727272727273 0.11931818181818182 0.15681818181818183
2 0.6039772727272728 0.17272727272727273 0.18579545454545454 0.20113636363636364
2 0.5244318181818182 0.07784090909090909 0.08693181818181818 0.15568181818181817
2 0.4068181818181818 0.16193181818181818 0.125 0.24034090909090908
2 0.5426136363636364 0.35113636363636364 0.12102272727272727 0.3221590909090909
2 0.4113636363636364 0.05909090909090909 0.10681818181818181 0.11818181818181818
2 0.2596590909090909 0.0625 0.11193181818181819 0.125
4 0.5755210943181819 0.8873458329545454 0.7560765625000001 0.8916347227272727 0.671875 0.27862638863636363 0.5494789056818181 0.32494861136363634 0.5755210943181819 0.8873458329545454