2 0.3431818181818182 0.6119318181818182 0.19829545454545455 0.5068181818181818
2 0.6693181818181818 0.7585227272727273 0.22329545454545455 0.475
3 0.9107954545454545 0.7914772727272728 0.07102272727272728 0.2585227272727273
2 0.13920454545454544 0.3744318181818182 0.18693181818181817 0.37386363636363634
2 0.36306818181818185 0.28863636363636364 0.15056818181818182 0.2721590909090909
2 0.6318181818181818 0.3971590909090909 0.1693181818181818 0.3613636363636364
3 0.8556818181818182 0.8806818181818182 0.08920454545454545 0.23636363636363636
3 0.7170454545454545 0.27443181818181817 0.056818181818181816 0.15397727272727274
3 0.8056818181818182 0.6835227272727272 0.06306818181818181 0.2
3 0.5318181818181819 0.04943181818181818 0.036931818181818184 0.08181818181818182
2 0.2119318181818182 0.19318181818181818 0.1494318181818182 0.2636363636363636
2 0.4744318181818182 0.15568181818181817 0.11022727272727273 0.19147727272727272
2 0.3534090909090909 0.13693181818181818 0.10852272727272727 0.2096590909090909
2 0.4511363636363636 0.0625 0.09602272727272727 0.125
2 0.25113636363636366 0.06988636363636364 0.11136363636363636 0.13977272727272727
2 0.6045454545454545 0.1715909090909091 0.11818181818181818 0.21818181818181817
3 0.6511363636363636 0.04431818181818182 0.024431818181818183 0.07215909090909091