2 0.7068181818181818 0.5960227272727273 0.18693181818181817 0.46647727272727274
2 0.4056818181818182 0.4602272727272727 0.18920454545454546 0.4375
3 0.2852272727272727 0.43977272727272726 0.06079545454545455 0.1903409090909091
3 0.5431818181818182 0.36306818181818185 0.05454545454545454 0.16818181818181818
3 0.2375 0.9136363636363637 0.08579545454545455 0.1721590909090909
3 0.36420454545454545 0.22443181818181818 0.03806818181818182 0.12613636363636363
2 0.7056818181818182 0.3181818181818182 0.22897727272727272 0.31931818181818183
3 0.12386363636363637 0.03409090909090909 0.02727272727272727 0.06818181818181818
3 0.5227272727272727 0.08068181818181819 0.029545454545454545 0.10568181818181818
2 0.19375 0.22102272727272726 0.14375 0.2278409090909091
2 0.14261363636363636 0.44488636363636364 0.18977272727272726 0.3846590909090909
2 0.2806818181818182 0.09147727272727273 0.10681818181818181 0.18295454545454545
3 0.21079545454545454 0.6619318181818182 0.05795454545454545 0.15681818181818183
2 0.0375 0.06647727272727273 0.075 0.13295454545454546
3 0.2346590909090909 0.03977272727272727 0.021022727272727273 0.05965909090909091
3 0.7414772727272727 0.05397727272727273 0.02159090909090909 0.05568181818181818