2 0.08636363636363636 0.4994318181818182 0.17272727272727273 0.4403409090909091
2 0.3392045454545455 0.5068181818181818 0.19090909090909092 0.3778409090909091
2 0.5670454545454545 0.45397727272727273 0.18920454545454546 0.40852272727272726
2 0.5755681818181818 0.7943181818181818 0.29318181818181815 0.4028409090909091
3 0.045454545454545456 0.8755681818181819 0.09090909090909091 0.2431818181818182
2 0.17954545454545454 0.2255681818181818 0.13579545454545455 0.2375
3 0.7994318181818182 0.9136363636363637 0.11306818181818182 0.1721590909090909
2 0.39204545454545453 0.1965909090909091 0.12670454545454546 0.2096590909090909
3 0.6579545454545455 0.21988636363636363 0.03579545454545455 0.13465909090909092
3 0.3096590909090909 0.9306818181818182 0.06306818181818181 0.13636363636363635
2 0.5568181818181818 0.20397727272727273 0.14829545454545454 0.2721590909090909
2 0.26420454545454547 0.075 0.10397727272727272 0.15
3 0.9602272727272727 0.6238636363636364 0.07954545454545454 0.1590909090909091
2 0.4465909090909091 0.07272727272727272 0.09090909090909091 0.14545454545454545
3 0.975 0.9340909090909091 0.05 0.1318181818181818
2 0.55 0.05113636363636364 0.09318181818181819 0.10227272727272728