2 0.7039772727272727 0.5306818181818181 0.20625 0.4693181818181818
2 0.39943181818181817 0.48068181818181815 0.16875 0.3721590909090909
2 0.5926136363636364 0.8789772727272728 0.23522727272727273 0.23863636363636365
2 0.13352272727272727 0.43522727272727274 0.20454545454545456 0.39886363636363636
2 0.044886363636363634 0.7806818181818181 0.08977272727272727 0.43068181818181817
2 0.37386363636363634 0.22272727272727272 0.12556818181818183 0.24602272727272728
2 0.26193181818181815 0.09659090909090909 0.11420454545454546 0.19318181818181818
2 0.6244318181818181 0.08409090909090909 0.10454545454545454 0.16818181818181818
2 0.5505681818181818 0.23863636363636365 0.12556818181818183 0.2636363636363636
3 0.3409090909090909 0.06534090909090909 0.03068181818181818 0.1
3 0.5494318181818182 0.05284090909090909 0.029545454545454545 0.08352272727272728
3 0.2255681818181818 0.27102272727272725 0.05056818181818182 0.11363636363636363
2 0.41704545454545455 0.04943181818181818 0.08522727272727272 0.09886363636363636
3 0.46761363636363634 0.21647727272727274 0.031818181818181815 0.10852272727272727