2 0.6397727272727273 0.6414772727272727 0.22045454545454546 0.4693181818181818
2 0.68125 0.8869318181818182 0.2375 0.22102272727272726
2 0.09204545454545454 0.5556818181818182 0.18409090909090908 0.525
2 0.36875 0.46988636363636366 0.16875 0.3653409090909091
3 0.8943181818181818 0.9272727272727272 0.09545454545454546 0.1403409090909091
2 0.19715909090909092 0.31022727272727274 0.15227272727272728 0.29602272727272727
2 0.36761363636363636 0.24772727272727274 0.13522727272727272 0.25113636363636366
3 0.4681818181818182 0.32272727272727275 0.051704545454545454 0.1625
3 0.8534090909090909 0.790340909090909 0.06931818181818182 0.2056818181818182
2 0.425 0.10397727272727272 0.10681818181818181 0.20795454545454545
2 0.22329545454545455 0.0875 0.11647727272727272 0.175
3 0.10625 0.2431818181818182 0.0375 0.09431818181818181
3 0.36079545454545453 0.07102272727272728 0.02556818181818182 0.1028409090909091
3 0.2875 0.2056818181818182 0.03295454545454545 0.125
3 0.3255681818181818 0.13522727272727272 0.033522727272727273 0.09602272727272727