2 0.6755681818181818 0.727840909090909 0.2630681818181818 0.5386363636363637
3 0.7795454545454545 0.4590909090909091 0.05568181818181818 0.1653409090909091
3 0.81875 0.7869318181818182 0.075 0.2431818181818182
2 0.40454545454545454 0.5590909090909091 0.20454545454545456 0.4238636363636364
3 0.88125 0.93125 0.1 0.1375
3 0.1693181818181818 0.9261363636363636 0.08579545454545455 0.1471590909090909
2 0.09545454545454546 0.4414772727272727 0.19090909090909092 0.3806818181818182
3 0.008522727272727272 0.1534090909090909 0.017045454545454544 0.1125
3 0.2340909090909091 0.4590909090909091 0.07840909090909091 0.17102272727272727
3 0.3119318181818182 0.3806818181818182 0.056818181818181816 0.16647727272727272
3 0.06931818181818182 0.915340909090909 0.09431818181818181 0.1693181818181818
3 0.553409090909091 0.17102272727272727 0.03068181818181818 0.10852272727272727
3 0.09943181818181818 0.7431818181818182 0.0625 0.175
2 0.615909090909091 0.4056818181818182 0.17727272727272728 0.4056818181818182
3 0.9556818181818182 0.7727272727272727 0.06420454545454546 0.2318181818181818
2 0.43579545454545454 0.2539772727272727 0.14375 0.30568181818181817
2 0.23806818181818182 0.17556818181818182 0.16704545454545455 0.3488636363636364
3 0.17386363636363636 0.5681818181818182 0.056818181818181816 0.13636363636363635
3 0.3664772727272727 0.06534090909090909 0.03125 0.09431818181818181
3 0.7636363636363637 0.13863636363636364 0.06647727272727273 0.1278409090909091
3 0.7244318181818182 0.2556818181818182 0.029545454545454545 0.10568181818181818
2 0.48295454545454547 0.11193181818181819 0.09204545454545454 0.20681818181818182
3 0.11363636363636363 0.2215909090909091 0.08522727272727272 0.07102272727272728
2 0.6193181818181818 0.06363636363636363 0.09318181818181819 0.12727272727272726