3 0.25170454545454546 0.6511363636363636 0.06818181818181818 0.2028409090909091
3 0.9607954545454546 0.5693181818181818 0.07670454545454546 0.175
3 0.24431818181818182 0.9227272727272727 0.10170454545454545 0.15397727272727274
3 0.46079545454545456 0.8903409090909091 0.05568181818181818 0.21931818181818183
3 0.16477272727272727 0.6727272727272727 0.08295454545454546 0.2318181818181818
3 0.9142045454545454 0.7681818181818182 0.06818181818181818 0.23636363636363636
3 0.7852272727272728 0.9352272727272727 0.09375 0.12897727272727272
3 0.6596590909090909 0.9181818181818182 0.08806818181818182 0.16363636363636364
2 0.6698863636363637 0.44943181818181815 0.19602272727272727 0.5011363636363636
2 0.39204545454545453 0.5210227272727272 0.18693181818181817 0.39431818181818185
2 0.09659090909090909 0.4369318181818182 0.19318181818181818 0.3875
3 0.1431818181818182 0.9386363636363636 0.09204545454545454 0.12215909090909091
2 0.39204545454545453 0.27443181818181817 0.13295454545454546 0.22897727272727272
3 0.8607954545454546 0.8619318181818182 0.06420454545454546 0.18181818181818182
3 0.05454545454545454 0.8721590909090909 0.07727272727272727 0.25
3 0.8130681818181819 0.6823863636363636 0.06875 0.1846590909090909
3 0.5255681818181818 0.8852272727272728 0.1 0.22897727272727272
2 0.18295454545454545 0.23238636363636364 0.14659090909090908 0.2596590909090909
3 0.6534090909090909 0.15568181818181817 0.02556818181818182 0.08636363636363636
3 0.8909090909090909 0.5755681818181818 0.07727272727272727 0.1846590909090909
3 0.6181818181818182 0.0375 0.029545454545454545 0.075
3 0.31988636363636364 0.05284090909090909 0.03977272727272727 0.09431818181818181
3 0.017613636363636363 0.7943181818181818 0.035227272727272725 0.1943181818181818
2 0.553409090909091 0.09772727272727273 0.09772727272727273 0.19545454545454546
2 0.5880681818181818 0.23522727272727273 0.11079545454545454 0.2681818181818182
3 0.9517045454545454 0.9102272727272728 0.09545454545454546 0.17897727272727273
3 0.7670454545454546 0.3840909090909091 0.04772727272727273 0.10965909090909091
3 0.6505681818181818 0.06931818181818182 0.03806818181818182 0.10568181818181818
3 0.0375 0.013636363636363636 0.025 0.02727272727272727
2 0.24545454545454545 0.09375 0.11704545454545455 0.1875