2 0.44886363636363635 0.6977272727272728 0.21022727272727273 0.5181818181818182
2 0.11988636363636364 0.4744318181818182 0.20397727272727273 0.39886363636363636
2 0.39204545454545453 0.18522727272727274 0.1318181818181818 0.2818181818181818
3 0.553409090909091 0.4289772727272727 0.06477272727272727 0.2
3 0.49261363636363636 0.14431818181818182 0.035227272727272725 0.10852272727272727
3 0.39375 0.42272727272727273 0.05 0.11534090909090909
3 0.5193181818181818 0.04318181818181818 0.03068181818181818 0.08352272727272728
3 0.26477272727272727 0.6880681818181819 0.08579545454545455 0.2318181818181818
3 0.6346590909090909 0.19772727272727272 0.035227272727272725 0.10681818181818181
3 0.33352272727272725 0.11022727272727273 0.04090909090909091 0.10681818181818181
3 0.6505681818181818 0.7102272727272727 0.07556818181818181 0.22102272727272726
3 0.21306818181818182 0.18522727272727274 0.036931818181818184 0.11534090909090909
3 0.5693181818181818 0.08409090909090909 0.028977272727272727 0.09602272727272727
3 0.5369318181818182 0.2340909090909091 0.045454545454545456 0.12613636363636363
3 0.6681818181818182 0.35397727272727275 0.04431818181818182 0.16363636363636364
3 0.8505681818181818 0.8130681818181819 0.07329545454545454 0.2625
3 0.63125 0.48068181818181815 0.05625 0.1471590909090909
3 0.6505681818181818 0.10568181818181818 0.042045454545454546 0.0971590909090909
3 0.49204545454545456 0.09943181818181818 0.03806818181818182 0.1431818181818182
3 0.19602272727272727 0.9011363636363636 0.10625 0.19715909090909092
3 0.6625 0.2431818181818182 0.0375 0.1278409090909091