2 0.08693181818181818 0.6414772727272727 0.17386363636363636 0.6056818181818182
2 0.27329545454545456 0.5818181818181818 0.22727272727272727 0.5386363636363637
2 0.5068181818181818 0.6056818181818182 0.21306818181818182 0.5193181818181818
3 0.7994318181818182 0.5227272727272727 0.05056818181818182 0.14602272727272728
3 0.8375 0.9477272727272728 0.12045454545454545 0.10397727272727272
3 0.70625 0.8619318181818182 0.08125 0.25681818181818183
3 0.5142045454545454 0.2681818181818182 0.04147727272727273 0.10568181818181818
3 0.5607954545454545 0.22272727272727272 0.0375 0.0846590909090909
3 0.6659090909090909 0.7056818181818182 0.061931818181818185 0.18636363636363637
3 0.7193181818181819 0.5840909090909091 0.05795454545454545 0.14602272727272728
2 0.18693181818181817 0.3119318181818182 0.16022727272727272 0.27102272727272725
3 0.9579545454545455 0.925 0.08068181818181819 0.15
2 0.3494318181818182 0.23352272727272727 0.1318181818181818 0.23863636363636365
3 0.9011363636363636 0.8619318181818182 0.06647727272727273 0.2539772727272727
3 0.6636363636363637 0.2755681818181818 0.02727272727272727 0.10113636363636364
2 0.4096590909090909 0.075 0.11306818181818182 0.15
3 0.8465909090909091 0.6602272727272728 0.05454545454545454 0.16818181818181818
3 0.45454545454545453 0.2556818181818182 0.045454545454545456 0.0971590909090909
3 0.10568181818181818 0.2806818181818182 0.04772727272727273 0.1028409090909091
3 0.43863636363636366 0.3528409090909091 0.04431818181818182 0.10568181818181818
3 0.35568181818181815 0.05227272727272727 0.021022727272727273 0.0903409090909091
3 0.75 0.35568181818181815 0.05625 0.1278409090909091
3 0.8017045454545455 0.8102272727272727 0.07556818181818181 0.19602272727272727
2 0.27897727272727274 0.0715909090909091 0.10625 0.1431818181818182
3 0.6761363636363636 0.4630681818181818 0.04147727272727273 0.1318181818181818
3 0.48295454545454547 0.09431818181818181 0.0375 0.10568181818181818
3 0.6789772727272727 0.9340909090909091 0.07840909090909091 0.1318181818181818
3 0.019318181818181818 0.3488636363636364 0.038636363636363635 0.12045454545454545