2 0.6522727272727272 0.8460227272727273 0.2590909090909091 0.3028409090909091
2 0.6267045454545455 0.1806818181818182 0.11477272727272728 0.23863636363636365
2 0.08181818181818182 0.4869318181818182 0.1630681818181818 0.3568181818181818
2 0.4335227272727273 0.12556818181818183 0.10625 0.1903409090909091
2 0.26193181818181815 0.23238636363636364 0.13068181818181818 0.25113636363636366
3 0.8125 0.2727272727272727 0.042045454545454546 0.1431818181818182
3 0.4954545454545455 0.5255681818181818 0.058522727272727275 0.20397727272727273
3 0.5244318181818182 0.05568181818181818 0.02727272727272727 0.09147727272727273
2 0.28011363636363634 0.060227272727272727 0.10795454545454546 0.12045454545454545
3 0.5829545454545455 0.038636363636363635 0.03068181818181818 0.075
3 0.2556818181818182 0.6352272727272728 0.07045454545454545 0.21818181818181817
3 0.37386363636363634 0.35397727272727275 0.05056818181818182 0.14147727272727273
3 0.35170454545454544 0.1431818181818182 0.03125 0.10852272727272727
3 0.39204545454545453 0.7977272727272727 0.06875 0.2318181818181818
3 0.6323863636363637 0.03238636363636364 0.028409090909090908 0.06477272727272727
3 0.7369318181818182 0.6414772727272727 0.06079545454545455 0.2056818181818182
2 0.025 0.8380681818181818 0.05 0.3181818181818182