2 0.3698863636363636 0.4994318181818182 0.1943181818181818 0.49318181818181817
2 0.6284090909090909 0.5721590909090909 0.20852272727272728 0.4971590909090909
2 0.0625 0.7306818181818182 0.125 0.5335227272727273
2 0.6034090909090909 0.24943181818181817 0.15625 0.27102272727272725
2 0.42727272727272725 0.23068181818181818 0.15170454545454545 0.2943181818181818
3 0.7017045454545454 0.23068181818181818 0.0375 0.11363636363636363
3 0.2505681818181818 0.5744318181818182 0.05568181818181818 0.19602272727272727
3 0.27443181818181817 0.3573863636363636 0.048295454545454544 0.15113636363636362
2 0.5965909090909091 0.10397727272727272 0.10909090909090909 0.1721590909090909
2 0.10227272727272728 0.3494318181818182 0.1875 0.34602272727272726
3 0.36477272727272725 0.1028409090909091 0.029545454545454545 0.09431818181818181
2 0.4556818181818182 0.07613636363636364 0.10454545454545454 0.15227272727272728
2 0.2125 0.15568181818181817 0.125 0.24431818181818182
3 0.12954545454545455 0.9528409090909091 0.10795454545454546 0.09431818181818181
3 0.19488636363636364 0.7943181818181818 0.07897727272727273 0.23068181818181818
3 0.21420454545454545 0.4340909090909091 0.045454545454545456 0.15965909090909092
2 0.29829545454545453 0.05738636363636364 0.08522727272727272 0.11477272727272728
3 0.94375 0.9090909090909091 0.11079545454545454 0.18181818181818182
3 0.15681818181818183 0.6278409090909091 0.05056818181818182 0.15284090909090908
2 0.1125 0.028977272727272727 0.1 0.05795454545454545
3 0.7255681818181818 0.036931818181818184 0.019318181818181818 0.07102272727272728
3 0.40795454545454546 0.04147727272727273 0.017045454545454544 0.06931818181818182
3 0.2857954545454545 0.20738636363636365 0.060227272727272727 0.15113636363636362