2 0.1 0.47102272727272726 0.2 0.45
2 0.48409090909090907 0.5073863636363637 0.1784090909090909 0.4346590909090909
2 0.26931818181818185 0.6227272727272727 0.21079545454545454 0.4511363636363636
3 0.8857954545454545 0.8164772727272728 0.08352272727272728 0.2056818181818182
3 0.9801136363636364 0.8369318181818182 0.03977272727272727 0.17897727272727273
3 0.6193181818181818 0.5897727272727272 0.051704545454545454 0.1846590909090909
3 0.4505681818181818 0.9625 0.09602272727272727 0.075
3 0.9136363636363637 0.9556818181818182 0.10397727272727272 0.08863636363636364
3 0.8017045454545455 0.9539772727272727 0.10056818181818182 0.09147727272727273
2 0.5227272727272727 0.19772727272727272 0.14204545454545456 0.27102272727272725
3 0.75625 0.8181818181818182 0.075 0.18352272727272728
3 0.8306818181818182 0.6727272727272727 0.06931818181818182 0.22102272727272726
3 0.7045454545454546 0.6494318181818182 0.05056818181818182 0.16818181818181818
3 0.36306818181818185 0.04943181818181818 0.035227272727272725 0.09318181818181819
3 0.6130681818181818 0.3477272727272727 0.042045454545454546 0.12613636363636363
2 0.26988636363636365 0.07784090909090909 0.13693181818181818 0.15568181818181817
3 0.6767045454545455 0.9789772727272728 0.10681818181818181 0.04147727272727273
3 0.65625 0.43068181818181817 0.042045454545454546 0.15852272727272726
3 0.6806818181818182 0.9090909090909091 0.09772727272727273 0.18181818181818182
2 0.42215909090909093 0.08238636363636363 0.11477272727272728 0.16477272727272727
2 0.21931818181818183 0.20113636363636364 0.15227272727272728 0.2721590909090909
3 0.3568181818181818 0.4159090909090909 0.04431818181818182 0.14886363636363636
3 0.7880681818181818 0.5306818181818181 0.03920454545454546 0.15568181818181817
3 0.5556818181818182 0.9431818181818182 0.08295454545454546 0.11363636363636363
3 0.42556818181818185 0.2340909090909091 0.04943181818181818 0.15965909090909092