3 0.01818181818181818 0.038636363636363635 0.025 0.07727272727272727
2 0.6357954545454545 0.45681818181818185 0.19318181818181818 0.4693181818181818
3 0.22670454545454546 0.6880681818181819 0.05568181818181818 0.20681818181818182
3 0.9511363636363637 0.5272727272727272 0.09602272727272727 0.2375
3 0.17556818181818182 0.5789772727272727 0.05795454545454545 0.1806818181818182
3 0.2096590909090909 0.95 0.08522727272727272 0.1
3 0.056818181818181816 0.7931818181818182 0.05 0.1806818181818182
3 0.15 0.7443181818181818 0.05625 0.1806818181818182
3 0.10113636363636364 0.013636363636363636 0.025 0.02727272727272727
2 0.3795454545454545 0.4369318181818182 0.22840909090909092 0.6988636363636364
3 0.51875 0.1431818181818182 0.03125 0.0971590909090909
3 0.8875 0.915340909090909 0.08125 0.1693181818181818
3 0.7659090909090909 0.9289772727272727 0.07443181818181818 0.14147727272727273
3 0.7181818181818181 0.26647727272727273 0.036931818181818184 0.13068181818181818
3 0.020454545454545454 0.7142045454545455 0.04090909090909091 0.1965909090909091
3 0.8948863636363636 0.7028409090909091 0.07556818181818181 0.175
3 0.25113636363636366 0.45681818181818185 0.061931818181818185 0.1721590909090909
2 0.2409090909090909 0.14772727272727273 0.13920454545454544 0.22897727272727272
2 0.09943181818181818 0.4068181818181818 0.1806818181818182 0.3886363636363636
3 0.10795454545454546 0.9102272727272728 0.10056818181818182 0.17897727272727273
3 0.9625 0.9005681818181818 0.06875 0.19318181818181818
3 0.01818181818181818 0.8931818181818182 0.03579545454545455 0.21363636363636362
3 0.5909090909090909 0.035227272727272725 0.02556818181818182 0.06818181818181818
3 0.6454545454545455 0.04715909090909091 0.028409090909090908 0.06136363636363636
3 0.65625 0.9681818181818181 0.08920454545454545 0.06363636363636363
2 0.3840909090909091 0.04943181818181818 0.09829545454545455 0.09886363636363636
2 0.5630681818181819 0.2409090909090909 0.12443181818181819 0.2875
3 0.7488636363636364 0.42272727272727273 0.06477272727272727 0.25681818181818183
3 0.2056818181818182 0.03977272727272727 0.02556818181818182 0.07102272727272728