2 0.5789772727272727 0.5193181818181818 0.1784090909090909 0.4193181818181818
2 0.3789772727272727 0.790340909090909 0.25 0.41647727272727275
3 0.2994318181818182 0.26647727272727273 0.04431818181818182 0.14431818181818182
2 0.3693181818181818 0.4340909090909091 0.17329545454545456 0.39886363636363636
3 0.6056818181818182 0.03238636363636364 0.025 0.06477272727272727
2 0.17045454545454544 0.23352272727272727 0.23806818181818182 0.46647727272727274
2 0.6505681818181818 0.790340909090909 0.26022727272727275 0.41363636363636364
3 0.18806818181818183 0.9039772727272727 0.09318181818181819 0.19147727272727272
3 0.9579545454545455 0.8556818181818182 0.07897727272727273 0.23068181818181818
3 0.22102272727272726 0.5994318181818182 0.0715909090909091 0.1903409090909091
3 0.13011363636363638 0.6289772727272728 0.058522727272727275 0.21136363636363636
3 0.6556818181818181 0.16477272727272727 0.029545454545454545 0.10113636363636364
3 0.5306818181818181 0.13863636363636364 0.02556818181818182 0.1
2 0.03806818181818182 0.16022727272727272 0.07556818181818181 0.18181818181818182
3 0.8806818181818182 0.8977272727272727 0.06647727272727273 0.20397727272727273
3 0.6073863636363637 0.17272727272727273 0.02727272727272727 0.10113636363636364
3 0.5704545454545454 0.2318181818181818 0.0375 0.10852272727272727
2 0.4005681818181818 0.19943181818181818 0.13295454545454546 0.2681818181818182
2 0.05795454545454545 0.7443181818181818 0.1159090909090909 0.5056818181818182
3 0.9767045454545454 0.91875 0.04431818181818182 0.1625
3 0.7039772727272727 0.2715909090909091 0.04375 0.12386363636363637
3 0.12670454545454546 0.9414772727272728 0.06079545454545455 0.11647727272727272
3 0.5744318181818182 0.12556818181818183 0.02556818181818182 0.07102272727272728
2 0.3931818181818182 0.07102272727272728 0.09943181818181818 0.1278409090909091
3 0.94375 0.6522727272727272 0.05625 0.14886363636363636
3 0.6886363636363636 0.4715909090909091 0.03806818181818182 0.15397727272727274