2 0.10056818181818182 0.4715909090909091 0.2005681818181818 0.4511363636363636
2 0.48295454545454547 0.5056818181818182 0.17897727272727273 0.43636363636363634
2 0.2681818181818182 0.5630681818181819 0.21079545454545454 0.5039772727272728
3 0.04147727272727273 0.04318181818181818 0.029545454545454545 0.07215909090909091
3 0.7232954545454545 0.5477272727272727 0.05909090909090909 0.21818181818181817
2 0.522159090909091 0.19772727272727272 0.14147727272727273 0.27102272727272725
3 0.9119318181818182 0.9590909090909091 0.09943181818181818 0.08181818181818182
3 0.6448863636363636 0.7210227272727273 0.07556818181818181 0.21647727272727274
2 0.22045454545454546 0.19772727272727272 0.15170454545454545 0.2681818181818182
2 0.3471590909090909 0.2852272727272727 0.1380681818181818 0.27897727272727274
3 0.3721590909090909 0.08068181818181819 0.035227272727272725 0.09147727272727273
3 0.09204545454545454 0.011931818181818182 0.023295454545454546 0.023863636363636365
3 0.6363636363636364 0.3028409090909091 0.036931818181818184 0.13863636363636364
3 0.6005681818181818 0.10568181818181818 0.026704545454545453 0.1
3 0.011363636363636364 0.11818181818181818 0.022727272727272728 0.10568181818181818
3 0.5289772727272727 0.02784090909090909 0.03295454545454545 0.05568181818181818
2 0.25795454545454544 0.07784090909090909 0.11477272727272728 0.15568181818181817
2 0.4369318181818182 0.04375 0.08693181818181818 0.0875
3 0.5721590909090909 0.04943181818181818 0.02727272727272727 0.07897727272727273
3 0.3431818181818182 0.1215909090909091 0.031818181818181815 0.056818181818181816
3 0.5096590909090909 0.9414772727272728 0.11477272727272728 0.11647727272727272
3 0.6431818181818182 0.060227272727272727 0.025 0.12045454545454545
3 0.40397727272727274 0.18693181818181817 0.0375 0.11818181818181818
3 0.34261363636363634 0.09318181818181819 0.035227272727272725 0.11136363636363636
3 0.7892045454545454 0.915340909090909 0.10056818181818182 0.1693181818181818
3 0.6698863636363637 0.9181818181818182 0.08977272727272727 0.16136363636363638