3 0.7875 0.22102272727272726 0.051704545454545454 0.11931818181818182
3 0.5119318181818182 0.7869318181818182 0.08068181818181819 0.27102272727272725
3 0.7994318181818182 0.6630681818181818 0.075 0.18181818181818182
3 0.42613636363636365 0.9130681818181818 0.08977272727272727 0.16818181818181818
3 0.16136363636363638 0.19318181818181818 0.04772727272727273 0.11363636363636363
3 0.5380681818181818 0.4960227272727273 0.06704545454545455 0.1721590909090909
3 0.44943181818181815 0.6477272727272727 0.04772727272727273 0.16818181818181818
3 0.6204545454545455 0.5056818181818182 0.06420454545454546 0.1806818181818182
3 0.5897727272727272 0.24772727272727274 0.04090909090909091 0.1318181818181818
3 0.7426136363636363 0.5431818181818182 0.04943181818181818 0.1943181818181818
3 0.8465909090909091 0.9556818181818182 0.09545454545454546 0.08863636363636364
2 0.33579545454545456 0.3494318181818182 0.20625 0.5710227272727273
3 0.56875 0.9664772727272727 0.1 0.06647727272727273
3 0.6289772727272728 0.7028409090909091 0.051704545454545454 0.2278409090909091
3 0.4681818181818182 0.4147727272727273 0.061931818181818185 0.13465909090909092
2 0.11818181818181818 0.47897727272727275 0.2255681818181818 0.4693181818181818
2 0.28295454545454546 0.09318181818181819 0.11477272727272728 0.18636363636363637
2 0.6761363636363636 0.24772727272727274 0.13352272727272727 0.3431818181818182
3 0.9698863636363636 0.9698863636363636 0.058522727272727275 0.05965909090909091
3 0.5954545454545455 0.3744318181818182 0.031818181818181815 0.10397727272727272
2 0.08522727272727272 0.038636363636363635 0.10909090909090909 0.07727272727272727
3 0.5954545454545455 0.8556818181818182 0.08806818181818182 0.19715909090909092
3 0.7431818181818182 0.90625 0.04943181818181818 0.1625
3 0.23068181818181818 0.8255681818181818 0.0875 0.34602272727272726