2 0.17329545454545456 0.30568181818181817 0.17329545454545456 0.32784090909090907
3 0.5920454545454545 0.17102272727272727 0.03409090909090909 0.11363636363636363
3 0.4642045454545455 0.2869318181818182 0.04659090909090909 0.15965909090909092
3 0.3619318181818182 0.19147727272727272 0.036931818181818184 0.11931818181818182
3 0.5988636363636364 0.04147727272727273 0.02727272727272727 0.08295454545454546
3 0.5375 0.20738636363636365 0.03125 0.11534090909090909
3 0.4 0.5880681818181818 0.05 0.18181818181818182
3 0.7068181818181818 0.5306818181818181 0.05454545454545454 0.1806818181818182
3 0.5852272727272727 0.8914772727272727 0.05909090909090909 0.21647727272727274
3 0.4017045454545455 0.7880681818181818 0.060227272727272727 0.10681818181818181
3 0.8977272727272727 0.9215909090909091 0.1 0.15681818181818183