2 0.30170454545454545 0.7397727272727272 0.2630681818181818 0.5153409090909091
3 0.6170454545454546 0.7369318181818182 0.08409090909090909 0.2596590909090909
3 0.5005681818181819 0.7846590909090909 0.07045454545454545 0.25
2 0.9096590909090909 0.5005681818181819 0.1806818181818182 0.2846590909090909
2 0.12613636363636363 0.3965909090909091 0.18522727272727274 0.3403409090909091
3 0.6761363636363636 0.2727272727272727 0.03806818181818182 0.1318181818181818
3 0.6017045454545454 0.04318181818181818 0.02556818181818182 0.08352272727272728
3 0.46988636363636366 0.5056818181818182 0.061931818181818185 0.18863636363636363
3 0.7039772727272727 0.5869318181818182 0.0625 0.20397727272727273
3 0.75625 0.9602272727272727 0.11875 0.07897727272727273
3 0.5636363636363636 0.21818181818181817 0.04318181818181818 0.11647727272727272
3 0.375 0.19772727272727272 0.0375 0.10681818181818181
3 0.5965909090909091 0.39943181818181817 0.05 0.16818181818181818
2 0.24375 0.10738636363636364 0.12386363636363637 0.21477272727272728
3 0.23238636363636364 0.5431818181818182 0.061931818181818185 0.175
3 0.6232954545454545 0.29147727272727275 0.04602272727272727 0.14431818181818182
3 0.43636363636363634 0.31022727272727274 0.04147727272727273 0.14602272727272728
3 0.30568181818181817 0.3085227272727273 0.03920454545454546 0.13636363636363635
3 0.5232954545454546 0.4090909090909091 0.04943181818181818 0.1375
3 0.49318181818181817 0.23522727272727273 0.03295454545454545 0.10681818181818181
3 0.28011363636363634 0.23863636363636365 0.033522727272727273 0.12215909090909091
3 0.06363636363636363 0.8460227272727273 0.09602272727272727 0.2721590909090909
3 0.5755681818181818 0.9278409090909091 0.08693181818181818 0.14431818181818182
3 0.4505681818181818 0.18409090909090908 0.04431818181818182 0.09318181818181819
3 0.7193181818181819 0.4289772727272727 0.05568181818181818 0.14147727272727273
3 0.5170454545454546 0.1431818181818182 0.02727272727272727 0.09147727272727273
3 0.36477272727272725 0.06931818181818182 0.03579545454545455 0.11136363636363636