2 0.8295454545454546 0.5443181818181818 0.3068181818181818 0.45284090909090907
2 0.32272727272727275 0.7005681818181818 0.2409090909090909 0.5903409090909091
2 0.20738636363636365 0.32443181818181815 0.16647727272727272 0.3261363636363636
3 0.5573863636363636 0.7380681818181818 0.07727272727272727 0.2431818181818182
3 0.5039772727272728 0.4380681818181818 0.051704545454545454 0.17897727272727273
3 0.37329545454545454 0.2948863636363636 0.05397727272727273 0.15113636363636362
3 0.5880681818181818 0.4244318181818182 0.04375 0.16818181818181818
3 0.4409090909090909 0.3431818181818182 0.05056818181818182 0.13863636363636364
3 0.6130681818181818 0.2840909090909091 0.04318181818181818 0.1318181818181818
2 0.35511363636363635 0.10568181818181818 0.10681818181818181 0.1806818181818182
3 0.47045454545454546 0.1215909090909091 0.031818181818181815 0.09886363636363636
3 0.44886363636363635 0.05397727272727273 0.02727272727272727 0.08636363636363636
3 0.4119318181818182 0.03125 0.024431818181818183 0.0625
3 0.5125 0.22443181818181818 0.045454545454545456 0.14602272727272728
3 0.6568181818181819 0.10909090909090909 0.026704545454545453 0.0846590909090909
3 0.49261363636363636 0.026136363636363635 0.023863636363636365 0.05227272727272727
2 0.33125 0.026136363636363635 0.08295454545454546 0.05227272727272727
2 0.5732954545454545 0.040340909090909094 0.07443181818181818 0.08068181818181819
3 0.7505681818181819 0.2761363636363636 0.04943181818181818 0.1
3 0.6255681818181819 0.1721590909090909 0.03579545454545455 0.11136363636363636