2 0.7267045454545454 0.6039772727272728 0.21875 0.522159090909091
2 0.11704545454545455 0.5056818181818182 0.22102272727272726 0.4113636363636364
2 0.4625 0.4431818181818182 0.18579545454545454 0.425
2 0.5005681818181819 0.22897727272727272 0.13295454545454546 0.2806818181818182
2 0.2346590909090909 0.24431818181818182 0.13977272727272727 0.2778409090909091
3 0.09090909090909091 0.9164772727272728 0.09772727272727273 0.16647727272727272
2 0.5988636363636364 0.10397727272727272 0.11818181818181818 0.20795454545454545
3 0.048295454545454544 0.01875 0.028409090909090908 0.0375
2 0.25738636363636364 0.07897727272727273 0.09602272727272727 0.1278409090909091
2 0.4431818181818182 0.12102272727272727 0.09431818181818181 0.18352272727272728
2 0.3392045454545455 0.0375 0.08806818181818182 0.075
3 0.18920454545454546 0.11818181818181818 0.03295454545454545 0.11136363636363636
2 0.45340909090909093 0.040340909090909094 0.08693181818181818 0.08068181818181819
3 0.6823863636363636 0.11818181818181818 0.04318181818181818 0.09431818181818181