2 0.4005681818181818 0.5352272727272728 0.19204545454545455 0.40397727272727274
3 0.928409090909091 0.8318181818181818 0.11022727272727273 0.30568181818181817
2 0.09886363636363636 0.4414772727272727 0.18693181818181817 0.3443181818181818
2 0.6625 0.5380681818181818 0.2 0.4431818181818182
3 0.08295454545454546 0.8903409090909091 0.10568181818181818 0.21647727272727274
2 0.7880681818181818 0.8772727272727273 0.25625 0.24034090909090908
3 0.8 0.5244318181818182 0.07670454545454546 0.19602272727272727
2 0.18011363636363636 0.2119318181818182 0.13977272727272727 0.2539772727272727
2 0.4556818181818182 0.2369318181818182 0.14602272727272728 0.29318181818181815
2 0.2505681818181818 0.07897727272727273 0.11704545454545455 0.15795454545454546
2 0.6090909090909091 0.19772727272727272 0.15 0.3931818181818182
3 0.30113636363636365 0.897159090909091 0.09772727272727273 0.2
2 0.37613636363636366 0.11647727272727272 0.10852272727272727 0.225
3 0.7511363636363636 0.38693181818181815 0.05227272727272727 0.15681818181818183
3 0.7005681818181818 0.22897727272727272 0.048295454545454544 0.1693181818181818
3 0.03125 0.9261363636363636 0.0625 0.1471590909090909
3 0.12329545454545454 0.95625 0.07102272727272728 0.0875
3 0.4744318181818182 0.044886363636363634 0.03295454545454545 0.08977272727272727