2 0.15625 0.35056818181818183 0.19375 0.36818181818181817
3 0.8732954545454545 0.6255681818181819 0.0875 0.21534090909090908
3 0.9227272727272727 0.9255681818181818 0.08579545454545455 0.14602272727272728
3 0.6982954545454545 0.27443181818181817 0.03806818181818182 0.1375
3 0.2852272727272727 0.20909090909090908 0.03409090909090909 0.12102272727272727
2 0.41875 0.3494318181818182 0.14829545454545454 0.2818181818181818
3 0.025 0.038636363636363635 0.02727272727272727 0.07727272727272727
2 0.3880681818181818 0.1630681818181818 0.12329545454545454 0.2818181818181818
3 0.6267045454545455 0.03409090909090909 0.021022727272727273 0.06818181818181818
3 0.34147727272727274 0.0903409090909091 0.017045454545454544 0.07784090909090909
3 0.7340909090909091 0.5630681818181819 0.05 0.17897727272727273
3 0.27045454545454545 0.8806818181818182 0.08125 0.23636363636363636
3 0.014204545454545454 0.11193181818181819 0.028409090909090908 0.1403409090909091
3 0.7392045454545455 0.36306818181818185 0.05568181818181818 0.15113636363636362
3 0.46704545454545454 0.15568181818181817 0.03295454545454545 0.10568181818181818
3 0.6579545454545455 0.09602272727272727 0.033522727272727273 0.125