3 0.09147727272727273 0.8681818181818182 0.1215909090909091 0.2585227272727273
3 0.18181818181818182 0.7068181818181818 0.06420454545454546 0.23636363636363636
3 0.41818181818181815 0.9011363636363636 0.1 0.19715909090909092
3 0.522159090909091 0.7948863636363637 0.07727272727272727 0.2625
2 0.10454545454545454 0.4693181818181818 0.20852272727272728 0.4414772727272727
3 0.8482954545454545 0.7585227272727273 0.05227272727272727 0.21647727272727274
3 0.6107954545454546 0.8789772727272728 0.07670454545454546 0.24147727272727273
2 0.5488636363636363 0.30568181818181817 0.1431818181818182 0.36363636363636365
3 0.7 0.6789772727272727 0.075 0.16363636363636364
2 0.3880681818181818 0.2852272727272727 0.12670454545454546 0.3039772727272727
3 0.7545454545454545 0.6056818181818182 0.04772727272727273 0.15284090909090908
2 0.34488636363636366 0.4681818181818182 0.17102272727272727 0.4335227272727273
3 0.475 0.23068181818181818 0.03125 0.13068181818181818
3 0.8755681818181819 0.5306818181818181 0.048295454545454544 0.1721590909090909
3 0.22670454545454546 0.5806818181818182 0.0625 0.2028409090909091
3 0.9511363636363637 0.7636363636363637 0.07272727272727272 0.19715909090909092
2 0.20909090909090908 0.23806818181818182 0.14375 0.25681818181818183
3 0.65 0.5585227272727272 0.05 0.13863636363636364
3 0.7181818181818181 0.19943181818181818 0.03295454545454545 0.10397727272727272
3 0.9352272727272727 0.4943181818181818 0.07329545454545454 0.16363636363636364
3 0.7460227272727272 0.9369318181818181 0.09545454545454546 0.12613636363636363
3 0.5409090909090909 0.9431818181818182 0.06647727272727273 0.11363636363636363
2 0.5909090909090909 0.16193181818181818 0.09943181818181818 0.22897727272727272
3 0.5295454545454545 0.07784090909090909 0.02727272727272727 0.09147727272727273
2 0.45170454545454547 0.09772727272727273 0.09431818181818181 0.17897727272727273
3 0.2375 0.43068181818181817 0.06875 0.14431818181818182