3 0.19602272727272727 0.1744318181818182 0.03920454545454546 0.1125
3 0.7892045454545454 0.6443181818181818 0.0625 0.2
3 0.74375 0.4721590909090909 0.04375 0.16136363636363638
3 0.5625 0.678409090909091 0.04375 0.24886363636363637
2 0.3482954545454545 0.5875 0.18920454545454546 0.375
3 0.4954545454545455 0.27443181818181817 0.04090909090909091 0.12897727272727272
3 0.21875 0.5181818181818182 0.05454545454545454 0.1806818181818182
3 0.522159090909091 0.10340909090909091 0.028977272727272727 0.09886363636363636
3 0.78125 0.9528409090909091 0.09375 0.09431818181818181
3 0.31363636363636366 0.13522727272727272 0.033522727272727273 0.09602272727272727
3 0.5454545454545454 0.33693181818181817 0.05056818181818182 0.15681818181818183
3 0.44943181818181815 0.45340909090909093 0.045454545454545456 0.1625
3 0.6460227272727272 0.3744318181818182 0.03920454545454546 0.1375
3 0.584659090909091 0.2761363636363636 0.033522727272727273 0.11363636363636363
3 0.6329545454545454 0.16022727272727272 0.02727272727272727 0.09318181818181819
3 0.29772727272727273 0.060227272727272727 0.028409090909090908 0.10113636363636364