2 0.3704545454545455 0.4460227272727273 0.18579545454545454 0.43636363636363634
3 0.7193181818181819 0.4590909090909091 0.05795454545454545 0.1875
3 0.23125 0.44943181818181815 0.0625 0.19886363636363635
2 0.5982954545454545 0.4005681818181818 0.175 0.38181818181818183
3 0.7744318181818182 0.7215909090909091 0.075 0.2318181818181818
2 0.3698863636363636 0.20681818181818182 0.12897727272727272 0.22215909090909092
3 0.5232954545454546 0.897159090909091 0.09659090909090909 0.2056818181818182
3 0.6551136363636364 0.9511363636363637 0.10227272727272728 0.0971590909090909
2 0.5619318181818181 0.19147727272727272 0.12443181818181819 0.2636363636363636
3 0.35568181818181815 0.04431818181818182 0.020454545454545454 0.08068181818181819
2 0.09147727272727273 0.4636363636363636 0.18295454545454545 0.3613636363636364
2 0.19204545454545455 0.2539772727272727 0.13977272727272727 0.2556818181818182
3 0.6579545454545455 0.17897727272727273 0.03579545454545455 0.125
2 0.2505681818181818 0.08409090909090909 0.11079545454545454 0.16818181818181818
2 0.42556818181818185 0.07897727272727273 0.1125 0.15795454545454546
3 0.10397727272727272 0.6903409090909091 0.09545454545454546 0.2
3 0.6943181818181818 0.3130681818181818 0.05056818181818182 0.1403409090909091
3 0.8948863636363636 0.9073863636363636 0.13693181818181818 0.1846590909090909
3 0.125 0.9130681818181818 0.09375 0.17102272727272727
3 0.3176136363636364 0.035227272727272725 0.035227272727272725 0.07045454545454545
3 0.23579545454545456 0.9494318181818182 0.06818181818181818 0.09886363636363636
3 0.11988636363636364 0.8306818181818182 0.08181818181818182 0.18863636363636363