3 0.5676136363636364 0.044886363636363634 0.035227272727272725 0.08977272727272727
3 0.8897727272727273 0.6289772727272728 0.10909090909090909 0.23068181818181818
2 0.6232954545454545 0.4414772727272727 0.18977272727272726 0.4414772727272727
3 0.4596590909090909 0.11931818181818182 0.033522727272727273 0.11647727272727272
3 0.7460227272727272 0.4994318181818182 0.05454545454545454 0.17386363636363636
3 0.15568181818181817 0.025 0.026704545454545453 0.05
3 0.3443181818181818 0.6852272727272727 0.06704545454545455 0.2318181818181818
2 0.10511363636363637 0.4556818181818182 0.20227272727272727 0.3443181818181818
3 0.39943181818181817 0.1744318181818182 0.03806818181818182 0.11818181818181818
2 0.20795454545454545 0.15625 0.15568181818181817 0.3125
3 0.125 0.08068181818181819 0.029545454545454545 0.08068181818181819
3 0.49829545454545454 0.17897727272727273 0.04318181818181818 0.13352272727272727
3 0.6721590909090909 0.2505681818181818 0.036931818181818184 0.12386363636363637
3 0.3875 0.061931818181818185 0.03125 0.07897727272727273
2 0.03920454545454546 0.8403409090909091 0.07840909090909091 0.3164772727272727
3 0.7806818181818181 0.9386363636363636 0.09318181818181819 0.12215909090909091
2 0.044886363636363634 0.08522727272727272 0.08977272727272727 0.1431818181818182
2 0.30454545454545456 0.07784090909090909 0.04147727272727273 0.15568181818181817
3 0.12443181818181819 0.044886363636363634 0.03068181818181818 0.08977272727272727