3 0.17556818181818182 0.6568181818181819 0.08693181818181818 0.23068181818181818
3 0.6295454545454545 0.8244318181818182 0.09090909090909091 0.27386363636363636
3 0.7443181818181818 0.36818181818181817 0.04431818181818182 0.14147727272727273
3 0.7221590909090909 0.9096590909090909 0.06818181818181818 0.175
3 0.6482954545454546 0.3352272727272727 0.04318181818181818 0.15965909090909092
3 0.5272727272727272 0.8181818181818182 0.07954545454545454 0.19715909090909092
3 0.8130681818181819 0.5181818181818182 0.10454545454545454 0.16647727272727272
3 0.7119318181818182 0.6693181818181818 0.07272727272727272 0.16136363636363638
3 0.9079545454545455 0.7068181818181818 0.09204545454545454 0.1943181818181818
3 0.8284090909090909 0.9136363636363637 0.09431818181818181 0.1721590909090909
2 0.10227272727272728 0.3880681818181818 0.20454545454545456 0.39602272727272725
3 0.7068181818181818 0.5085227272727273 0.06647727272727273 0.17784090909090908
2 0.1806818181818182 0.19943181818181818 0.15681818181818183 0.2431818181818182
2 0.34545454545454546 0.5005681818181819 0.21875 0.5431818181818182
3 0.21420454545454545 0.47897727272727275 0.058522727272727275 0.2028409090909091
3 0.8284090909090909 0.7744318181818182 0.07272727272727272 0.20681818181818182
3 0.46193181818181817 0.7005681818181818 0.056818181818181816 0.2375
2 0.5625 0.45681818181818185 0.175 0.35568181818181815
3 0.6284090909090909 0.2 0.0375 0.1
2 0.5414772727272728 0.1965909090909091 0.12840909090909092 0.2375
3 0.7068181818181818 0.2056818181818182 0.04318181818181818 0.11136363636363636
3 0.2505681818181818 0.3494318181818182 0.04147727272727273 0.15113636363636362
3 0.5017045454545455 0.9244318181818182 0.09943181818181818 0.14886363636363636
3 0.93125 0.9528409090909091 0.1 0.09431818181818181
3 0.6755681818181818 0.2556818181818182 0.025 0.09431818181818181
3 0.2948863636363636 0.27102272727272725 0.033522727272727273 0.10568181818181818
3 0.09943181818181818 0.727840909090909 0.05 0.2056818181818182
2 0.26477272727272727 0.08238636363636363 0.1159090909090909 0.16477272727272727