3 0.08522727272727272 0.5039772727272728 0.0715909090909091 0.19147727272727272
2 0.5721590909090909 0.5744318181818182 0.19772727272727272 0.4431818181818182
2 0.24488636363636362 0.20227272727272727 0.14772727272727273 0.27386363636363636
3 0.28806818181818183 0.5119318181818182 0.06704545454545455 0.20397727272727273
3 0.3795454545454545 0.727840909090909 0.07897727272727273 0.19147727272727272
3 0.6090909090909091 0.27443181818181817 0.03920454545454546 0.1375
3 0.46079545454545456 0.2994318181818182 0.04318181818181818 0.15397727272727274
3 0.3704545454545455 0.04659090909090909 0.02727272727272727 0.07897727272727273
3 0.35454545454545455 0.9414772727272728 0.10340909090909091 0.11647727272727272
3 0.5272727272727272 0.2727272727272727 0.03295454545454545 0.1318181818181818
2 0.41420454545454544 0.12897727272727272 0.11704545454545455 0.23068181818181818
3 0.16818181818181818 0.9244318181818182 0.07556818181818181 0.15113636363636362
3 0.41818181818181815 0.48977272727272725 0.056818181818181816 0.1875
2 0.29715909090909093 0.04943181818181818 0.09772727272727273 0.09886363636363636
3 0.9715909090909091 0.49772727272727274 0.05625 0.12613636363636363
3 0.5738636363636364 0.1806818181818182 0.028977272727272727 0.11363636363636363
3 0.6261363636363636 0.028977272727272727 0.029545454545454545 0.05795454545454545
3 0.5556818181818182 0.32784090909090907 0.04318181818181818 0.06136363636363636
3 0.5954545454545455 0.06647727272727273 0.033522727272727273 0.1
2 0.5244318181818182 0.05738636363636364 0.08068181818181819 0.11477272727272728
2 0.023863636363636365 0.6869318181818181 0.04772727272727273 0.4903409090909091