2 0.4659090909090909 0.4505681818181818 0.17045454545454544 0.33181818181818185
2 0.46647727272727274 0.7789772727272727 0.25795454545454544 0.4335227272727273
2 0.6607954545454545 0.45397727272727273 0.1806818181818182 0.40852272727272726
2 0.10170454545454545 0.46136363636363636 0.2034090909090909 0.4318181818181818
2 0.4551136363636364 0.22102272727272726 0.13352272727272727 0.28352272727272726
2 0.2471590909090909 0.24943181818181817 0.1380681818181818 0.27897727272727274
2 0.6119318181818182 0.22897727272727272 0.12272727272727273 0.26931818181818185
2 0.24772727272727274 0.10681818181818181 0.11704545454545455 0.18863636363636363
2 0.46079545454545456 0.09488636363636363 0.10113636363636364 0.18977272727272726
6 0.59375 0.09488636363636363 0.1125 0.18977272727272726
2 0.32386363636363635 0.05113636363636364 0.08181818181818182 0.10227272727272728