2 0.4284090909090909 0.38693181818181815 0.17102272727272727 0.35397727272727275
3 0.3806818181818182 0.025 0.025 0.05
3 0.5607954545454545 0.061931818181818185 0.03409090909090909 0.10397727272727272
3 0.6409090909090909 0.35568181818181815 0.04772727272727273 0.175
3 0.6693181818181818 0.6818181818181818 0.07329545454545454 0.23352272727272727
3 0.3221590909090909 0.21306818181818182 0.04318181818181818 0.1318181818181818
3 0.26931818181818185 0.45681818181818185 0.056818181818181816 0.1806818181818182
2 0.4630681818181818 0.09659090909090909 0.10454545454545454 0.17897727272727273
3 0.1380681818181818 0.8448863636363636 0.10170454545454545 0.2375
2 0.20909090909090908 0.19943181818181818 0.14375 0.24602272727272728
2 0.30113636363636365 0.04147727272727273 0.09772727272727273 0.08295454545454546
3 0.16761363636363635 0.5931818181818181 0.08352272727272728 0.18352272727272728
3 0.2818181818181818 0.3085227272727273 0.05227272727272727 0.1
3 0.03295454545454545 0.8965909090909091 0.0659090909090909 0.20681818181818182