3 0.03920454545454546 0.49318181818181817 0.06079545454545455 0.18352272727272728
3 0.4875 0.8977272727272727 0.09545454545454546 0.20397727272727273
3 0.3568181818181818 0.7539772727272728 0.07556818181818181 0.25
3 0.18920454545454546 0.7443181818181818 0.07840909090909091 0.2636363636363636
3 0.7659090909090909 0.4681818181818182 0.04772727272727273 0.16647727272727272
3 0.11193181818181819 0.6619318181818182 0.07329545454545454 0.17386363636363636
3 0.2988636363636364 0.4244318181818182 0.05056818181818182 0.14886363636363636
3 0.8755681818181819 0.6477272727272727 0.0625 0.16818181818181818
3 0.9698863636363636 0.8727272727272727 0.058522727272727275 0.2431818181818182
3 0.35056818181818183 0.2852272727272727 0.05056818181818182 0.16818181818181818
2 0.07613636363636364 0.8414772727272727 0.15227272727272728 0.31363636363636366
3 0.24488636363636362 0.5227272727272727 0.06647727272727273 0.1625
3 0.26704545454545453 0.8102272727272727 0.0875 0.1903409090909091
3 0.06420454545454546 0.36818181818181817 0.05568181818181818 0.125
2 0.6517045454545455 0.43068181818181817 0.18125 0.4193181818181818
2 0.7119318181818182 0.8505681818181818 0.2505681818181818 0.29318181818181815
2 0.45 0.31477272727272726 0.20625 0.540340909090909
3 0.7159090909090909 0.2727272727272727 0.03806818181818182 0.1318181818181818
2 0.5914772727272727 0.15568181818181817 0.10909090909090909 0.28352272727272726
3 0.675 0.2028409090909091 0.0375 0.075
2 0.24545454545454545 0.05909090909090909 0.11306818181818182 0.11818181818181818
3 0.8170454545454545 0.7318181818181818 0.06875 0.16647727272727272
3 0.8068181818181818 0.5289772727272727 0.05795454545454545 0.13068181818181818
3 0.74375 0.3340909090909091 0.05 0.12897727272727272
2 0.17272727272727273 0.3744318181818182 0.16420454545454546 0.33181818181818185
3 0.40795454545454546 0.9119318181818182 0.09545454545454546 0.17613636363636365