3 0.4636363636363636 0.8352272727272727 0.08522727272727272 0.27102272727272725
3 0.023295454545454546 0.6403409090909091 0.04659090909090909 0.2028409090909091
2 0.18125 0.43068181818181817 0.2125 0.44431818181818183
2 0.4198863636363636 0.3886363636363636 0.16022727272727272 0.3613636363636364
3 0.5363636363636364 0.34602272727272726 0.05397727272727273 0.1693181818181818
3 0.7642045454545454 0.5369318181818182 0.06079545454545455 0.20113636363636364
3 0.6318181818181818 0.8681818181818182 0.10397727272727272 0.26136363636363635
3 0.9130681818181818 0.8681818181818182 0.08125 0.2056818181818182
3 0.6767045454545455 0.3119318181818182 0.04431818181818182 0.11818181818181818
3 0.9426136363636364 0.46193181818181817 0.11477272727272728 0.1875
2 0.6323863636363637 0.4727272727272727 0.18522727272727274 0.4068181818181818
2 0.5210227272727272 0.10909090909090909 0.1215909090909091 0.21818181818181817
2 0.18806818181818183 0.2056818181818182 0.13977272727272727 0.2471590909090909
3 0.09204545454545454 0.013636363636363636 0.02727272727272727 0.02727272727272727
3 0.36306818181818185 0.9568181818181818 0.10795454545454546 0.08352272727272728
2 0.3613636363636364 0.18181818181818182 0.12272727272727273 0.21647727272727274
3 0.7107954545454546 0.23522727272727273 0.035227272727272725 0.13465909090909092
3 0.522159090909091 0.9477272727272728 0.08352272727272728 0.10397727272727272
3 0.6193181818181818 0.15397727272727274 0.051704545454545454 0.09147727272727273
3 0.10397727272727272 0.8306818181818182 0.08409090909090909 0.18636363636363637
3 0.25738636363636364 0.8994318181818182 0.07556818181818181 0.19886363636363635
3 0.29204545454545455 0.8630681818181818 0.14602272727272728 0.27386363636363636
2 0.2556818181818182 0.09147727272727273 0.10681818181818181 0.18295454545454545
3 0.8198863636363637 0.6460227272727272 0.07727272727272727 0.18863636363636363
2 0.3971590909090909 0.07897727272727273 0.11022727272727273 0.15795454545454546
3 0.6522727272727272 0.11193181818181819 0.03125 0.09886363636363636
3 0.8159090909090909 0.9056818181818181 0.06477272727272727 0.18636363636363637
3 0.6045454545454545 0.9494318181818182 0.06818181818181818 0.10113636363636364
3 0.048295454545454544 0.9494318181818182 0.08977272727272727 0.09886363636363636
3 0.7193181818181819 0.9039772727272727 0.10056818181818182 0.19147727272727272