2 0.15 0.3619318181818182 0.20170454545454544 0.37613636363636366
2 0.39090909090909093 0.4431818181818182 0.18181818181818182 0.4056818181818182
3 0.008522727272727272 0.035227272727272725 0.017045454545454544 0.06818181818181818
2 0.23806818181818182 0.1806818181818182 0.12670454545454546 0.24431818181818182
2 0.5494318181818182 0.7789772727272727 0.26875 0.43863636363636366
3 0.7386363636363636 0.9369318181818181 0.08352272727272728 0.12386363636363637
3 0.2772727272727273 0.9528409090909091 0.09659090909090909 0.09431818181818181
2 0.4323863636363636 0.22443181818181818 0.14147727272727273 0.2846590909090909
3 0.7170454545454545 0.025 0.029545454545454545 0.05
2 0.42954545454545456 0.09488636363636363 0.10227272727272728 0.18977272727272726
3 0.7159090909090909 0.7556818181818182 0.08522727272727272 0.1806818181818182
2 0.28806818181818183 0.08068181818181819 0.09204545454545454 0.16136363636363638
3 0.07386363636363637 0.04147727272727273 0.029545454545454545 0.08295454545454546
3 0.0875 0.9193181818181818 0.09375 0.15852272727272726
3 0.15511363636363637 0.9039772727272727 0.08352272727272728 0.19147727272727272
3 0.01534090909090909 0.7596590909090909 0.03068181818181818 0.22215909090909092
3 0.053409090909090906 0.8715909090909091 0.060227272727272727 0.24034090909090908
2 0.6142045454545455 0.27897727272727274 0.18352272727272728 0.3835227272727273
3 0.013068181818181817 0.9147727272727273 0.026136363636363635 0.16590909090909092