2 0.2857954545454545 0.8039772727272727 0.2534090909090909 0.3886363636363636
2 0.5375 0.6494318181818182 0.21079545454545454 0.4818181818181818
2 0.08295454545454546 0.47556818181818183 0.16590909090909092 0.32386363636363635
2 0.2727272727272727 0.41647727272727275 0.19829545454545455 0.4278409090909091
3 0.7017045454545454 0.4744318181818182 0.05795454545454545 0.19318181818181818
3 0.9505681818181818 0.7068181818181818 0.09829545454545455 0.21136363636363636
3 0.4863636363636364 0.09488636363636363 0.035227272727272725 0.10113636363636364
3 0.09090909090909091 0.040340909090909094 0.03068181818181818 0.075
2 0.19545454545454546 0.24147727272727273 0.15056818181818182 0.26647727272727273
3 0.8505681818181818 0.48977272727272725 0.05795454545454545 0.1903409090909091
3 0.028409090909090908 0.13068181818181818 0.0375 0.12215909090909091
3 0.678409090909091 0.2755681818181818 0.04431818181818182 0.10397727272727272
3 0.39488636363636365 0.6227272727272727 0.08181818181818182 0.20113636363636364
2 0.3755681818181818 0.2119318181818182 0.12045454545454545 0.25681818181818183
2 0.24886363636363637 0.08522727272727272 0.10454545454545454 0.17045454545454544
2 0.4153409090909091 0.07897727272727273 0.09886363636363636 0.15795454545454546
2 0.5556818181818182 0.2005681818181818 0.1431818181818182 0.36818181818181817
3 0.6181818181818182 0.03068181818181818 0.024431818181818183 0.058522727272727275
3 0.6005681818181818 0.05284090909090909 0.020454545454545454 0.06647727272727273
3 0.9659090909090909 0.5755681818181818 0.04772727272727273 0.14602272727272728