2 0.5164772727272727 0.4244318181818182 0.17670454545454545 0.4068181818181818
3 0.36761363636363636 0.8727272727272727 0.12272727272727273 0.25113636363636366
2 0.31477272727272726 0.4556818181818182 0.18295454545454545 0.44431818181818183
3 0.11875 0.8869318181818182 0.13579545454545455 0.22613636363636364
3 0.5323863636363636 0.8948863636363636 0.09431818181818181 0.2096590909090909
3 0.6176136363636363 0.3886363636363636 0.06647727272727273 0.15284090909090908
2 0.7329545454545454 0.5130681818181818 0.1875 0.4289772727272727
2 0.10227272727272728 0.46647727272727274 0.20454545454545456 0.4028409090909091
2 0.35965909090909093 0.1943181818181818 0.1380681818181818 0.26647727272727273
3 0.2340909090909091 0.3806818181818182 0.053409090909090906 0.15284090909090908
3 0.8806818181818182 0.6068181818181818 0.051704545454545454 0.18863636363636363
2 0.5340909090909091 0.17897727272727273 0.1125 0.23068181818181818
3 0.9056818181818181 0.884090909090909 0.09943181818181818 0.22897727272727272
3 0.20625 0.9619318181818182 0.1125 0.07613636363636364
3 0.01875 0.4772727272727273 0.0375 0.1875
3 0.6670454545454545 0.9664772727272727 0.08806818181818182 0.06647727272727273
2 0.40454545454545454 0.09318181818181819 0.10056818181818182 0.18636363636363637
3 0.7176136363636364 0.26477272727272727 0.04147727272727273 0.07386363636363637
2 0.2318181818181818 0.1318181818181818 0.11193181818181819 0.21931818181818183
3 0.3931818181818182 0.9102272727272728 0.08579545454545455 0.17897727272727273
3 0.4965909090909091 0.10056818181818182 0.048295454545454544 0.12386363636363637
3 0.6693181818181818 0.14772727272727273 0.03579545454545455 0.08181818181818182