2 0.08693181818181818 0.6403409090909091 0.17329545454545456 0.6085227272727273
2 0.2806818181818182 0.5568181818181818 0.22443181818181818 0.5193181818181818
2 0.26420454545454547 0.13352272727272727 0.12727272727272726 0.18636363636363637
2 0.48920454545454545 0.10113636363636364 0.10340909090909091 0.20227272727272727
3 0.8392045454545455 0.7068181818181818 0.07670454545454546 0.225
3 0.39204545454545453 0.13068181818181818 0.03806818181818182 0.11931818181818182
3 0.4238636363636364 0.04147727272727273 0.028977272727272727 0.075
3 0.4431818181818182 0.865909090909091 0.07670454545454546 0.2375
3 0.6590909090909091 0.4323863636363636 0.048295454545454544 0.15965909090909092
3 0.6795454545454546 0.09943181818181818 0.035227272727272725 0.09886363636363636
3 0.5426136363636364 0.028977272727272727 0.019318181818181818 0.05795454545454545
3 0.5875 0.10397727272727272 0.026704545454545453 0.09431818181818181
3 0.6147727272727272 0.8272727272727273 0.09659090909090909 0.27386363636363636
3 0.6125 0.33181818181818185 0.04375 0.13068181818181818
3 0.647159090909091 0.03409090909090909 0.024431818181818183 0.06818181818181818
3 0.8857954545454545 0.35397727272727275 0.02727272727272727 0.1471590909090909