2 0.3795454545454545 0.6119318181818182 0.23125 0.5681818181818182
3 0.8880681818181818 0.540340909090909 0.06818181818181818 0.20852272727272728
2 0.3465909090909091 0.27443181818181817 0.15170454545454545 0.33181818181818185
2 0.15738636363636363 0.4056818181818182 0.18693181818181817 0.3471590909090909
3 0.8369318181818182 0.7443181818181818 0.07670454545454546 0.22215909090909092
3 0.5505681818181818 0.07897727272727273 0.026704545454545453 0.08352272727272728
3 0.37329545454545454 0.04943181818181818 0.02727272727272727 0.08181818181818182
3 0.7488636363636364 0.36363636363636365 0.03977272727272727 0.15
3 0.5267045454545455 0.20738636363636365 0.03920454545454546 0.13465909090909092
3 0.6494318181818182 0.8869318181818182 0.07954545454545454 0.22102272727272726
3 0.6880681818181819 0.18352272727272728 0.028977272727272727 0.09147727272727273
3 0.5573863636363636 0.7943181818181818 0.07897727272727273 0.2
2 0.23295454545454544 0.20113636363636364 0.13068181818181818 0.225
3 0.5471590909090909 0.5255681818181818 0.06931818181818182 0.16818181818181818
3 0.5005681818181819 0.4511363636363636 0.045454545454545456 0.175
2 0.6693181818181818 0.38522727272727275 0.15795454545454546 0.3210227272727273
3 0.7306818181818182 0.7102272727272727 0.07443181818181818 0.22102272727272726
2 0.6142045454545455 0.1 0.10170454545454545 0.2
3 0.58125 0.29318181818181815 0.04375 0.15568181818181817
3 0.8096590909090909 0.9340909090909091 0.07556818181818181 0.1318181818181818
3 0.80625 0.5744318181818182 0.06875 0.16818181818181818
3 0.5005681818181819 0.9664772727272727 0.09829545454545455 0.06647727272727273
2 0.43068181818181817 0.10397727272727272 0.1125 0.2028409090909091
3 0.5488636363636363 0.3619318181818182 0.04772727272727273 0.11818181818181818
3 0.7267045454545454 0.946590909090909 0.09147727272727273 0.10681818181818181
2 0.26193181818181815 0.06818181818181818 0.09318181818181819 0.13636363636363635
3 0.7136363636363636 0.25738636363636364 0.03068181818181818 0.0875
3 0.3443181818181818 0.07840909090909091 0.03579545454545455 0.0875
3 0.4732954545454545 0.35568181818181815 0.04431818181818182 0.16363636363636364
3 0.5931818181818181 0.946590909090909 0.07556818181818181 0.10681818181818181