3 0.8352272727272727 0.3528409090909091 0.03920454545454546 0.14431818181818182
3 0.928409090909091 0.5590909090909091 0.10852272727272727 0.1903409090909091
2 0.10454545454545454 0.4556818181818182 0.20454545454545456 0.3443181818181818
3 0.22613636363636364 0.9028409090909091 0.13068181818181818 0.1943181818181818
3 0.6301136363636364 0.9056818181818181 0.09431818181818181 0.18636363636363637
3 0.9392045454545455 0.884090909090909 0.09772727272727273 0.22386363636363638
3 0.725 0.4340909090909091 0.05625 0.16818181818181818
3 0.46193181818181817 0.8227272727272728 0.07670454545454546 0.19602272727272727
2 0.6227272727272727 0.4369318181818182 0.19204545454545455 0.4346590909090909
3 0.5073863636363637 0.3744318181818182 0.05056818181818182 0.15113636363636362
2 0.20909090909090908 0.1590909090909091 0.15454545454545454 0.3181818181818182
3 0.7619318181818182 0.7164772727272727 0.075 0.19147727272727272
3 0.5619318181818181 0.8056818181818182 0.08693181818181818 0.2556818181818182
3 0.8420454545454545 0.9539772727272727 0.08068181818181819 0.09147727272727273
2 0.3573863636363636 0.3806818181818182 0.2431818181818182 0.5863636363636363
2 0.03920454545454546 0.8403409090909091 0.07840909090909091 0.3164772727272727
3 0.49318181818181817 0.1431818181818182 0.03068181818181818 0.10852272727272727
3 0.8727272727272727 0.7289772727272728 0.0659090909090909 0.1806818181818182
3 0.7863636363636364 0.6056818181818182 0.07102272727272728 0.22215909090909092
3 0.7363636363636363 0.9056818181818181 0.07727272727272727 0.18863636363636363
3 0.6909090909090909 0.2505681818181818 0.04602272727272727 0.16818181818181818
3 0.4738636363636364 0.9698863636363636 0.10227272727272728 0.05965909090909091
3 0.16590909090909092 0.9494318181818182 0.08693181818181818 0.09886363636363636
2 0.5755681818181818 0.19090909090909092 0.11818181818181818 0.22386363636363638
2 0.55625 0.08863636363636364 0.0875 0.17727272727272728
2 0.4193181818181818 0.04659090909090909 0.09318181818181819 0.09318181818181819