2 0.6619318181818182 0.6068181818181818 0.2255681818181818 0.5386363636363637
2 0.10965909090909091 0.4994318181818182 0.21931818181818183 0.5289772727272727
3 0.14659090909090908 0.9119318181818182 0.10625 0.17613636363636365
3 0.4369318181818182 0.5039772727272728 0.05795454545454545 0.2028409090909091
3 0.4414772727272727 0.19943181818181818 0.04375 0.12613636363636363
2 0.6142045454545455 0.10568181818181818 0.10568181818181818 0.21136363636363636
3 0.35397727272727275 0.3880681818181818 0.05454545454545454 0.16818181818181818
3 0.5318181818181819 0.03238636363636364 0.03409090909090909 0.06477272727272727
3 0.37329545454545454 0.12443181818181819 0.03806818181818182 0.10965909090909091
3 0.5056818181818182 0.3096590909090909 0.042045454545454546 0.15
2 0.28125 0.09147727272727273 0.11022727272727273 0.18295454545454545
3 0.3431818181818182 0.024431818181818183 0.023295454545454546 0.048863636363636366
2 0.4465909090909091 0.05568181818181818 0.0875 0.11136363636363636
3 0.4738636363636364 0.96875 0.09602272727272727 0.0625