2 0.32897727272727273 0.8119318181818181 0.25795454545454544 0.37386363636363634
2 0.3181818181818182 0.4414772727272727 0.1875 0.425
2 0.11193181818181819 0.36818181818181817 0.20795454545454545 0.45284090909090907
2 0.39545454545454545 0.19943181818181818 0.12556818181818183 0.2539772727272727
2 0.5676136363636364 0.32272727272727275 0.16022727272727272 0.29318181818181815
3 0.6255681818181819 0.8818181818181818 0.07556818181818181 0.23068181818181818
2 0.25738636363636364 0.075 0.11477272727272728 0.15
3 0.740909090909091 0.5727272727272728 0.061931818181818185 0.1846590909090909
3 0.2875 0.24147727272727273 0.03920454545454546 0.11136363636363636
2 0.45 0.04147727272727273 0.08636363636363636 0.08295454545454546
2 0.5886363636363636 0.07613636363636364 0.09772727272727273 0.15227272727272728