2 0.0971590909090909 0.7852272727272728 0.1943181818181818 0.4238636363636364
3 0.2943181818181818 0.48977272727272725 0.06079545454545455 0.1903409090909091
3 0.3255681818181818 0.2340909090909091 0.04375 0.14602272727272728
2 0.17613636363636365 0.3744318181818182 0.17102272727272727 0.32897727272727273
2 0.2346590909090909 0.18352272727272728 0.11931818181818182 0.2278409090909091
2 0.45454545454545453 0.2715909090909091 0.20681818181818182 0.4596590909090909
2 0.6142045454545455 0.18693181818181817 0.13125 0.2346590909090909
3 0.15056818181818182 0.04147727272727273 0.03068181818181818 0.08068181818181819
3 0.03068181818181818 0.1630681818181818 0.036931818181818184 0.08181818181818182
2 0.2534090909090909 0.060227272727272727 0.12272727272727273 0.12045454545454545
3 0.12272727272727273 0.022727272727272728 0.025 0.045454545454545456
3 0.6664772727272728 0.10625 0.05795454545454545 0.1625
3 0.6511363636363636 0.038636363636363635 0.03636363636363636 0.07727272727272727
2 0.42215909090909093 0.12443181818181819 0.1318181818181818 0.24886363636363637
3 0.18806818181818183 0.010227272727272727 0.017045454545454544 0.020454545454545454
3 0.06931818181818182 0.03806818181818182 0.0375 0.07386363636363637