2 0.38125 0.7835227272727273 0.25 0.4278409090909091
3 0.47954545454545455 0.5835227272727272 0.060227272727272727 0.13352272727272727
3 0.6556818181818181 0.4869318181818182 0.05 0.16818181818181818
2 0.12215909090909091 0.4335227272727273 0.19772727272727272 0.3971590909090909
3 0.6846590909090909 0.8653409090909091 0.08977272727272727 0.26931818181818185
3 0.5994318181818182 0.5590909090909091 0.05056818181818182 0.1903409090909091
3 0.5607954545454545 0.8335227272727272 0.08806818181818182 0.21363636363636362
2 0.44545454545454544 0.2636363636363636 0.14659090909090908 0.3386363636363636
3 0.7698863636363636 0.4960227272727273 0.060227272727272727 0.16363636363636364
3 0.08636363636363636 0.2721590909090909 0.04147727272727273 0.1028409090909091
3 0.33181818181818185 0.33693181818181817 0.03068181818181818 0.12897727272727272
3 0.18693181818181817 0.8744318181818181 0.08352272727272728 0.1653409090909091
2 0.6818181818181818 0.2715909090909091 0.15056818181818182 0.30113636363636365
3 0.11193181818181819 0.8255681818181818 0.07443181818181818 0.2431818181818182
2 0.051704545454545454 0.05909090909090909 0.10340909090909091 0.11818181818181818
3 0.7284090909090909 0.6994318181818182 0.04431818181818182 0.15113636363636362
3 0.35511363636363635 0.2818181818181818 0.02727272727272727 0.13068181818181818
3 0.26193181818181815 0.4994318181818182 0.05795454545454545 0.14886363636363636
3 0.8119318181818181 0.6306818181818182 0.06704545454545455 0.19147727272727272
2 0.18863636363636363 0.1715909090909091 0.1693181818181818 0.3431818181818182
3 0.26079545454545455 0.7369318181818182 0.06079545454545455 0.2125
3 0.4011363636363636 0.5335227272727273 0.07102272727272728 0.07215909090909091
3 0.8607954545454546 0.9505681818181818 0.09943181818181818 0.09602272727272727
3 0.5329545454545455 0.21534090909090908 0.03068181818181818 0.11647727272727272
3 0.05795454545454545 0.9681818181818181 0.10795454545454546 0.06363636363636363
3 0.30568181818181817 0.18977272727272726 0.025 0.10113636363636364
3 0.2948863636363636 0.4284090909090909 0.035227272727272725 0.17613636363636365
3 0.1943181818181818 0.5931818181818181 0.075 0.14431818181818182
3 0.9414772727272728 0.8073863636363636 0.09090909090909091 0.15113636363636362
3 0.9818181818181818 0.6619318181818182 0.03579545454545455 0.15397727272727274
3 0.9545454545454546 0.9448863636363637 0.09090909090909091 0.10965909090909091
3 0.5857954545454546 0.9090909090909091 0.08181818181818182 0.18181818181818182
3 0.29261363636363635 0.26022727272727275 0.03977272727272727 0.08181818181818182
3 0.5568181818181818 0.5431818181818182 0.05454545454545454 0.15852272727272726