2 0.37329545454545454 0.5431818181818182 0.18920454545454546 0.4056818181818182
2 0.6369318181818182 0.7664772727272727 0.22954545454545455 0.4636363636363636
3 0.7022727272727273 0.4943181818181818 0.0625 0.2028409090909091
3 0.8329545454545455 0.9289772727272727 0.10852272727272727 0.14147727272727273
3 0.5943181818181819 0.06818181818181818 0.031818181818181815 0.08636363636363636
3 0.5454545454545454 0.09318181818181819 0.028977272727272727 0.09431818181818181
3 0.5113636363636364 0.025 0.024431818181818183 0.05
3 0.8068181818181818 0.6244318181818181 0.08920454545454545 0.22102272727272726
3 0.15681818181818183 0.7340909090909091 0.07897727272727273 0.22386363636363638
3 0.6431818181818182 0.23522727272727273 0.042045454545454546 0.1431818181818182
2 0.07329545454545454 0.5789772727272727 0.14659090909090908 0.5028409090909091
3 0.48806818181818185 0.7085227272727272 0.08125 0.24147727272727273
3 0.5806818181818182 0.5028409090909091 0.07670454545454546 0.2
3 0.20625 0.5727272727272728 0.075 0.1846590909090909
3 0.27045454545454545 0.2431818181818182 0.04090909090909091 0.12215909090909091
3 0.7534090909090909 0.4465909090909091 0.05227272727272727 0.16818181818181818
3 0.6744318181818182 0.3477272727272727 0.051704545454545454 0.12102272727272727
2 0.4869318181818182 0.30568181818181817 0.1431818181818182 0.30568181818181817
2 0.15 0.2806818181818182 0.15625 0.31136363636363634
3 0.1784090909090909 0.45340909090909093 0.042045454545454546 0.14886363636363636
2 0.3619318181818182 0.1903409090909091 0.12443181818181819 0.21931818181818183
3 0.5994318181818182 0.3221590909090909 0.05 0.16136363636363638
3 0.5295454545454545 0.11647727272727272 0.033522727272727273 0.08352272727272728
2 0.2761363636363636 0.060227272727272727 0.1 0.12045454545454545
3 0.9761363636363637 0.9568181818181818 0.04602272727272727 0.08352272727272728
3 0.44772727272727275 0.11931818181818182 0.04659090909090909 0.1028409090909091
3 0.6136363636363636 0.016477272727272726 0.020454545454545454 0.03295454545454545