3 0.8369318181818182 0.28238636363636366 0.051704545454545454 0.1375
3 0.24545454545454545 0.5039772727272728 0.05795454545454545 0.18863636363636363
2 0.5744318181818182 0.2806818181818182 0.15454545454545454 0.39147727272727273
2 0.10340909090909091 0.4681818181818182 0.20454545454545456 0.39431818181818185
2 0.40511363636363634 0.3034090909090909 0.14602272727272728 0.27386363636363636
3 0.08522727272727272 0.8931818181818182 0.07840909090909091 0.21136363636363636
2 0.3482954545454545 0.5914772727272727 0.18977272727272726 0.3835227272727273
3 0.6142045454545455 0.6977272727272728 0.08125 0.17102272727272727
3 0.18693181818181817 0.8039772727272727 0.07670454545454546 0.21931818181818183
3 0.9369318181818181 0.9494318181818182 0.09204545454545454 0.10113636363636364
3 0.30568181818181817 0.26022727272727275 0.031818181818181815 0.1375
3 0.5375 0.8681818181818182 0.08125 0.2556818181818182
3 0.675 0.9 0.07329545454545454 0.2
3 0.7806818181818181 0.7977272727272727 0.07443181818181818 0.20397727272727273
3 0.48295454545454547 0.06306818181818181 0.02727272727272727 0.07613636363636364
3 0.9681818181818181 0.740909090909091 0.0625 0.19886363636363635
3 0.2676136363636364 0.9318181818181818 0.08522727272727272 0.13352272727272727
2 0.4068181818181818 0.1375 0.11079545454545454 0.175
2 0.19602272727272727 0.22102272727272726 0.14204545454545456 0.2721590909090909
3 0.6022727272727273 0.9602272727272727 0.1 0.07897727272727273
3 0.41306818181818183 0.9414772727272728 0.14204545454545456 0.11647727272727272
3 0.8204545454545454 0.9715909090909091 0.10170454545454545 0.056818181818181816
2 0.5267045454545455 0.10909090909090909 0.08579545454545455 0.2096590909090909
2 0.24261363636363636 0.08522727272727272 0.10568181818181818 0.17045454545454544
2 0.4153409090909091 0.044886363636363634 0.09886363636363636 0.08977272727272727
3 0.3386363636363636 0.061931818181818185 0.02727272727272727 0.0875
3 0.6 0.8289772727272727 0.05 0.14431818181818182
3 0.13920454545454544 0.6880681818181819 0.05625 0.19318181818181818