2 0.07102272727272728 0.7460227272727272 0.14204545454545456 0.5
3 0.07613636363636364 0.3653409090909091 0.05397727272727273 0.15568181818181817
2 0.20852272727272728 0.21534090909090908 0.15 0.3164772727272727
3 0.696590909090909 0.2255681818181818 0.03409090909090909 0.12897727272727272
3 0.5039772727272728 0.035227272727272725 0.02159090909090909 0.07045454545454545
3 0.42613636363636365 0.09147727272727273 0.04147727272727273 0.11647727272727272
2 0.3181818181818182 0.06363636363636363 0.1 0.12727272727272726
3 0.6517045454545455 0.4369318181818182 0.05795454545454545 0.19602272727272727
3 0.7147727272727272 0.6528409090909091 0.07329545454545454 0.23352272727272727
3 0.5465909090909091 0.4414772727272727 0.05 0.18352272727272728
3 0.45340909090909093 0.36818181818181817 0.04431818181818182 0.15568181818181817
2 0.9369318181818181 0.6431818181818182 0.12556818181818183 0.28863636363636364
3 0.6125 0.8727272727272727 0.075 0.2539772727272727
3 0.7704545454545455 0.06988636363636364 0.025 0.13465909090909092