2 0.10170454545454545 0.5085227272727273 0.2034090909090909 0.4738636363636364
2 0.2590909090909091 0.6556818181818181 0.21875 0.5335227272727273
3 0.9443181818181818 0.5227272727272727 0.11079545454545454 0.17613636363636365
3 0.6875 0.7869318181818182 0.075 0.26534090909090907
3 0.7664772727272727 0.93125 0.09090909090909091 0.1375
3 0.959659090909091 0.9102272727272728 0.08068181818181819 0.17897727272727273
3 0.7181818181818181 0.5460227272727273 0.05795454545454545 0.2
3 0.29147727272727275 0.2005681818181818 0.04375 0.12102272727272727
3 0.42556818181818185 0.7431818181818182 0.05795454545454545 0.2278409090909091
3 0.8238636363636364 0.602840909090909 0.06477272727272727 0.18352272727272728
3 0.5420454545454545 0.6460227272727272 0.05795454545454545 0.16647727272727272
2 0.39431818181818185 0.3522727272727273 0.1630681818181818 0.3875
3 0.6551136363636364 0.6119318181818182 0.05227272727272727 0.1653409090909091
3 0.5295454545454545 0.4630681818181818 0.05454545454545454 0.1653409090909091
3 0.5954545454545455 0.5159090909090909 0.04375 0.14886363636363636
3 0.5909090909090909 0.8153409090909091 0.08977272727272727 0.1943181818181818
3 0.7380681818181818 0.3494318181818182 0.04375 0.14886363636363636
3 0.9164772727272728 0.7244318181818182 0.07954545454545454 0.17613636363636365
3 0.4784090909090909 0.8244318181818182 0.07272727272727272 0.16818181818181818
3 0.8130681818181819 0.8039772727272727 0.0625 0.20852272727272728
3 0.5295454545454545 0.21306818181818182 0.02727272727272727 0.1318181818181818
2 0.18977272727272726 0.22897727272727272 0.14829545454545454 0.2943181818181818
3 0.6130681818181818 0.9727272727272728 0.10568181818181818 0.05397727272727273
3 0.3346590909090909 0.9681818181818181 0.07272727272727272 0.06363636363636363
2 0.3710227272727273 0.1846590909090909 0.12954545454545455 0.2636363636363636
3 0.5772727272727273 0.24034090909090908 0.028409090909090908 0.09431818181818181
3 0.7880681818181818 0.4505681818181818 0.056818181818181816 0.15397727272727274
2 0.5244318181818182 0.09375 0.09204545454545454 0.1875
3 0.4818181818181818 0.9323863636363636 0.07556818181818181 0.13465909090909092
2 0.08011363636363636 0.03238636363636364 0.13522727272727272 0.06477272727272727