2 0.6255681818181819 0.6994318181818182 0.21931818181818183 0.49886363636363634
2 0.3698863636363636 0.3528409090909091 0.16647727272727272 0.3613636363636364
2 0.11022727272727273 0.4772727272727273 0.22045454545454546 0.4318181818181818
2 0.2505681818181818 0.8715909090909091 0.2772727272727273 0.2539772727272727
2 0.20681818181818182 0.16647727272727272 0.12954545454545455 0.2585227272727273
3 0.7602272727272728 0.16818181818181818 0.08125 0.10568181818181818
3 0.03579545454545455 0.061931818181818185 0.029545454545454545 0.10113636363636364
3 0.709659090909091 0.43863636363636366 0.05397727272727273 0.18636363636363637
2 0.2988636363636364 0.044886363636363634 0.08863636363636364 0.08977272727272727
2 0.5619318181818181 0.0625 0.09829545454545455 0.125
3 0.6431818181818182 0.07443181818181818 0.02556818181818182 0.09602272727272727
2 0.43522727272727274 0.0375 0.07045454545454545 0.075
3 0.522159090909091 0.3977272727272727 0.04772727272727273 0.15681818181818183