3 0.35795454545454547 0.08863636363636364 0.028409090909090908 0.1
3 0.71875 0.3380681818181818 0.05625 0.1653409090909091
3 0.18806818181818183 0.665340909090909 0.07045454545454545 0.2556818181818182
3 0.24431818181818182 0.5102272727272728 0.060227272727272727 0.1875
2 0.31875 0.8806818181818182 0.26079545454545455 0.23352272727272727
2 0.08295454545454546 0.5869318181818182 0.16590909090909092 0.42102272727272727
3 0.7909090909090909 0.6931818181818182 0.0659090909090909 0.18863636363636363
3 0.014204545454545454 0.035227272727272725 0.028409090909090908 0.07045454545454545
3 0.13693181818181818 0.9090909090909091 0.09943181818181818 0.18181818181818182
3 0.7931818181818182 0.9630681818181818 0.10056818181818182 0.07102272727272728
2 0.1409090909090909 0.2869318181818182 0.1744318181818182 0.3125
2 0.3625 0.5528409090909091 0.20170454545454544 0.48068181818181815
3 0.7789772727272727 0.46193181818181817 0.06420454545454546 0.1431818181818182
3 0.6630681818181818 0.10568181818181818 0.033522727272727273 0.13068181818181818
2 0.4096590909090909 0.2369318181818182 0.13693181818181818 0.27897727272727274
2 0.59375 0.10397727272727272 0.10795454545454546 0.20795454545454545
2 0.5295454545454545 0.05284090909090909 0.06477272727272727 0.10568181818181818
2 0.43125 0.10681818181818181 0.09829545454545455 0.18863636363636363
2 0.26875 0.08068181818181819 0.10454545454545454 0.16136363636363638
3 0.3255681818181818 0.17272727272727273 0.02556818181818182 0.10397727272727272
3 0.017613636363636363 0.8909090909090909 0.035227272727272725 0.2125
3 0.2818181818181818 0.3431818181818182 0.05625 0.15568181818181817
3 0.3255681818181818 0.03238636363636364 0.03295454545454545 0.06477272727272727
3 0.30170454545454545 0.2369318181818182 0.035227272727272725 0.0875