2 0.615909090909091 0.7619318181818182 0.29829545454545453 0.4681818181818182
3 0.7318181818181818 0.07897727272727273 0.029545454545454545 0.09147727272727273
2 0.08409090909090909 0.4715909090909091 0.16818181818181818 0.4318181818181818
3 0.12670454545454546 0.8693181818181818 0.08125 0.2556818181818182
2 0.4005681818181818 0.2943181818181818 0.14829545454545454 0.31363636363636366
3 0.8289772727272727 0.2755681818181818 0.04090909090909091 0.12102272727272727
3 0.9125 0.7352272727272727 0.075 0.20681818181818182
3 0.9693181818181819 0.9414772727272728 0.06079545454545455 0.11647727272727272
2 0.18295454545454545 0.2539772727272727 0.13693181818181818 0.2471590909090909
3 0.7886363636363637 0.9306818181818182 0.07102272727272728 0.13636363636363635
3 0.8363636363636363 0.8306818181818182 0.060227272727272727 0.23352272727272727
2 0.4005681818181818 0.13693181818181818 0.11931818181818182 0.2375
3 0.8431818181818181 0.4556818181818182 0.05568181818181818 0.14431818181818182
3 0.26022727272727275 0.31022727272727274 0.042045454545454546 0.07102272727272728
2 0.28863636363636364 0.6727272727272727 0.2943181818181818 0.6460227272727272
3 0.89375 0.9590909090909091 0.09545454545454546 0.08181818181818182
3 0.29545454545454547 0.2505681818181818 0.0375 0.11534090909090909
3 0.48068181818181815 0.15284090909090908 0.03068181818181818 0.09431818181818181
2 0.6579545454545455 0.14147727272727273 0.1159090909090909 0.275
2 0.6017045454545454 0.37272727272727274 0.18522727272727274 0.4125
3 0.7545454545454545 0.696590909090909 0.07272727272727272 0.17613636363636365
2 0.2636363636363636 0.08863636363636364 0.10909090909090909 0.17727272727272728
3 0.8255681818181818 0.5965909090909091 0.06306818181818181 0.16818181818181818
2 0.5261363636363636 0.06988636363636364 0.08636363636363636 0.13977272727272727
3 0.4875 0.2539772727272727 0.01875 0.14431818181818182
3 0.6 0.035227272727272725 0.020454545454545454 0.07045454545454545
3 0.5005681818181819 0.3568181818181818 0.031818181818181815 0.13068181818181818