2 0.08068181818181819 0.5193181818181818 0.16079545454545455 0.46136363636363636
2 0.2767045454545455 0.4715909090909091 0.2056818181818182 0.47102272727272726
2 0.5727272727272728 0.39943181818181817 0.15454545454545454 0.33181818181818185
2 0.1875 0.18409090909090908 0.14204545454545456 0.25113636363636366
3 0.36477272727272725 0.040340909090909094 0.029545454545454545 0.06931818181818182
3 0.6284090909090909 0.19602272727272727 0.029545454545454545 0.11363636363636363
3 0.3 0.20397727272727273 0.042045454545454546 0.06931818181818182
3 0.4340909090909091 0.45227272727272727 0.048295454545454544 0.17386363636363636
2 0.43011363636363636 0.08068181818181819 0.09772727272727273 0.16136363636363638
3 0.1875 0.9414772727272728 0.10625 0.11647727272727272
3 0.6670454545454545 0.1431818181818182 0.028409090909090908 0.09147727272727273
2 0.2806818181818182 0.05284090909090909 0.09204545454545454 0.10568181818181818
3 0.33238636363636365 0.016477272727272726 0.014772727272727272 0.03295454545454545