3 0.7426136363636363 0.40397727272727274 0.04772727272727273 0.16363636363636364
3 0.6232954545454545 0.6085227272727273 0.0659090909090909 0.2028409090909091
3 0.07670454545454546 0.05909090909090909 0.03579545454545455 0.09602272727272727
2 0.275 0.4681818181818182 0.19375 0.48068181818181815
3 0.6755681818181818 0.20397727272727273 0.02727272727272727 0.11136363636363636
3 0.5261363636363636 0.6323863636363637 0.061931818181818185 0.2096590909090909
3 0.47613636363636364 0.44943181818181815 0.04772727272727273 0.1846590909090909
3 0.4284090909090909 0.2943181818181818 0.04602272727272727 0.13636363636363635
3 0.47954545454545455 0.21022727272727273 0.03125 0.11818181818181818
3 0.44545454545454544 0.10965909090909091 0.03068181818181818 0.1028409090909091
2 0.13068181818181818 0.3528409090909091 0.18295454545454545 0.2863636363636364
3 0.41647727272727275 0.17897727272727273 0.03295454545454545 0.0971590909090909
3 0.4329545454545455 0.759090909090909 0.08920454545454545 0.24034090909090908
3 0.4323863636363636 0.522159090909091 0.060227272727272727 0.15
3 0.625 0.9602272727272727 0.11079545454545454 0.07897727272727273
2 0.5931818181818181 0.18863636363636363 0.1380681818181818 0.375
3 0.1806818181818182 0.18238636363636362 0.03806818181818182 0.05965909090909091
3 0.38295454545454544 0.1431818181818182 0.028977272727272727 0.10568181818181818
3 0.024431818181818183 0.01534090909090909 0.02556818181818182 0.03068181818181818
3 0.36704545454545456 0.2681818181818182 0.022727272727272728 0.08863636363636364
3 0.2409090909090909 0.18522727272727274 0.028977272727272727 0.09318181818181819
3 0.32045454545454544 0.1318181818181818 0.026704545454545453 0.09431818181818181