2 0.2863636363636364 0.6840909090909091 0.23352272727272727 0.5789772727272727
2 0.04431818181818182 0.7551136363636364 0.08863636363636364 0.4556818181818182
3 0.47556818181818183 0.04659090909090909 0.031818181818181815 0.0875
3 0.7414772727272727 0.5869318181818182 0.048295454545454544 0.1846590909090909
3 0.5079545454545454 0.7994318181818182 0.08181818181818182 0.27386363636363636
3 0.3659090909090909 0.2806818181818182 0.04147727272727273 0.14147727272727273
3 0.29772727272727273 0.02159090909090909 0.028409090909090908 0.04318181818181818
3 0.5795454545454546 0.03125 0.026704545454545453 0.0625
3 0.5409090909090909 0.4744318181818182 0.051704545454545454 0.1875
3 0.24829545454545454 0.40738636363636366 0.05568181818181818 0.12386363636363637
3 0.6090909090909091 0.16193181818181818 0.029545454545454545 0.10113636363636364
3 0.4068181818181818 0.19943181818181818 0.036931818181818184 0.12613636363636363
3 0.36022727272727273 0.1431818181818182 0.04659090909090909 0.1
3 0.45852272727272725 0.6130681818181818 0.0715909090909091 0.21818181818181817
3 0.4244318181818182 0.4056818181818182 0.04431818181818182 0.15284090909090908
3 0.45340909090909093 0.24147727272727273 0.04318181818181818 0.14431818181818182
3 0.2471590909090909 0.03409090909090909 0.03977272727272727 0.06818181818181818
3 0.8306818181818182 0.9477272727272728 0.08181818181818182 0.10397727272727272
3 0.12386363636363637 0.0125 0.021022727272727273 0.025
2 0.19318181818181818 0.1806818181818182 0.1431818181818182 0.26931818181818185
3 0.51875 0.17556818181818182 0.04375 0.13465909090909092
3 0.36818181818181817 0.21931818181818183 0.042045454545454546 0.15
3 0.5619318181818181 0.32272727272727275 0.03920454545454546 0.15397727272727274
2 0.3965909090909091 0.05397727272727273 0.08409090909090909 0.10795454545454546
3 0.5079545454545454 0.022727272727272728 0.020454545454545454 0.045454545454545456