3 0.9221590909090909 0.6272727272727273 0.12102272727272727 0.20113636363636364
3 0.3693181818181818 0.4943181818181818 0.061931818181818185 0.21647727272727274
2 0.21875 0.24431818181818182 0.14375 0.28352272727272726
3 0.7363636363636363 0.46647727272727274 0.05568181818181818 0.18863636363636363
3 0.35568181818181815 0.19943181818181818 0.03920454545454546 0.11534090909090909
3 0.4744318181818182 0.6806818181818182 0.08579545454545455 0.20852272727272728
2 0.4642045454545455 0.2369318181818182 0.12727272727272726 0.3096590909090909
3 0.6454545454545455 0.8505681818181818 0.075 0.2375
3 0.6846590909090909 0.2409090909090909 0.036931818181818184 0.1375
3 0.32045454545454544 0.11306818181818182 0.031818181818181815 0.10397727272727272
3 0.5130681818181818 0.8715909090909091 0.08068181818181819 0.24886363636363637
3 0.6204545454545455 0.3380681818181818 0.045454545454545456 0.15681818181818183
3 0.8551136363636364 0.44772727272727275 0.11193181818181819 0.15397727272727274
3 0.5392045454545454 0.13068181818181818 0.03068181818181818 0.12215909090909091
3 0.5732954545454545 0.21534090909090908 0.03068181818181818 0.11931818181818182
3 0.03125 0.7522727272727273 0.0625 0.19886363636363635
3 0.6431818181818182 0.11363636363636363 0.028977272727272727 0.1
3 0.35454545454545455 0.05738636363636364 0.03068181818181818 0.10113636363636364
2 0.15056818181818182 0.7176136363636364 0.30113636363636365 0.5579545454545455
3 0.038636363636363635 0.01534090909090909 0.024431818181818183 0.03068181818181818
2 0.4471590909090909 0.04147727272727273 0.07613636363636364 0.08295454545454546
3 0.6130681818181818 0.16477272727272727 0.029545454545454545 0.07386363636363637