2 0.6693181818181818 0.5539772727272727 0.20681818181818182 0.4943181818181818
2 0.42613636363636365 0.45397727272727273 0.18522727272727274 0.46647727272727274
3 0.275 0.9369318181818181 0.10625 0.12386363636363637
3 0.2636363636363636 0.76875 0.08693181818181818 0.2125
3 0.740909090909091 0.27897727272727274 0.048295454545454544 0.13352272727272727
3 0.5443181818181818 0.3789772727272727 0.051704545454545454 0.1693181818181818
3 0.22272727272727272 0.6744318181818182 0.06420454545454546 0.2539772727272727
2 0.10568181818181818 0.4960227272727273 0.21079545454545454 0.4471590909090909
2 0.6431818181818182 0.21022727272727273 0.13068181818181818 0.2625
3 0.8710227272727272 0.9068181818181819 0.06420454545454546 0.1806818181818182
2 0.46079545454545456 0.21022727272727273 0.11306818181818182 0.27386363636363636
2 0.1744318181818182 0.19772727272727272 0.18693181818181817 0.3931818181818182
2 0.3130681818181818 0.2585227272727273 0.11704545454545455 0.23636363636363636
3 0.7954545454545454 0.5727272727272728 0.04147727272727273 0.15681818181818183
3 0.3880681818181818 0.1494318181818182 0.03977272727272727 0.12102272727272727
3 0.7636363636363637 0.4744318181818182 0.04772727272727273 0.15965909090909092
3 0.6107954545454546 0.03977272727272727 0.028977272727272727 0.07386363636363637
3 0.7630681818181818 0.14772727272727273 0.02727272727272727 0.07613636363636364
3 0.8380681818181818 0.7744318181818182 0.075 0.25113636363636366
3 0.6460227272727272 0.03977272727272727 0.03920454545454546 0.07613636363636364