3 0.6795454545454546 0.5119318181818182 0.05909090909090909 0.20113636363636364
3 0.6619318181818182 0.24431818181818182 0.03579545454545455 0.13863636363636364
3 0.6113636363636363 0.06931818181818182 0.028977272727272727 0.10568181818181818
3 0.2948863636363636 0.4068181818181818 0.060227272727272727 0.18352272727272728
3 0.3176136363636364 0.022727272727272728 0.026136363636363635 0.045454545454545456
3 0.5755681818181818 0.1278409090909091 0.03125 0.10852272727272727
3 0.13920454545454544 0.26647727272727273 0.04659090909090909 0.13068181818181818
3 0.5375 0.036931818181818184 0.01875 0.07386363636363637
3 0.19772727272727272 0.509090909090909 0.06079545454545455 0.1875
3 0.6431818181818182 0.036931818181818184 0.03068181818181818 0.07386363636363637
6 0.46079545454545456 0.18863636363636363 0.16079545454545455 0.375
3 0.05 0.10397727272727272 0.03579545454545455 0.11136363636363636
2 0.3880681818181818 0.04375 0.04772727272727273 0.0875