2 0.6039772727272728 0.5244318181818182 0.1965909090909091 0.4375
2 0.2943181818181818 0.7414772727272727 0.22954545454545455 0.5113636363636364
2 0.10397727272727272 0.45397727272727273 0.20795454545454545 0.3443181818181818
3 0.7681818181818182 0.5840909090909091 0.06704545454545455 0.2318181818181818
2 0.3693181818181818 0.3965909090909091 0.17670454545454545 0.3931818181818182
3 0.13636363636363635 0.01875 0.024431818181818183 0.0375
3 0.26193181818181815 0.3664772727272727 0.05795454545454545 0.15568181818181817
2 0.18579545454545454 0.20681818181818182 0.1340909090909091 0.20852272727272728
2 0.2545454545454545 0.08409090909090909 0.09829545454545455 0.16818181818181818
2 0.03579545454545455 0.8505681818181818 0.07102272727272728 0.29318181818181815
2 0.4119318181818182 0.1630681818181818 0.11931818181818182 0.21818181818181817
3 0.01875 0.038636363636363635 0.03068181818181818 0.07727272727272727