2 0.1380681818181818 0.48977272727272725 0.18977272727272726 0.39886363636363636
3 0.8255681818181818 0.24943181818181817 0.04943181818181818 0.15681818181818183
3 0.41306818181818183 0.8681818181818182 0.09943181818181818 0.26136363636363635
2 0.5568181818181818 0.5181818181818182 0.19375 0.39147727272727273
3 0.6073863636363637 0.8965909090909091 0.08693181818181818 0.20397727272727273
2 0.33579545454545456 0.4340909090909091 0.19545454545454546 0.4431818181818182
3 0.12272727272727273 0.8852272727272728 0.06875 0.22613636363636364
3 0.6829545454545455 0.5244318181818182 0.05 0.17897727272727273
3 0.8261363636363637 0.8119318181818181 0.07556818181818181 0.22386363636363638
3 0.9522727272727273 0.6698863636363637 0.0659090909090909 0.21534090909090908
3 0.78125 0.5909090909090909 0.06875 0.20113636363636364
2 0.6727272727272727 0.24147727272727273 0.1409090909090909 0.2778409090909091
3 0.22613636363636364 0.9039772727272727 0.13352272727272727 0.19147727272727272
2 0.5323863636363636 0.25738636363636364 0.1318181818181818 0.24886363636363637
3 0.48522727272727273 0.16363636363636364 0.028409090909090908 0.1
2 0.36477272727272725 0.18806818181818183 0.14375 0.2125
2 0.2119318181818182 0.2528409090909091 0.15568181818181817 0.31363636363636366
3 0.8909090909090909 0.7085227272727272 0.07556818181818181 0.16136363636363638
3 0.525 0.09318181818181819 0.0375 0.08068181818181819
2 0.4090909090909091 0.08522727272727272 0.10454545454545454 0.17045454545454544
3 0.5017045454545455 0.8943181818181818 0.08181818181818182 0.2056818181818182
3 0.026704545454545453 0.9227272727272727 0.053409090909090906 0.15397727272727274
3 0.8948863636363636 0.9335227272727272 0.07727272727272727 0.1278409090909091
3 0.7142045454545455 0.6590909090909091 0.06647727272727273 0.18181818181818182
3 0.6590909090909091 0.06534090909090909 0.03579545454545455 0.08352272727272728
3 0.7244318181818182 0.9068181818181819 0.06704545454545455 0.18352272727272728
3 0.5659090909090909 0.10909090909090909 0.024431818181818183 0.06534090909090909
2 0.23920454545454545 0.06534090909090909 0.11306818181818182 0.13068181818181818
3 0.4744318181818182 0.08693181818181818 0.019318181818181818 0.0903409090909091