2 0.39545454545454545 0.8244318181818182 0.2772727272727273 0.34602272727272726
3 0.24943181818181817 0.26022727272727275 0.048295454545454544 0.1375
3 0.16704545454545455 0.8823863636363637 0.09204545454545454 0.2346590909090909
3 0.5482954545454546 0.7335227272727273 0.08181818181818182 0.2528409090909091
3 0.5482954545454546 0.46647727272727274 0.060227272727272727 0.15284090909090908
3 0.15965909090909092 0.6528409090909091 0.08352272727272728 0.1721590909090909
2 0.6761363636363636 0.3119318181818182 0.17272727272727273 0.36818181818181817
3 0.3306818181818182 0.12102272727272727 0.03068181818181818 0.11363636363636363
3 0.5642045454545455 0.19943181818181818 0.033522727272727273 0.11818181818181818
3 0.5204545454545455 0.3255681818181818 0.03920454545454546 0.1375
3 0.02159090909090909 0.7977272727272727 0.04318181818181818 0.2318181818181818
3 0.6534090909090909 0.9136363636363637 0.06818181818181818 0.1721590909090909
3 0.5392045454545454 0.11647727272727272 0.025 0.09147727272727273
2 0.39204545454545453 0.16193181818181818 0.1215909090909091 0.27386363636363636
2 0.25795454545454544 0.08068181818181819 0.10681818181818181 0.16136363636363638
3 0.3744318181818182 0.5227272727272727 0.06420454545454546 0.18181818181818182
3 0.6210227272727272 0.04318181818181818 0.03125 0.07784090909090909