3 0.7829545454545455 0.42613636363636365 0.06704545454545455 0.18863636363636363
2 0.2630681818181818 0.834659090909091 0.2681818181818182 0.325
3 0.7380681818181818 0.7931818181818182 0.08920454545454545 0.275
3 0.05625 0.7744318181818182 0.06875 0.24886363636363637
3 0.43579545454545454 0.4715909090909091 0.060227272727272727 0.1875
3 0.1318181818181818 0.8477272727272728 0.10056818181818182 0.3039772727272727
3 0.18238636363636362 0.6096590909090909 0.06477272727272727 0.21136363636363636
3 0.6607954545454545 0.4818181818181818 0.0715909090909091 0.2
2 0.5568181818181818 0.5681818181818182 0.18806818181818183 0.4721590909090909
3 0.33125 0.5948863636363636 0.11875 0.15965909090909092
3 0.7130681818181818 0.5852272727272727 0.06931818181818182 0.18181818181818182
2 0.3125 0.3744318181818182 0.1625 0.3375
2 0.14545454545454545 0.3340909090909091 0.16420454545454546 0.3096590909090909
2 0.20738636363636365 0.18693181818181817 0.12443181818181819 0.21818181818181817
3 0.7005681818181818 0.17102272727272727 0.042045454545454546 0.11136363636363636
3 0.9204545454545454 0.95625 0.09204545454545454 0.0875
2 0.3795454545454545 0.10397727272727272 0.10568181818181818 0.2056818181818182
3 0.4994318181818182 0.2056818181818182 0.03920454545454546 0.13352272727272727
2 0.5857954545454546 0.22897727272727272 0.13352272727272727 0.21647727272727274
3 0.8857954545454545 0.7534090909090909 0.08579545454545455 0.1875
3 0.056818181818181816 0.9306818181818182 0.10454545454545454 0.13863636363636364
3 0.47613636363636364 0.32443181818181815 0.03977272727272727 0.10113636363636364
3 0.44488636363636364 0.2346590909090909 0.028977272727272727 0.11136363636363636
2 0.25795454545454544 0.08068181818181819 0.11022727272727273 0.16136363636363638
3 0.24375 0.5914772727272727 0.05625 0.16136363636363638