3 0.8909090909090909 0.9056818181818181 0.07897727272727273 0.18636363636363637
2 0.14488636363636365 0.27443181818181817 0.16818181818181818 0.3210227272727273
2 0.6 0.6744318181818182 0.23125 0.5710227272727273
2 0.36818181818181817 0.43522727272727274 0.17329545454545456 0.36818181818181817
2 0.0875 0.6511363636363636 0.175 0.5278409090909091
3 0.7346590909090909 0.5619318181818181 0.07556818181818181 0.22897727272727272
2 0.39488636363636365 0.2369318181818182 0.13977272727272727 0.2681818181818182
3 0.696590909090909 0.4335227272727273 0.05454545454545454 0.14147727272727273
3 0.8204545454545454 0.1806818181818182 0.06647727272727273 0.10852272727272727
2 0.2852272727272727 0.1028409090909091 0.1590909090909091 0.2056818181818182
3 0.8414772727272727 0.5255681818181818 0.05625 0.14602272727272728
2 0.5738636363636364 0.30227272727272725 0.14431818181818182 0.2903409090909091
2 0.43920454545454546 0.09659090909090909 0.09829545454545455 0.19318181818181818
3 0.8011363636363636 0.8806818181818182 0.06818181818181818 0.18352272727272728
3 0.7164772727272727 0.2869318181818182 0.03409090909090909 0.13465909090909092
3 0.6431818181818182 0.2715909090909091 0.03295454545454545 0.12897727272727272
3 0.6755681818181818 0.3380681818181818 0.03295454545454545 0.11818181818181818
3 0.7017045454545454 0.13693181818181818 0.03806818181818182 0.10965909090909091
3 0.8380681818181818 0.3477272727272727 0.05056818181818182 0.12613636363636363
3 0.16363636363636364 0.9130681818181818 0.07727272727272727 0.11818181818181818
3 0.8386363636363636 0.39147727272727273 0.04772727272727273 0.14147727272727273
3 0.8119318181818181 0.946590909090909 0.07954545454545454 0.10681818181818181
3 0.5068181818181818 0.05397727272727273 0.026704545454545453 0.1028409090909091
3 0.9698863636363636 0.9727272727272728 0.058522727272727275 0.05397727272727273