3 0.37386363636363634 0.8028409090909091 0.08977272727272727 0.21931818181818183
3 0.3664772727272727 0.21022727272727273 0.04375 0.11818181818181818
3 0.26420454545454547 0.7346590909090909 0.09090909090909091 0.2
3 0.17329545454545456 0.9198863636363637 0.10170454545454545 0.15965909090909092
3 0.017045454545454544 0.7528409090909091 0.03409090909090909 0.16136363636363638
3 0.5698863636363637 0.5897727272727272 0.06818181818181818 0.22102272727272726
2 0.4369318181818182 0.4011363636363636 0.16818181818181818 0.3471590909090909
3 0.6556818181818181 0.9340909090909091 0.09431818181818181 0.1318181818181818
3 0.31420454545454546 0.4636363636363636 0.045454545454545456 0.16363636363636364
3 0.39943181818181817 0.06931818181818182 0.019318181818181818 0.09147727272727273
2 0.0903409090909091 0.45852272727272725 0.1806818181818182 0.45284090909090907
3 0.2869318181818182 0.10568181818181818 0.03579545454545455 0.1
3 0.8573863636363637 0.8681818181818182 0.09602272727272727 0.2585227272727273
3 0.6306818181818182 0.7522727272727273 0.08068181818181819 0.22897727272727272
3 0.26193181818181815 0.9539772727272727 0.08181818181818182 0.09147727272727273
3 0.3698863636363636 0.9761363636363637 0.11306818181818182 0.04715909090909091
3 0.6267045454545455 0.2943181818181818 0.03579545454545455 0.14431818181818182
3 0.6704545454545454 0.6119318181818182 0.05454545454545454 0.2096590909090909
3 0.17897727272727273 0.6289772727272728 0.0715909090909091 0.15852272727272726
3 0.5642045454545455 0.41875 0.06079545454545455 0.1625
2 0.20852272727272728 0.23068181818181818 0.15 0.29147727272727275
2 0.4738636363636364 0.07897727272727273 0.09318181818181819 0.15795454545454546
3 0.8045454545454546 0.09318181818181819 0.07045454545454545 0.1
3 0.7954545454545454 0.6573863636363636 0.05795454545454545 0.19886363636363635
3 0.29715909090909093 0.26988636363636365 0.028977272727272727 0.12386363636363637
3 0.10909090909090909 0.7869318181818182 0.09829545454545455 0.3210227272727273
3 0.2943181818181818 0.5727272727272728 0.045454545454545456 0.14602272727272728
3 0.7755681818181818 0.9164772727272728 0.07670454545454546 0.16647727272727272
3 0.5954545454545455 0.38181818181818183 0.03295454545454545 0.14431818181818182
3 0.6534090909090909 0.4403409090909091 0.05568181818181818 0.13863636363636364
3 0.25795454545454544 0.38693181818181815 0.045454545454545456 0.11818181818181818
3 0.9079545454545455 0.7460227272727272 0.05625 0.2471590909090909
2 0.56875 0.07613636363636364 0.08977272727272727 0.15227272727272728
3 0.5079545454545454 0.9511363636363637 0.0875 0.0971590909090909
3 0.5102272727272728 0.7835227272727273 0.09545454545454546 0.22215909090909092
3 0.7136363636363636 0.32897727272727273 0.03806818181818182 0.11363636363636363
3 0.3068181818181818 0.06818181818181818 0.019318181818181818 0.075
3 0.5659090909090909 0.26534090909090907 0.03068181818181818 0.08068181818181819
2 0.44886363636363635 0.15397727272727274 0.13068181818181818 0.21136363636363636
3 0.7380681818181818 0.7556818181818182 0.06704545454545455 0.23863636363636365
3 0.2119318181818182 0.5244318181818182 0.04375 0.16818181818181818
3 0.10340909090909091 0.9568181818181818 0.08181818181818182 0.08352272727272728