3 0.4625 0.2005681818181818 0.04375 0.11818181818181818
2 0.09659090909090909 0.6079545454545454 0.19318181818181818 0.5409090909090909
3 0.14772727272727273 0.2369318181818182 0.045454545454545456 0.1403409090909091
3 0.21704545454545454 0.88125 0.08522727272727272 0.2375
3 0.5244318181818182 0.9318181818181818 0.09375 0.13352272727272727
3 0.37670454545454546 0.02784090909090909 0.028977272727272727 0.05568181818181818
3 0.3119318181818182 0.19318181818181818 0.029545454545454545 0.10568181818181818
3 0.12897727272727272 0.9681818181818181 0.1159090909090909 0.06363636363636363
3 0.709659090909091 0.28125 0.04602272727272727 0.1375
2 0.3875 0.59375 0.18579545454545454 0.3875
3 0.5051136363636364 0.035227272727272725 0.026136363636363635 0.07045454545454545
3 0.3119318181818182 0.03977272727272727 0.021022727272727273 0.07613636363636364
2 0.375 0.2431818181818182 0.1375 0.3221590909090909
3 0.01534090909090909 0.17102272727272727 0.03068181818181818 0.1
3 0.32670454545454547 0.10056818181818182 0.031818181818181815 0.06818181818181818
3 0.07727272727272727 0.29318181818181815 0.06875 0.13068181818181818
2 0.22329545454545455 0.2369318181818182 0.14204545454545456 0.29602272727272727
2 0.4380681818181818 0.0625 0.09204545454545454 0.125
3 0.2676136363636364 0.4994318181818182 0.06818181818181818 0.18181818181818182