2 0.3073863636363636 0.5681818181818182 0.18352272727272728 0.4193181818181818
2 0.09602272727272727 0.3664772727272727 0.19204545454545455 0.3693181818181818
3 0.7289772727272728 0.5119318181818182 0.051704545454545454 0.19602272727272727
3 0.11931818181818182 0.6806818181818182 0.08068181818181819 0.23068181818181818
3 0.2761363636363636 0.23806818181818182 0.04431818181818182 0.1318181818181818
3 0.4721590909090909 0.1403409090909091 0.03977272727272727 0.1278409090909091
3 0.6477272727272727 0.9028409090909091 0.06704545454545455 0.1943181818181818
3 0.35 0.1340909090909091 0.0375 0.12102272727272727
2 0.5789772727272727 0.17102272727272727 0.125 0.2528409090909091
3 0.23295454545454544 0.4284090909090909 0.05568181818181818 0.1625
2 0.4017045454545455 0.21022727272727273 0.12840909090909092 0.27102272727272725
3 0.7107954545454546 0.28806818181818183 0.036931818181818184 0.10681818181818181
3 0.013068181818181817 0.9 0.026136363636363635 0.19545454545454546
2 0.2806818181818182 0.05568181818181818 0.09204545454545454 0.11136363636363636
3 0.4914772727272727 0.9602272727272727 0.05909090909090909 0.07897727272727273
2 0.5659090909090909 0.02784090909090909 0.09318181818181819 0.05568181818181818
3 0.42329545454545453 0.04318181818181818 0.03295454545454545 0.06931818181818182