3 0.8039772727272727 0.46193181818181817 0.05909090909090909 0.18181818181818182
3 0.33579545454545456 0.7710227272727272 0.08068181818181819 0.2528409090909091
3 0.8539772727272728 0.7630681818181818 0.09829545454545455 0.2681818181818182
3 0.19204545454545455 0.8369318181818182 0.07102272727272728 0.22102272727272726
3 0.13522727272727272 0.6806818181818182 0.07045454545454545 0.21931818181818183
3 0.5073863636363637 0.8965909090909091 0.08352272727272728 0.20681818181818182
3 0.09147727272727273 0.9 0.08579545454545455 0.2
3 0.1943181818181818 0.5556818181818182 0.05454545454545454 0.17784090909090908
3 0.4056818181818182 0.8647727272727272 0.07954545454545454 0.2096590909090909
3 0.24829545454545454 0.6306818181818182 0.05625 0.15284090909090908
3 0.44488636363636364 0.6477272727272727 0.09772727272727273 0.19886363636363635
2 0.3704545454545455 0.38181818181818183 0.1784090909090909 0.41647727272727275
2 0.6818181818181818 0.6960227272727273 0.22443181818181818 0.5835227272727272
2 0.5994318181818182 0.3522727272727273 0.16079545454545455 0.3403409090909091
3 0.29318181818181815 0.2630681818181818 0.04147727272727273 0.12897727272727272
2 0.12215909090909091 0.3840909090909091 0.19318181818181818 0.3653409090909091
3 0.26704545454545453 0.8965909090909091 0.07556818181818181 0.20681818181818182
2 0.4244318181818182 0.14602272727272728 0.1318181818181818 0.29147727272727275
3 0.2539772727272727 0.3977272727272727 0.051704545454545454 0.1431818181818182
3 0.5267045454545455 0.24147727272727273 0.0375 0.13068181818181818
3 0.6943181818181818 0.2119318181818182 0.03806818181818182 0.12897727272727272
2 0.5982954545454545 0.11647727272727272 0.11022727272727273 0.21931818181818183
3 0.7596590909090909 0.5556818181818182 0.05227272727272727 0.16647727272727272
3 0.9744318181818182 0.6272727272727273 0.05056818181818182 0.20681818181818182
3 0.9306818181818182 0.9215909090909091 0.10681818181818181 0.15681818181818183
2 0.23125 0.1431818181818182 0.13125 0.21363636363636362
3 0.32443181818181815 0.19943181818181818 0.026704545454545453 0.09318181818181819
3 0.7613636363636364 0.9602272727272727 0.056818181818181816 0.07897727272727273
3 0.5045454545454545 0.10909090909090909 0.03409090909090909 0.1318181818181818