3 0.17897727272727273 0.6835227272727272 0.08295454545454546 0.20852272727272728
3 0.23068181818181818 0.5494318181818182 0.061931818181818185 0.2096590909090909
3 0.3125 0.2119318181818182 0.0375 0.12897727272727272
3 0.7443181818181818 0.28806818181818183 0.042045454545454546 0.16818181818181818
3 0.7886363636363637 0.5619318181818181 0.05227272727272727 0.19318181818181818
3 0.5585227272727272 0.32784090909090907 0.04090909090909091 0.1471590909090909
3 0.10056818181818182 0.8789772727272728 0.07045454545454545 0.23863636363636365
3 0.2545454545454545 0.3715909090909091 0.04602272727272727 0.14602272727272728
3 0.5113636363636364 0.4590909090909091 0.05568181818181818 0.13465909090909092
3 0.9727272727272728 0.4943181818181818 0.05454545454545454 0.13068181818181818
3 0.8517045454545454 0.12897727272727272 0.031818181818181815 0.08636363636363636
2 0.10454545454545454 0.4318181818181818 0.20795454545454545 0.3693181818181818
3 0.3431818181818182 0.12897727272727272 0.025 0.11931818181818182
2 0.35568181818181815 0.5693181818181818 0.20852272727272728 0.5136363636363637
3 0.16022727272727272 0.9443181818181818 0.09545454545454546 0.10852272727272727
3 0.5147727272727273 0.8340909090909091 0.09090909090909091 0.21818181818181817
3 0.8494318181818182 0.6681818181818182 0.06079545454545455 0.1721590909090909
3 0.6380681818181818 0.02784090909090909 0.026704545454545453 0.05568181818181818
3 0.9670454545454545 0.9119318181818182 0.0659090909090909 0.17613636363636365
3 0.7232954545454545 0.42556818181818185 0.04943181818181818 0.1431818181818182
2 0.3926136363636364 0.26875 0.14772727272727273 0.3375
2 0.6318181818181818 0.17613636363636365 0.11704545454545455 0.2471590909090909
3 0.8869318181818182 0.8977272727272727 0.06818181818181818 0.20397727272727273
3 0.4732954545454545 0.7011363636363637 0.042045454545454546 0.1721590909090909
2 0.5431818181818182 0.05 0.08579545454545455 0.1
2 0.19829545454545455 0.2056818181818182 0.13693181818181818 0.2471590909090909
2 0.6613636363636364 0.5369318181818182 0.18977272727272726 0.4153409090909091
3 0.36420454545454545 0.04659090909090909 0.023295454545454546 0.0875
2 0.2681818181818182 0.07272727272727272 0.09318181818181819 0.14545454545454545
3 0.6926136363636364 0.7193181818181819 0.07556818181818181 0.15284090909090908
2 0.43068181818181817 0.15056818181818182 0.09943181818181818 0.2318181818181818
3 0.5289772727272727 0.23806818181818182 0.028409090909090908 0.1318181818181818
3 0.6034090909090909 0.34602272727272726 0.06477272727272727 0.0971590909090909
3 0.7948863636363637 0.0903409090909091 0.028977272727272727 0.13636363636363635
2 0.6193181818181818 0.8960227272727272 0.27045454545454545 0.2028409090909091
3 0.4005681818181818 0.9755681818181818 0.11420454545454546 0.04602272727272727