2 0.6801136363636363 0.8619318181818182 0.2539772727272727 0.27386363636363636
2 0.4034090909090909 0.41818181818181815 0.16022727272727272 0.3443181818181818
2 0.26704545454545453 0.9005681818181818 0.24147727272727273 0.19318181818181818
2 0.6056818181818182 0.35056818181818183 0.15795454545454546 0.33181818181818185
2 0.37727272727272726 0.16988636363636364 0.12329545454545454 0.25113636363636366
2 0.1494318181818182 0.29772727272727273 0.15681818181818183 0.27102272727272725
3 0.27386363636363636 0.2369318181818182 0.03806818181818182 0.12897727272727272
3 0.18125 0.4971590909090909 0.075 0.18863636363636363
3 0.7602272727272728 0.6244318181818181 0.06875 0.2375
3 0.48522727272727273 0.3153409090909091 0.045454545454545456 0.1471590909090909
2 0.5693181818181818 0.0903409090909091 0.10568181818181818 0.1806818181818182
3 0.50625 0.8494318181818182 0.09204545454545454 0.27897727272727274
3 0.26193181818181815 0.08693181818181818 0.02727272727272727 0.09886363636363636
3 0.2255681818181818 0.08977272727272727 0.029545454545454545 0.10397727272727272
3 0.6994318181818182 0.23806818181818182 0.03579545454545455 0.12897727272727272
3 0.8670454545454546 0.9602272727272727 0.09659090909090909 0.07897727272727273
3 0.4784090909090909 0.16590909090909092 0.04375 0.1375
3 0.20454545454545456 0.12840909090909092 0.03977272727272727 0.10113636363636364
3 0.8295454545454546 0.21022727272727273 0.03295454545454545 0.1653409090909091