3 0.7232954545454545 0.3431818181818182 0.04090909090909091 0.14431818181818182
3 0.11818181818181818 0.6011363636363637 0.08920454545454545 0.22215909090909092
3 0.5142045454545454 0.17727272727272728 0.04375 0.11534090909090909
3 0.4994318181818182 0.4244318181818182 0.04943181818181818 0.18181818181818182
3 0.055113636363636365 0.7977272727272727 0.09431818181818181 0.24602272727272728
3 0.509090909090909 0.7909090909090909 0.08125 0.22386363636363638
3 0.7477272727272727 0.6681818181818182 0.07954545454545454 0.16363636363636364
3 0.23863636363636365 0.4960227272727273 0.058522727272727275 0.19147727272727272
3 0.5806818181818182 0.6352272727272728 0.051704545454545454 0.15397727272727274
2 0.12443181818181819 0.2869318181818182 0.17556818181818182 0.33181818181818185
3 0.15852272727272726 0.8931818181818182 0.1125 0.20852272727272728
2 0.36818181818181817 0.49772727272727274 0.1943181818181818 0.4460227272727273
3 0.6761363636363636 0.21818181818181817 0.03977272727272727 0.12215909090909091
3 0.7511363636363636 0.9318181818181818 0.10227272727272728 0.13352272727272727
3 0.6545454545454545 0.8164772727272728 0.08806818181818182 0.2585227272727273
3 0.5852272727272727 0.9352272727272727 0.08409090909090909 0.12897727272727272
2 0.5965909090909091 0.21647727272727274 0.13125 0.2863636363636364
2 0.25113636363636366 0.08863636363636364 0.11363636363636363 0.17727272727272728
2 0.4090909090909091 0.18352272727272728 0.12840909090909092 0.23636363636363636
3 0.6068181818181818 0.038636363636363635 0.03068181818181818 0.07215909090909091
3 0.27386363636363636 0.2727272727272727 0.04772727272727273 0.12897727272727272
3 0.48068181818181815 0.9806818181818182 0.10681818181818181 0.038636363636363635
3 0.023863636363636365 0.9255681818181818 0.04772727272727273 0.14602272727272728
3 0.3068181818181818 0.3619318181818182 0.03068181818181818 0.12897727272727272
3 0.8721590909090909 0.8164772727272728 0.08693181818181818 0.20852272727272728
2 0.4198863636363636 0.04772727272727273 0.09431818181818181 0.09545454545454546
2 0.2869318181818182 0.9130681818181818 0.23806818181818182 0.16818181818181818