2 0.8289772727272727 0.8119318181818181 0.28295454545454546 0.37386363636363634
2 0.33352272727272725 0.5255681818181818 0.19090909090909092 0.41818181818181815
2 0.1318181818181818 0.44772727272727275 0.1943181818181818 0.3875
2 0.39545454545454545 0.17556818181818182 0.13125 0.2375
3 0.4869318181818182 0.04147727272727273 0.03068181818181818 0.08295454545454546
3 0.5056818181818182 0.4318181818181818 0.05795454545454545 0.1806818181818182
3 0.10795454545454546 0.01534090909090909 0.025 0.03068181818181818
3 0.14829545454545454 0.7352272727272727 0.07272727272727272 0.21818181818181817
3 0.5210227272727272 0.834659090909091 0.08579545454545455 0.26136363636363635
2 0.21931818181818183 0.2318181818181818 0.14545454545454545 0.2556818181818182
3 0.12045454545454545 0.22272727272727272 0.04602272727272727 0.0875
3 0.5318181818181819 0.1431818181818182 0.03068181818181818 0.10568181818181818
2 0.26136363636363635 0.08522727272727272 0.10681818181818181 0.17045454545454544
3 0.5676136363636364 0.10568181818181818 0.02727272727272727 0.09431818181818181
3 0.01875 0.11988636363636364 0.0375 0.1125
3 0.11193181818181819 0.13068181818181818 0.03295454545454545 0.075