2 0.09147727272727273 0.48352272727272727 0.18295454545454545 0.4278409090909091
2 0.3471590909090909 0.4943181818181818 0.18352272727272728 0.39431818181818185
3 0.9 0.5227272727272727 0.08125 0.19886363636363635
3 0.6136363636363636 0.8403409090909091 0.16818181818181818 0.2528409090909091
3 0.71875 0.2806818181818182 0.05454545454545454 0.14431818181818182
2 0.6068181818181818 0.45852272727272725 0.19943181818181818 0.45284090909090907
3 0.6744318181818182 0.17102272727272727 0.03579545454545455 0.11647727272727272
2 0.4022727272727273 0.17784090909090908 0.17670454545454545 0.35568181818181815
2 0.19715909090909092 0.2 0.15852272727272726 0.275
3 0.7477272727272727 0.4914772727272727 0.045454545454545456 0.15852272727272726
2 0.5738636363636364 0.061931818181818185 0.09318181818181819 0.12386363636363637
3 0.7494318181818181 0.9289772727272727 0.06875 0.14147727272727273
2 0.2431818181818182 0.06875 0.10681818181818181 0.1375
2 0.5965909090909091 0.16590909090909092 0.12954545454545455 0.19886363636363635