2 0.09829545454545455 0.4193181818181818 0.19602272727272727 0.3835227272727273
3 0.21136363636363636 0.7619318181818182 0.08068181818181819 0.25113636363636366
3 0.7232954545454545 0.4193181818181818 0.061931818181818185 0.19147727272727272
3 0.10625 0.9386363636363636 0.10625 0.12215909090909091
3 0.6556818181818181 0.24659090909090908 0.04318181818181818 0.1431818181818182
3 0.24943181818181817 0.5443181818181818 0.05568181818181818 0.1943181818181818
3 0.48977272727272725 0.6744318181818182 0.053409090909090906 0.2096590909090909
3 0.34204545454545454 0.1744318181818182 0.031818181818181815 0.11818181818181818
3 0.3090909090909091 0.8585227272727273 0.07954545454545454 0.2585227272727273
3 0.5755681818181818 0.3306818181818182 0.03920454545454546 0.15
3 0.5363636363636364 0.22443181818181818 0.036931818181818184 0.1318181818181818
3 0.8107954545454545 0.09943181818181818 0.07897727272727273 0.09602272727272727
3 0.8806818181818182 0.9477272727272728 0.08181818181818182 0.10397727272727272
3 0.4971590909090909 0.1806818181818182 0.033522727272727273 0.11363636363636363
2 0.40795454545454546 0.23522727272727273 0.13352272727272727 0.3181818181818182
2 0.24772727272727274 0.0875 0.1125 0.175
3 0.5954545454545455 0.1744318181818182 0.036931818181818184 0.12386363636363637
3 0.42670454545454545 0.9539772727272727 0.04659090909090909 0.09147727272727273
3 0.7164772727272727 0.9494318181818182 0.0715909090909091 0.09886363636363636
3 0.26931818181818185 0.2727272727272727 0.05568181818181818 0.17897727272727273
3 0.5909090909090909 0.9443181818181818 0.07897727272727273 0.10568181818181818
3 0.71875 0.865909090909091 0.09375 0.2625
3 0.5829545454545455 0.026136363636363635 0.020454545454545454 0.05227272727272727
3 0.10170454545454545 0.00909090909090909 0.021022727272727273 0.01818181818181818
3 0.3380681818181818 0.08863636363636364 0.048295454545454544 0.11136363636363636