2 0.05227272727272727 0.7477272727272727 0.10454545454545454 0.49886363636363634
2 0.3215909090909091 0.8318181818181818 0.2625 0.3306818181818182
3 0.8198863636363637 0.4965909090909091 0.07556818181818181 0.1875
3 0.16079545454545455 0.024431818181818183 0.023295454545454546 0.04602272727272727
3 0.9676136363636364 0.6227272727272727 0.06477272727272727 0.1625
3 0.35454545454545455 0.09318181818181819 0.03920454545454546 0.1028409090909091
3 0.24545454545454545 0.5068181818181818 0.048295454545454544 0.18636363636363637
3 0.04261363636363636 0.03238636363636364 0.035227272727272725 0.06477272727272727
3 0.6920454545454545 0.19943181818181818 0.03977272727272727 0.1403409090909091
2 0.3704545454545455 0.4778409090909091 0.19545454545454546 0.3971590909090909
3 0.7636363636363637 0.13863636363636364 0.07727272727272727 0.11363636363636363
3 0.8397727272727272 0.1431818181818182 0.05909090909090909 0.10568181818181818
2 0.17670454545454545 0.2215909090909091 0.15795454545454546 0.2818181818181818
2 0.12443181818181819 0.44488636363636364 0.18295454545454545 0.35113636363636364
3 0.031818181818181815 0.13693181818181818 0.051704545454545454 0.1318181818181818
2 0.6079545454545454 0.5431818181818182 0.2755681818181818 0.7556818181818182
3 0.11988636363636364 0.00909090909090909 0.022727272727272728 0.01818181818181818
2 0.4113636363636364 0.23068181818181818 0.13693181818181818 0.26931818181818185
2 0.27386363636363636 0.08522727272727272 0.10227272727272728 0.17045454545454544
3 0.6573863636363636 0.09602272727272727 0.036931818181818184 0.13636363636363635
2 0.5971590909090909 0.09602272727272727 0.10681818181818181 0.19147727272727272
2 0.4329545454545455 0.10681818181818181 0.09772727272727273 0.1806818181818182
2 0.53125 0.05397727272727273 0.0625 0.10795454545454546