2 0.4369318181818182 0.5880681818181818 0.2056818181818182 0.4511363636363636
2 0.11875 0.4818181818181818 0.21875 0.4193181818181818
2 0.4744318181818182 0.2528409090909091 0.1431818181818182 0.3306818181818182
2 0.2056818181818182 0.23977272727272728 0.1380681818181818 0.2539772727272727
3 0.6375 0.20738636363636365 0.03920454545454546 0.12613636363636363
2 0.2534090909090909 0.08409090909090909 0.12102272727272727 0.16818181818181818
3 0.2869318181818182 0.4153409090909091 0.05795454545454545 0.15568181818181817
3 0.5551136363636363 0.09318181818181819 0.033522727272727273 0.1
2 0.42727272727272725 0.13693181818181818 0.09659090909090909 0.19602272727272727
3 0.3375 0.1943181818181818 0.0375 0.11931818181818182
2 0.45454545454545453 0.04375 0.08181818181818182 0.0875
3 0.571590909090909 0.025 0.023295454545454546 0.05