2 0.07443181818181818 0.6880681818181819 0.14829545454545454 0.5181818181818182
2 0.28238636363636366 0.6823863636363636 0.25227272727272726 0.5988636363636364
3 0.7875 0.5590909090909091 0.0625 0.19318181818181818
3 0.5994318181818182 0.9102272727272728 0.08806818181818182 0.17613636363636365
2 0.39431818181818185 0.3710227272727273 0.15 0.34147727272727274
3 0.1943181818181818 0.5340909090909091 0.05625 0.20397727272727273
2 0.14829545454545454 0.33693181818181817 0.17045454545454544 0.29602272727272727
3 0.4414772727272727 0.9431818181818182 0.10795454545454546 0.11363636363636363
2 0.4369318181818182 0.11875 0.12556818181818183 0.2375
3 0.3164772727272727 0.31022727272727274 0.048295454545454544 0.1318181818181818
2 0.29375 0.05 0.09375 0.1
6 0.6454545454545455 0.3806818181818182 0.2034090909090909 0.6306818181818182
2 0.22613636363636364 0.1318181818181818 0.12443181818181819 0.22215909090909092
3 0.5494318181818182 0.9568181818181818 0.05795454545454545 0.08352272727272728
3 0.26136363636363635 0.32272727272727275 0.05227272727272727 0.12386363636363637
3 0.47045454545454546 0.7431818181818182 0.08806818181818182 0.15852272727272726
3 0.2505681818181818 0.4068181818181818 0.03806818181818182 0.1
2 0.7318181818181818 0.9352272727272727 0.22670454545454546 0.12897727272727272
3 0.5147727272727273 0.1744318181818182 0.028409090909090908 0.10965909090909091
3 0.3073863636363636 0.19318181818181818 0.035227272727272725 0.08863636363636364