2 0.36079545454545453 0.53125 0.18409090909090908 0.3875
2 0.09545454545454546 0.4818181818181818 0.19090909090909092 0.43068181818181817
2 0.21079545454545454 0.2539772727272727 0.14375 0.24431818181818182
3 0.7630681818181818 0.5386363636363637 0.0625 0.2
2 0.40738636363636366 0.23068181818181818 0.13977272727272727 0.29147727272727275
3 0.5409090909090909 0.42272727272727273 0.05397727272727273 0.18181818181818182
3 0.016477272727272726 0.035227272727272725 0.028409090909090908 0.07045454545454545
3 0.14204545454545456 0.04943181818181818 0.02556818181818182 0.06534090909090909
2 0.41761363636363635 0.07784090909090909 0.12102272727272727 0.15568181818181817
2 0.26704545454545453 0.11363636363636363 0.11931818181818182 0.225
3 0.06818181818181818 0.09147727272727273 0.025 0.06647727272727273