2 0.10625 0.6068181818181818 0.2125 0.522159090909091
3 0.8568181818181818 0.8193181818181818 0.08125 0.2556818181818182
3 0.6073863636363637 0.9085227272727273 0.08181818181818182 0.17784090909090908
3 0.4732954545454545 0.5806818181818182 0.05909090909090909 0.1806818181818182
2 0.3176136363636364 0.5994318181818182 0.22897727272727272 0.5460227272727273
3 0.9193181818181818 0.9414772727272728 0.10397727272727272 0.11647727272727272
3 0.8284090909090909 0.6590909090909091 0.07102272727272728 0.1875
3 0.5659090909090909 0.5869318181818182 0.04943181818181818 0.1875
3 0.47670454545454544 0.8977272727272727 0.08352272727272728 0.20397727272727273
3 0.6193181818181818 0.47102272727272726 0.03920454545454546 0.1721590909090909
3 0.5181818181818182 0.7193181818181819 0.075 0.20852272727272728
2 0.4420454545454545 0.2630681818181818 0.1431818181818182 0.30113636363636365
2 0.5880681818181818 0.2369318181818182 0.13579545454545455 0.2625
2 0.19090909090909092 0.28352272727272726 0.19204545454545455 0.36363636363636365
3 0.7392045454545455 0.6102272727272727 0.07670454545454546 0.12102272727272727
3 0.6488636363636363 0.7005681818181818 0.07443181818181818 0.20681818181818182
3 0.675 0.23522727272727273 0.03125 0.10681818181818181
3 0.7517045454545455 0.9494318181818182 0.1409090909090909 0.09886363636363636
3 0.3488636363636364 0.24943181818181817 0.035227272727272725 0.1125
2 0.4369318181818182 0.09375 0.12443181818181819 0.1875
3 0.525 0.175 0.025 0.1
3 0.7113636363636363 0.4903409090909091 0.03806818181818182 0.125