3 0.48409090909090907 0.07272727272727272 0.03295454545454545 0.10397727272727272
2 0.7380681818181818 0.7244318181818182 0.2681818181818182 0.5460227272727273
3 0.18125 0.6818181818181818 0.07329545454545454 0.23068181818181818
2 0.3380681818181818 0.7005681818181818 0.25170454545454546 0.5931818181818181
3 0.4 0.0375 0.03295454545454545 0.075
3 0.553409090909091 0.9318181818181818 0.09545454545454546 0.13352272727272727
3 0.225 0.5147727272727273 0.06704545454545455 0.1846590909090909
2 0.05568181818181818 0.7335227272727273 0.11079545454545454 0.48352272727272727
3 0.9232954545454546 0.6539772727272727 0.12329545454545454 0.24431818181818182
2 0.13693181818181818 0.35056818181818183 0.20170454545454544 0.3653409090909091
2 0.3795454545454545 0.3159090909090909 0.1494318181818182 0.22386363636363638
3 0.12045454545454545 0.8914772727272727 0.08409090909090909 0.21647727272727274
3 0.4630681818181818 0.49318181818181817 0.06818181818181818 0.18863636363636363
3 0.2721590909090909 0.39431818181818185 0.058522727272727275 0.1471590909090909
3 0.525 0.6897727272727273 0.0875 0.3210227272727273
3 0.1965909090909091 0.03125 0.02159090909090909 0.0625