3 0.21079545454545454 0.5056818181818182 0.06647727272727273 0.15568181818181817
2 0.2784090909090909 0.7039772727272727 0.21704545454545454 0.46647727272727274
2 0.08181818181818182 0.5147727272727273 0.16363636363636364 0.4659090909090909
3 0.8801136363636364 0.5181818181818182 0.09318181818181819 0.1943181818181818
3 0.4244318181818182 0.17613636363636365 0.03295454545454545 0.11136363636363636
3 0.2375 0.3028409090909091 0.051704545454545454 0.15
2 0.5426136363636364 0.4414772727272727 0.18181818181818182 0.4056818181818182
3 0.48579545454545453 0.19318181818181818 0.04147727272727273 0.11136363636363636
3 0.7488636363636364 0.6619318181818182 0.06477272727272727 0.2096590909090909
3 0.6261363636363636 0.040340909090909094 0.033522727272727273 0.07784090909090909
3 0.6596590909090909 0.38181818181818183 0.04602272727272727 0.15568181818181817
3 0.7005681818181818 0.8539772727272728 0.08068181818181819 0.28863636363636364
2 0.34375 0.2681818181818182 0.1375 0.26931818181818185
3 0.9727272727272728 0.4965909090909091 0.05454545454545454 0.12613636363636363
2 0.5556818181818182 0.09375 0.10454545454545454 0.1875
3 0.21079545454545454 0.15681818181818183 0.03920454545454546 0.13863636363636364
3 0.28125 0.09318181818181819 0.020454545454545454 0.09147727272727273
3 0.4556818181818182 0.1431818181818182 0.024431818181818183 0.1
3 0.6130681818181818 0.9289772727272727 0.08806818181818182 0.14147727272727273