2 0.3659090909090909 0.4340909090909091 0.18181818181818182 0.4238636363636364
2 0.1943181818181818 0.3431818181818182 0.17954545454545454 0.31931818181818183
2 0.6034090909090909 0.6852272727272727 0.23522727272727273 0.584659090909091
2 0.5931818181818181 0.2528409090909091 0.15056818181818182 0.31363636363636366
3 0.7369318181818182 0.6772727272727272 0.06420454545454546 0.2096590909090909
3 0.8102272727272727 0.7477272727272727 0.07840909090909091 0.2125
2 0.5767045454545454 0.1028409090909091 0.13352272727272727 0.2056818181818182
2 0.4107954545454545 0.2056818181818182 0.13125 0.24431818181818182
2 0.25625 0.1403409090909091 0.125 0.2278409090909091
3 0.759090909090909 0.9528409090909091 0.08295454545454546 0.09431818181818181
2 0.44772727272727275 0.08863636363636364 0.09318181818181819 0.17727272727272728
2 0.30454545454545456 0.0625 0.09204545454545454 0.125
3 0.7596590909090909 0.5272727272727272 0.06931818181818182 0.1875
3 0.8863636363636364 0.9386363636363636 0.07102272727272728 0.12215909090909091
3 0.7664772727272727 0.3840909090909091 0.0659090909090909 0.15397727272727274