3 0.08579545454545455 0.0375 0.026704545454545453 0.075
3 0.3386363636363636 0.33693181818181817 0.05397727272727273 0.1625
3 0.740909090909091 0.7306818181818182 0.06306818181818181 0.23068181818181818
3 0.6119318181818182 0.5789772727272727 0.056818181818181816 0.19147727272727272
3 0.24431818181818182 0.7977272727272727 0.08522727272727272 0.24886363636363637
2 0.16022727272727272 0.31931818181818183 0.17045454545454544 0.3164772727272727
3 0.4068181818181818 0.5744318181818182 0.04943181818181818 0.21818181818181817
3 0.4284090909090909 0.09147727272727273 0.022727272727272728 0.08863636363636364
2 0.05568181818181818 0.81875 0.11136363636363636 0.35568181818181815
3 0.5244318181818182 0.6403409090909091 0.061931818181818185 0.21931818181818183
3 0.5619318181818181 0.13068181818181818 0.03125 0.10852272727272727
3 0.26704545454545453 0.5005681818181819 0.0625 0.16818181818181818
3 0.8073863636363636 0.9681818181818181 0.09772727272727273 0.06136363636363636
3 0.4056818181818182 0.04318181818181818 0.024431818181818183 0.08068181818181819
3 0.6380681818181818 0.38181818181818183 0.05568181818181818 0.17784090909090908
2 0.48295454545454547 0.13068181818181818 0.1125 0.23068181818181818
3 0.5392045454545454 0.016477272727272726 0.019318181818181818 0.03295454545454545
3 0.63125 0.9693181818181819 0.1125 0.058522727272727275
3 0.6193181818181818 0.12443181818181819 0.031818181818181815 0.10113636363636364
3 0.32329545454545455 0.9403409090909091 0.08522727272727272 0.11931818181818182
3 0.7676136363636363 0.5210227272727272 0.04943181818181818 0.1721590909090909
3 0.3568181818181818 0.12556818181818183 0.03806818181818182 0.10681818181818181