2 0.175 0.4119318181818182 0.18125 0.3710227272727273
2 0.7125 0.7681818181818182 0.27329545454545456 0.45852272727272725
3 0.5693181818181818 0.5278409090909091 0.06420454545454546 0.1943181818181818
2 0.39602272727272725 0.4727272727272727 0.19829545454545455 0.5710227272727273
2 0.20397727272727273 0.1744318181818182 0.1534090909090909 0.22897727272727272
3 0.7869318181818182 0.5414772727272728 0.058522727272727275 0.1693181818181818
3 0.6806818181818182 0.41818181818181815 0.06079545454545455 0.175
3 0.5352272727272728 0.3119318181818182 0.04375 0.15965909090909092
3 0.6119318181818182 0.1784090909090909 0.03579545454545455 0.12613636363636363
3 0.6602272727272728 0.1431818181818182 0.029545454545454545 0.11363636363636363
3 0.5494318181818182 0.1215909090909091 0.03920454545454546 0.10965909090909091
2 0.4244318181818182 0.09147727272727273 0.1125 0.18295454545454545
3 0.8880681818181818 0.884090909090909 0.08068181818181819 0.2318181818181818
2 0.09772727272727273 0.05738636363636364 0.15 0.11477272727272728
2 0.28295454545454546 0.07272727272727272 0.1 0.14545454545454545
3 0.5801136363636363 0.36818181818181817 0.05568181818181818 0.12215909090909091
3 0.15965909090909092 0.8931818181818182 0.05397727272727273 0.20852272727272728
2 0.39204545454545453 0.17102272727272727 0.1318181818181818 0.13636363636363635