2 0.3164772727272727 0.4727272727272727 0.19829545454545455 0.47897727272727275
2 0.07556818181818181 0.5573863636363636 0.15056818181818182 0.4403409090909091
3 0.6568181818181819 0.6397727272727273 0.06079545454545455 0.19886363636363635
3 0.5795454545454546 0.8943181818181818 0.08579545454545455 0.20852272727272728
3 0.6880681818181819 0.35568181818181815 0.03806818181818182 0.1471590909090909
3 0.8261363636363637 0.8880681818181818 0.06931818181818182 0.22102272727272726
3 0.2056818181818182 0.4556818181818182 0.0625 0.18352272727272728
3 0.7448863636363636 0.4994318181818182 0.05056818181818182 0.18181818181818182
3 0.5857954545454546 0.3068181818181818 0.042045454545454546 0.13636363636363635
3 0.12045454545454545 0.30056818181818185 0.05397727272727273 0.12386363636363637
3 0.18181818181818182 0.24659090909090908 0.03579545454545455 0.1318181818181818
3 0.08295454545454546 0.9431818181818182 0.10625 0.11136363636363636
2 0.40397727272727274 0.07613636363636364 0.09659090909090909 0.15227272727272728
3 0.23806818181818182 0.21022727272727273 0.04375 0.11818181818181818
2 0.5068181818181818 0.13125 0.10568181818181818 0.2625
3 0.6130681818181818 0.2318181818181818 0.03295454545454545 0.12215909090909091
3 0.2840909090909091 0.1380681818181818 0.026704545454545453 0.10397727272727272
3 0.5818181818181818 0.10397727272727272 0.036931818181818184 0.0971590909090909
3 0.26931818181818185 0.30568181818181817 0.04318181818181818 0.11136363636363636
3 0.6636363636363637 0.22443181818181818 0.031818181818181815 0.0875
3 0.6255681818181819 0.0903409090909091 0.026704545454545453 0.09431818181818181
3 0.6517045454545455 0.4278409090909091 0.05227272727272727 0.11647727272727272
3 0.65 0.07443181818181818 0.025 0.11534090909090909
3 0.04431818181818182 0.30056818181818185 0.04943181818181818 0.10681818181818181
3 0.31420454545454546 0.1784090909090909 0.042045454545454546 0.12613636363636363