2 0.11420454545454546 0.39943181818181817 0.20852272727272728 0.40397727272727274
3 0.6267045454545455 0.13068181818181818 0.03125 0.10568181818181818
3 0.26079545454545455 0.7289772727272728 0.08181818181818182 0.2556818181818182
3 0.8079545454545455 0.19943181818181818 0.03409090909090909 0.10681818181818181
3 0.6863636363636364 0.22272727272727272 0.031818181818181815 0.12102272727272727
3 0.7505681818181819 0.4431818181818182 0.05568181818181818 0.1278409090909091
3 0.48409090909090907 0.040340909090909094 0.026704545454545453 0.08068181818181819
2 0.2721590909090909 0.09318181818181819 0.10852272727272727 0.18636363636363637
3 0.5017045454545455 0.8556818181818182 0.08352272727272728 0.26931818181818185
3 0.5369318181818182 0.6068181818181818 0.056818181818181816 0.1806818181818182
3 0.759090909090909 0.6539772727272727 0.06704545454545455 0.18352272727272728
3 0.6 0.028977272727272727 0.02727272727272727 0.05795454545454545
2 0.41306818181818183 0.13238636363636364 0.13522727272727272 0.26477272727272727
3 0.6357954545454545 0.9556818181818182 0.11306818181818182 0.08863636363636364
3 0.35056818181818183 0.08977272727272727 0.021022727272727273 0.09886363636363636
3 0.775 0.9755681818181818 0.08125 0.04602272727272727
2 0.5386363636363637 0.07272727272727272 0.09090909090909091 0.14545454545454545
3 0.775 0.8119318181818181 0.04375 0.1431818181818182