2 0.39431818181818185 0.5227272727272727 0.2 0.4818181818181818
2 0.7005681818181818 0.32272727272727275 0.16818181818181818 0.3210227272727273
3 0.29659090909090907 0.23806818181818182 0.042045454545454546 0.14602272727272728
3 0.2556818181818182 0.47556818181818183 0.06306818181818181 0.20681818181818182
2 0.05 0.7369318181818182 0.1 0.4960227272727273
3 0.5 0.2556818181818182 0.0375 0.13352272727272727
3 0.17897727272727273 0.7034090909090909 0.0659090909090909 0.22386363636363638
3 0.32670454545454547 0.15568181818181817 0.03295454545454545 0.11136363636363636
3 0.5125 0.13238636363636364 0.025 0.11534090909090909
3 0.5755681818181818 0.7846590909090909 0.05568181818181818 0.225
3 0.48125 0.044886363636363634 0.025 0.0875
3 0.5443181818181818 0.18352272727272728 0.03125 0.11136363636363636
2 0.24147727272727273 0.10625 0.1215909090909091 0.2125
3 0.5579545454545455 0.4460227272727273 0.05568181818181818 0.16363636363636364
2 0.4107954545454545 0.1278409090909091 0.12840909090909092 0.2556818181818182
3 0.6261363636363636 0.10568181818181818 0.031818181818181815 0.11136363636363636
3 0.08579545454545455 0.9573863636363636 0.09829545454545455 0.0846590909090909
3 0.23579545454545456 0.3261363636363636 0.05056818181818182 0.125
3 0.5818181818181818 0.29318181818181815 0.03125 0.1278409090909091
3 0.5306818181818181 0.04943181818181818 0.022727272727272728 0.0625
3 0.56875 0.09943181818181818 0.025 0.09318181818181819
3 0.5948863636363636 0.15568181818181817 0.02727272727272727 0.0971590909090909
3 0.08636363636363636 0.8869318181818182 0.09602272727272727 0.22386363636363638