2 0.37386363636363634 0.5909090909090909 0.22102272727272726 0.5375
2 0.6380681818181818 0.6511363636363636 0.21818181818181817 0.5613636363636364
2 0.1159090909090909 0.5181818181818182 0.2318181818181818 0.48863636363636365
3 0.14488636363636365 0.89375 0.10852272727272727 0.2125
3 0.8181818181818182 0.7181818181818181 0.07329545454545454 0.23352272727272727
2 0.048295454545454544 0.12102272727272727 0.09602272727272727 0.15
2 0.1943181818181818 0.23352272727272727 0.14545454545454545 0.2585227272727273
3 0.7255681818181818 0.36306818181818185 0.05 0.13465909090909092
2 0.41704545454545455 0.21988636363636363 0.13125 0.2375
3 0.31420454545454546 0.22897727272727272 0.04772727272727273 0.14147727272727273
3 0.6681818181818182 0.07215909090909091 0.036931818181818184 0.08863636363636364
2 0.6125 0.3028409090909091 0.1625 0.21931818181818183
3 0.7920454545454545 0.48465909090909093 0.061931818181818185 0.13636363636363635
2 0.5931818181818181 0.16363636363636364 0.12329545454545454 0.23636363636363636
3 0.35397727272727275 0.12102272727272727 0.03295454545454545 0.0971590909090909
2 0.43579545454545454 0.08409090909090909 0.10397727272727272 0.16818181818181818
3 0.6982954545454545 0.21306818181818182 0.04090909090909091 0.10397727272727272
2 0.2943181818181818 0.05625 0.09545454545454546 0.1125
3 0.8977272727272727 0.9761363636363637 0.08409090909090909 0.04715909090909091
3 0.21875 0.06647727272727273 0.0375 0.08352272727272728