2 0.6823863636363636 0.8869318181818182 0.23522727272727273 0.22102272727272726
2 0.6392045454545454 0.6431818181818182 0.21931818181818183 0.4693181818181818
2 0.09204545454545454 0.5556818181818182 0.18409090909090908 0.5278409090909091
2 0.36875 0.4693181818181818 0.16875 0.3664772727272727
3 0.05454545454545454 0.04147727272727273 0.033522727272727273 0.08068181818181819
2 0.19545454545454546 0.3119318181818182 0.15227272727272728 0.29602272727272727
3 0.39488636363636365 0.8630681818181818 0.08522727272727272 0.25681818181818183
2 0.36818181818181817 0.24772727272727274 0.13579545454545455 0.2539772727272727
2 0.225 0.09772727272727273 0.12045454545454545 0.19318181818181818
3 0.010795454545454546 0.024431818181818183 0.02159090909090909 0.048863636363636366
2 0.425 0.10113636363636364 0.11136363636363636 0.20227272727272727
3 0.09318181818181819 0.2715909090909091 0.045454545454545456 0.04318181818181818
3 0.5056818181818182 0.13522727272727272 0.036931818181818184 0.09318181818181819
3 0.7073863636363636 0.2215909090909091 0.035227272727272725 0.10681818181818181
3 0.3119318181818182 0.16193181818181818 0.0375 0.10681818181818181
3 0.04375 0.2943181818181818 0.029545454545454545 0.09431818181818181
3 0.15113636363636362 0.007386363636363636 0.020454545454545454 0.014772727272727272
3 0.3664772727272727 0.05738636363636364 0.025 0.10965909090909091
3 0.74375 0.01818181818181818 0.01875 0.03636363636363636
3 0.4471590909090909 0.9494318181818182 0.07727272727272727 0.09886363636363636