3 0.17613636363636365 0.821590909090909 0.08181818181818182 0.2431818181818182
2 0.09204545454545454 0.4403409090909091 0.18352272727272728 0.41363636363636364
3 0.39943181818181817 0.8585227272727273 0.09943181818181818 0.2778409090909091
3 0.6392045454545454 0.29602272727272727 0.033522727272727273 0.14147727272727273
3 0.8517045454545454 0.9068181818181819 0.08522727272727272 0.18352272727272728
2 0.6630681818181818 0.7244318181818182 0.225 0.5431818181818182
3 0.5545454545454546 0.27443181818181817 0.029545454545454545 0.11534090909090909
2 0.3380681818181818 0.48806818181818185 0.19318181818181818 0.4068181818181818
3 0.2857954545454545 0.9556818181818182 0.10227272727272728 0.08636363636363636
3 0.12954545454545455 0.9556818181818182 0.09943181818181818 0.08636363636363636
3 0.3573863636363636 0.10852272727272727 0.02556818181818182 0.07784090909090909
3 0.5988636363636364 0.4460227272727273 0.058522727272727275 0.15284090909090908
2 0.3977272727272727 0.24431818181818182 0.1409090909090909 0.26647727272727273
3 0.8420454545454545 0.3806818181818182 0.04431818181818182 0.1693181818181818
2 0.25170454545454546 0.20852272727272728 0.16022727272727272 0.3386363636363636
3 0.525 0.5039772727272728 0.05 0.15568181818181817
2 0.03977272727272727 0.8244318181818182 0.07954545454545454 0.3488636363636364
2 0.5505681818181818 0.09147727272727273 0.09659090909090909 0.18295454545454545
3 0.65625 0.1494318181818182 0.025 0.08181818181818182
3 0.8017045454545455 0.6744318181818182 0.09318181818181819 0.22897727272727272
3 0.6636363636363637 0.35568181818181815 0.035227272727272725 0.1278409090909091
3 0.5170454545454546 0.9528409090909091 0.09659090909090909 0.09431818181818181
3 0.6931818181818182 0.41647727272727275 0.05795454545454545 0.09431818181818181
3 0.5170454545454546 0.3159090909090909 0.042045454545454546 0.12386363636363637
3 0.6284090909090909 0.10568181818181818 0.025 0.08068181818181819
3 0.9017045454545455 0.7994318181818182 0.058522727272727275 0.1875
3 0.4642045454545455 0.5789772727272727 0.05056818181818182 0.1806818181818182
3 0.37613636363636366 0.060227272727272727 0.016477272727272726 0.05397727272727273
3 0.49886363636363634 0.7568181818181818 0.09147727272727273 0.1943181818181818
2 0.4340909090909091 0.07613636363636364 0.09090909090909091 0.15227272727272728
3 0.9238636363636363 0.6727272727272727 0.04772727272727273 0.16818181818181818
3 0.7357954545454546 0.3744318181818182 0.03806818181818182 0.17897727272727273
3 0.22102272727272726 0.024431818181818183 0.03295454545454545 0.048863636363636366
3 0.11136363636363636 0.19943181818181818 0.04602272727272727 0.07102272727272728
3 0.15852272727272726 0.2369318181818182 0.045454545454545456 0.09886363636363636
3 0.4943181818181818 0.05056818181818182 0.02556818181818182 0.10113636363636364