2 0.6744318181818182 0.7181818181818181 0.26420454545454547 0.5556818181818182
2 0.09545454545454546 0.44772727272727275 0.19090909090909092 0.3931818181818182
2 0.40454545454545454 0.5573863636363636 0.2056818181818182 0.4238636363636364
2 0.6193181818181818 0.4068181818181818 0.18579545454545454 0.40852272727272726
3 0.7448863636363636 0.44943181818181815 0.05568181818181818 0.1625
2 0.4346590909090909 0.2539772727272727 0.14431818181818182 0.3028409090909091
3 0.20227272727272727 0.6352272727272728 0.07670454545454546 0.21534090909090908
2 0.23238636363636364 0.18125 0.18181818181818182 0.3625
2 0.07102272727272728 0.08068181818181819 0.12045454545454545 0.16136363636363638
3 0.3977272727272727 0.019886363636363636 0.025 0.03977272727272727
3 0.7125 0.2909090909090909 0.04375 0.15113636363636362
3 0.02159090909090909 0.02784090909090909 0.025 0.05568181818181818
2 0.4823863636363636 0.10852272727272727 0.09431818181818181 0.20852272727272728
3 0.32329545454545455 0.3397727272727273 0.04659090909090909 0.15681818181818183
3 0.2431818181818182 0.4914772727272727 0.06931818181818182 0.15568181818181817