2 0.13068181818181818 0.3443181818181818 0.19943181818181818 0.3664772727272727
2 0.3380681818181818 0.3255681818181818 0.16875 0.3625
3 0.49204545454545456 0.5056818181818182 0.05909090909090909 0.17784090909090908
2 0.25681818181818183 0.08409090909090909 0.11931818181818182 0.16818181818181818
3 0.030113636363636363 0.036931818181818184 0.02556818181818182 0.0625
3 0.5579545454545455 0.696590909090909 0.07102272727272728 0.2431818181818182
3 0.47670454545454544 0.10681818181818181 0.03295454545454545 0.10568181818181818
2 0.38693181818181815 0.09147727272727273 0.10681818181818181 0.1806818181818182
3 0.7596590909090909 0.7755681818181818 0.06818181818181818 0.25681818181818183
3 0.7198863636363636 0.4772727272727273 0.04318181818181818 0.17897727272727273
2 0.5840909090909091 0.15284090909090908 0.10795454545454546 0.19715909090909092
2 0.80625 0.09488636363636363 0.1375 0.18977272727272726
3 0.6505681818181818 0.12272727272727273 0.03068181818181818 0.10397727272727272
3 0.6107954545454546 0.036931818181818184 0.031818181818181815 0.06818181818181818