2 0.32954545454545453 0.4119318181818182 0.18806818181818183 0.3931818181818182
2 0.1744318181818182 0.26193181818181815 0.18579545454545454 0.3261363636363636
3 0.13693181818181818 0.8693181818181818 0.10170454545454545 0.2556818181818182
3 0.49829545454545454 0.8977272727272727 0.08920454545454545 0.20397727272727273
3 0.5318181818181819 0.4068181818181818 0.05056818181818182 0.18352272727272728
3 0.6977272727272728 0.3965909090909091 0.053409090909090906 0.1846590909090909
3 0.5863636363636363 0.6380681818181818 0.06306818181818181 0.21818181818181817
3 0.48522727272727273 0.19943181818181818 0.03579545454545455 0.1318181818181818
3 0.6818181818181818 0.8681818181818182 0.09318181818181819 0.26136363636363635
3 0.43636363636363634 0.15738636363636363 0.035227272727272725 0.11534090909090909
3 0.33238636363636365 0.08806818181818182 0.031818181818181815 0.10113636363636364
3 0.6545454545454545 0.09147727272727273 0.035227272727272725 0.1
3 0.6113636363636363 0.35568181818181815 0.05227272727272727 0.175
3 0.43920454545454546 0.7255681818181818 0.06477272727272727 0.22613636363636364
3 0.4954545454545455 0.07897727272727273 0.029545454545454545 0.10568181818181818
3 0.4625 0.4784090909090909 0.03125 0.1375
3 0.31136363636363634 0.05397727272727273 0.01818181818181818 0.09431818181818181
3 0.8051136363636363 0.09318181818181819 0.06931818181818182 0.1028409090909091
2 0.5767045454545454 0.06363636363636363 0.08977272727272727 0.12727272727272726
3 0.8255681818181818 0.9431818181818182 0.09375 0.11136363636363636