3 0.27897727272727274 0.3755681818181818 0.0659090909090909 0.06818181818181818
3 0.08181818181818182 0.38522727272727275 0.061931818181818185 0.05397727272727273
3 0.2806818181818182 0.6039772727272728 0.07954545454545454 0.08636363636363636
3 0.7295454545454545 0.49772727272727274 0.06931818181818182 0.06818181818181818
3 0.8193181818181818 0.5386363636363637 0.07670454545454546 0.06363636363636363
3 0.9875 0.40625 0.025 0.053409090909090906
3 0.44488636363636364 0.4056818181818182 0.06647727272727273 0.06363636363636363
2 0.4369318181818182 0.5306818181818181 0.1693181818181818 0.15568181818181817
3 0.0125 0.46647727272727274 0.025 0.05
3 0.38295454545454544 0.7715909090909091 0.08920454545454545 0.10397727272727272
3 0.7920454545454545 0.41647727272727275 0.06477272727272727 0.06931818181818182
3 0.678409090909091 0.4431818181818182 0.06647727272727273 0.06931818181818182
3 0.5181818181818182 0.42613636363636365 0.06704545454545455 0.06363636363636363
3 0.6244318181818181 0.38693181818181815 0.0625 0.05397727272727273
2 0.18295454545454545 0.42272727272727273 0.15056818181818182 0.1318181818181818
3 0.46647727272727274 0.1744318181818182 0.02159090909090909 0.05965909090909091
3 0.6789772727272727 0.25681818181818183 0.023295454545454546 0.05568181818181818
3 0.49829545454545454 0.16477272727272727 0.024431818181818183 0.05397727272727273
3 0.5096590909090909 0.3744318181818182 0.06818181818181818 0.06818181818181818
2 0.9096590909090909 0.4625 0.16818181818181818 0.175
3 0.7255681818181818 0.21647727272727274 0.03068181818181818 0.06647727272727273
3 0.6289772727272728 0.14431818181818182 0.01875 0.05568181818181818
3 0.7017045454545454 0.22897727272727272 0.021022727272727273 0.05568181818181818
3 0.6034090909090909 0.1494318181818182 0.028409090909090908 0.056818181818181816
2 0.3926136363636364 0.028977272727272727 0.06477272727272727 0.05795454545454545