3 0.7505681818181819 0.33693181818181817 0.048295454545454544 0.07386363636363637
3 0.6392045454545454 0.33181818181818185 0.053409090909090906 0.08068181818181819
3 0.49772727272727274 0.21818181818181817 0.03125 0.06647727272727273
3 0.5340909090909091 0.2681818181818182 0.025 0.06931818181818182
3 0.6261363636363636 0.019886363636363636 0.02727272727272727 0.03977272727272727
3 0.8107954545454545 0.14147727272727273 0.03068181818181818 0.05568181818181818
3 0.014204545454545454 0.4198863636363636 0.028409090909090908 0.06534090909090909
3 0.5920454545454545 0.37613636363636366 0.02727272727272727 0.07784090909090909
2 0.6494318181818182 0.22727272727272727 0.09545454545454546 0.13465909090909092
2 0.5681818181818182 0.21818181818181817 0.10170454545454545 0.15852272727272726
2 0.7090909090909091 0.21306818181818182 0.10340909090909091 0.1375
3 0.7840909090909091 0.31022727272727274 0.03125 0.07897727272727273
2 0.4971590909090909 0.13068181818181818 0.07897727272727273 0.125
2 0.42045454545454547 0.05625 0.07840909090909091 0.1125
2 0.5079545454545454 0.06647727272727273 0.07670454545454546 0.10568181818181818