2 0.8511363636363637 0.5306818181818181 0.18806818181818183 0.19147727272727272
3 0.7267045454545454 0.22613636363636364 0.03579545454545455 0.06363636363636363
2 0.5113636363636364 0.29318181818181815 0.12443181818181819 0.13863636363636364
2 0.9267045454545455 0.727840909090909 0.14431818181818182 0.1943181818181818
3 0.16875 0.7528409090909091 0.06704545454545455 0.11647727272727272
3 0.01875 0.7306818181818182 0.0375 0.08636363636363636
3 0.1630681818181818 0.4744318181818182 0.06647727272727273 0.09318181818181819
3 0.5857954545454546 0.2318181818181818 0.023295454545454546 0.06363636363636363
2 0.22954545454545455 0.07443181818181818 0.05909090909090909 0.09602272727272727
3 0.6107954545454546 0.19943181818181818 0.02556818181818182 0.06818181818181818
3 0.06988636363636364 0.6369318181818182 0.08522727272727272 0.10113636363636364
3 0.6982954545454545 0.19147727272727272 0.022727272727272728 0.06363636363636363
2 0.3176136363636364 0.061931818181818185 0.06818181818181818 0.0875
3 0.5505681818181818 0.1943181818181818 0.02556818181818182 0.06136363636363636
3 0.5176136363636363 0.16193181818181818 0.021022727272727273 0.05397727272727273
3 0.05965909090909091 0.36363636363636365 0.05056818181818182 0.06136363636363636
2 0.8454545454545455 0.11306818181818182 0.12329545454545454 0.11818181818181818
2 0.5005681818181819 0.06818181818181818 0.08181818181818182 0.13068181818181818
3 0.40511363636363634 0.060227272727272727 0.028977272727272727 0.04602272727272727
3 0.02556818181818182 0.3965909090909091 0.04431818181818182 0.07897727272727273
3 0.09375 0.45397727272727273 0.0375 0.06931818181818182
2 0.39204545454545453 0.028977272727272727 0.05909090909090909 0.05795454545454545