2 0.44545454545454544 0.8715909090909091 0.26477272727272727 0.2539772727272727
3 0.33693181818181817 0.39147727272727273 0.06306818181818181 0.07215909090909091
3 0.09204545454545454 0.4681818181818182 0.06818181818181818 0.075
2 0.32329545454545455 0.5568181818181818 0.19943181818181818 0.1693181818181818
3 0.18920454545454546 0.5056818181818182 0.07556818181818181 0.07215909090909091
3 0.8880681818181818 0.4681818181818182 0.06420454545454546 0.06363636363636363
3 0.7534090909090909 0.2630681818181818 0.03125 0.06818181818181818
3 0.7670454545454546 0.41647727272727275 0.06704545454545455 0.07784090909090909
3 0.5659090909090909 0.5471590909090909 0.07954545454545454 0.07784090909090909
3 0.026136363636363635 0.6130681818181818 0.05227272727272727 0.0903409090909091
3 0.7244318181818182 0.2681818181818182 0.03295454545454545 0.07784090909090909
3 0.7539772727272728 0.5556818181818182 0.07954545454545454 0.06647727272727273
3 0.02727272727272727 0.5085227272727273 0.05454545454545454 0.06363636363636363
3 0.43636363636363634 0.4005681818181818 0.07102272727272728 0.08181818181818182
3 0.5897727272727272 0.41818181818181815 0.06704545454545455 0.06363636363636363
3 0.7823863636363636 0.5119318181818182 0.06477272727272727 0.0875
3 0.6806818181818182 0.5068181818181818 0.075 0.05568181818181818
3 0.6977272727272728 0.27897727272727274 0.025 0.06647727272727273
3 0.6380681818181818 0.27443181818181817 0.025 0.07102272727272728
3 0.5159090909090909 0.22272727272727272 0.021022727272727273 0.056818181818181816
3 0.5142045454545454 0.45227272727272727 0.07045454545454545 0.07613636363636364
3 0.584659090909091 0.2806818181818182 0.022727272727272728 0.06647727272727273
3 0.6073863636363637 0.2818181818181818 0.03068181818181818 0.06931818181818182
2 0.48806818181818185 0.08806818181818182 0.07954545454545454 0.11818181818181818
3 0.6681818181818182 0.2681818181818182 0.029545454545454545 0.06136363636363636
3 0.9448863636363637 0.5227272727272727 0.06647727272727273 0.056818181818181816
3 0.5471590909090909 0.2681818181818182 0.031818181818181815 0.06931818181818182
3 0.9642045454545455 0.39943181818181817 0.058522727272727275 0.06818181818181818
2 0.8443181818181819 0.11306818181818182 0.12329545454545454 0.11534090909090909
2 0.4113636363636364 0.04318181818181818 0.06477272727272727 0.08636363636363636
3 0.20909090909090908 0.39431818181818185 0.075 0.06931818181818182
3 0.925 0.43068181818181817 0.04375 0.058522727272727275
3 0.6454545454545455 0.46193181818181817 0.025 0.056818181818181816
3 0.24375 0.43068181818181817 0.05625 0.07784090909090909