3 0.9738636363636364 0.475 0.9784090909090909 0.475 0.9863636363636363 0.4875 0.9863636363636363 0.49204545454545456 0.9931818181818182 0.4954545454545455 0.9988636363636364 0.5022727272727273 0.9988636363636364 0.5272727272727272 0.9931818181818182 0.5284090909090909 0.9897727272727272 0.5261363636363636 0.9897727272727272 0.5125 0.9875 0.5102272727272728 0.9840909090909091 0.5125 0.9818181818181818 0.5238636363636363 0.9727272727272728 0.5204545454545455 0.9704545454545455 0.5159090909090909 0.9704545454545455 0.48409090909090907 0.9738636363636364 0.47613636363636364
3 0.7204545454545455 0.2034090909090909 0.7272727272727273 0.2056818181818182 0.7295454545454545 0.21022727272727273 0.7295454545454545 0.23636363636363636 0.7318181818181818 0.24886363636363637 0.7295454545454545 0.2590909090909091 0.725 0.26477272727272727 0.7204545454545455 0.2636363636363636 0.7181818181818181 0.26022727272727275 0.7159090909090909 0.24545454545454545 0.7079545454545455 0.23863636363636365 0.7079545454545455 0.2125 0.7125 0.20454545454545456 0.7193181818181819 0.2034090909090909
3 0.7659090909090909 0.3352272727272727 0.7693181818181818 0.3352272727272727 0.7693181818181818 0.3443181818181818 0.7738636363636363 0.35568181818181815 0.7738636363636363 0.3704545454545455 0.7715909090909091 0.37727272727272726 0.7715909090909091 0.4147727272727273 0.7659090909090909 0.41704545454545455 0.7613636363636364 0.41363636363636364 0.75 0.38977272727272727 0.75 0.37386363636363634 0.7522727272727273 0.3704545454545455 0.75 0.35795454545454547 0.7534090909090909 0.3534090909090909 0.7534090909090909 0.3488636363636364 0.759090909090909 0.3477272727272727 0.7659090909090909 0.33636363636363636
3 0.1125 0 0.12954545454545455 0 0.1318181818181818 0.00909090909090909 0.12954545454545455 0.019318181818181818 0.11931818181818182 0.02159090909090909 0.1125 0.014772727272727272 0.1125 0.0011363636363636363
3 0.6681818181818182 0.3170454545454545 0.6727272727272727 0.3170454545454545 0.6772727272727272 0.3215909090909091 0.6772727272727272 0.33295454545454545 0.6829545454545455 0.3477272727272727 0.6875 0.3443181818181818 0.6875 0.3397727272727273 0.6977272727272728 0.3261363636363636 0.7022727272727273 0.3306818181818182 0.7079545454545455 0.38636363636363635 0.7068181818181818 0.3965909090909091 0.7022727272727273 0.4011363636363636 0.6954545454545454 0.39545454545454545 0.6943181818181818 0.38636363636363635 0.6920454545454545 0.3840909090909091 0.6829545454545455 0.3840909090909091 0.6761363636363636 0.37727272727272726 0.675 0.36818181818181817 0.6681818181818182 0.36022727272727273 0.6659090909090909 0.3477272727272727 0.6681818181818182 0.3181818181818182
3 0.6545454545454545 0.26704545454545453 0.6613636363636364 0.2852272727272727 0.6613636363636364 0.30113636363636365 0.6636363636363637 0.30568181818181817 0.6636363636363637 0.31931818181818183 0.6613636363636364 0.32840909090909093 0.6579545454545455 0.33181818181818185 0.6556818181818181 0.33181818181818185 0.6534090909090909 0.32386363636363635 0.6488636363636363 0.3181818181818182 0.6409090909090909 0.31363636363636366 0.6352272727272728 0.3 0.6352272727272728 0.27954545454545454 0.6375 0.27386363636363636 0.6431818181818182 0.26704545454545453 0.6534090909090909 0.26704545454545453
3 0.6090909090909091 0.11704545454545455 0.6113636363636363 0.12045454545454545 0.6113636363636363 0.15227272727272728 0.6068181818181818 0.1625 0.6022727272727273 0.1625 0.5988636363636364 0.1590909090909091 0.5965909090909091 0.12954545454545455 0.6 0.12045454545454545 0.6079545454545454 0.11704545454545455
3 0.9840909090909091 0.5897727272727272 0.9943181818181818 0.5988636363636364 0.9965909090909091 0.6090909090909091 0.9988636363636364 0.6102272727272727 0.9988636363636364 0.6579545454545455 0.9943181818181818 0.6522727272727272 0.990909090909091 0.6420454545454546 0.9931818181818182 0.6272727272727273 0.990909090909091 0.615909090909091 0.9818181818181818 0.6079545454545454 0.9761363636363637 0.6090909090909091 0.9738636363636364 0.6147727272727272 0.9670454545454545 0.6125 0.9681818181818181 0.6056818181818182 0.9738636363636364 0.6011363636363637 0.9761363636363637 0.5909090909090909 0.9806818181818182 0.5886363636363636 0.9829545454545454 0.5897727272727272
3 0.5568181818181818 0.1534090909090909 0.5602272727272727 0.16363636363636364 0.5613636363636364 0.17727272727272728 0.5590909090909091 0.21704545454545454 0.5556818181818182 0.21704545454545454 0.55 0.2034090909090909 0.5431818181818182 0.19545454545454546 0.5375 0.17272727272727273 0.5375 0.1590909090909091 0.5409090909090909 0.15795454545454546 0.5465909090909091 0.16022727272727272 0.5556818181818182 0.1534090909090909
3 0.7022727272727273 0.26704545454545453 0.7068181818181818 0.2784090909090909 0.7068181818181818 0.2943181818181818 0.7034090909090909 0.30113636363636365 0.7 0.30113636363636365 0.6954545454545454 0.27954545454545454 0.6909090909090909 0.275 0.6875 0.275 0.6829545454545455 0.2818181818181818 0.6806818181818182 0.2818181818181818 0.6806818181818182 0.2772727272727273 0.6875 0.2715909090909091 0.6920454545454545 0.2534090909090909 0.696590909090909 0.26477272727272727 0.7011363636363637 0.26704545454545453
3 0.6102272727272727 0.06818181818181818 0.6170454545454546 0.0659090909090909 0.6204545454545455 0.07272727272727272 0.6193181818181818 0.10113636363636364 0.6170454545454546 0.10795454545454546 0.6125 0.10795454545454546 0.6079545454545454 0.10227272727272728 0.6068181818181818 0.09545454545454546 0.6079545454545454 0.0715909090909091 0.6102272727272727 0.06931818181818182
3 0.7943181818181818 0.35113636363636364 0.7965909090909091 0.3659090909090909 0.8 0.3715909090909091 0.8193181818181818 0.3715909090909091 0.8204545454545454 0.37386363636363634 0.8261363636363637 0.375 0.8295454545454546 0.3795454545454545 0.8261363636363637 0.4034090909090909 0.8284090909090909 0.42159090909090907 0.825 0.42613636363636365 0.8204545454545454 0.42613636363636365 0.8193181818181818 0.4238636363636364 0.8102272727272727 0.42045454545454547 0.8022727272727272 0.4102272727272727 0.7954545454545454 0.40795454545454546 0.7886363636363637 0.4011363636363636 0.7852272727272728 0.39431818181818185 0.7852272727272728 0.3659090909090909 0.7897727272727273 0.3522727272727273 0.7931818181818182 0.35113636363636364
3 0.8102272727272727 0.5386363636363637 0.8147727272727273 0.5465909090909091 0.8170454545454545 0.5647727272727273 0.821590909090909 0.571590909090909 0.8227272727272728 0.6 0.8272727272727273 0.6045454545454545 0.8306818181818182 0.6022727272727273 0.8318181818181818 0.5954545454545455 0.8329545454545455 0.5613636363636364 0.8443181818181819 0.5579545454545455 0.8488636363636364 0.553409090909091 0.8522727272727273 0.5579545454545455 0.8511363636363637 0.5625 0.8465909090909091 0.5670454545454545 0.8488636363636364 0.5681818181818182 0.8545454545454545 0.5863636363636363 0.8545454545454545 0.5954545454545455 0.8511363636363637 0.6022727272727273 0.8522727272727273 0.6147727272727272 0.8545454545454545 0.6181818181818182 0.8545454545454545 0.634090909090909 0.85 0.6397727272727273 0.8431818181818181 0.6386363636363637 0.8375 0.6227272727272727 0.825 0.6102272727272727 0.8181818181818182 0.5988636363636364 0.8056818181818182 0.5852272727272727 0.803409090909091 0.5795454545454546 0.8011363636363636 0.553409090909091 0.8056818181818182 0.5409090909090909 0.8090909090909091 0.5386363636363637
3 0.5102272727272728 0.042045454545454546 0.5193181818181818 0.042045454545454546 0.5238636363636363 0.05454545454545454 0.5238636363636363 0.08181818181818182 0.5193181818181818 0.08522727272727272 0.5125 0.07954545454545454 0.5125 0.06704545454545455 0.5056818181818182 0.04431818181818182 0.509090909090909 0.042045454545454546
3 0.575 0.10340909090909091 0.5784090909090909 0.11136363636363636 0.5795454545454546 0.12727272727272726 0.5761363636363637 0.1340909090909091 0.5761363636363637 0.14431818181818182 0.571590909090909 0.14659090909090908 0.5625 0.14659090909090908 0.5613636363636364 0.14431818181818182 0.5602272727272727 0.10568181818181818 0.5738636363636364 0.10340909090909091
3 0 0.3784090909090909 0.003409090909090909 0.3806818181818182 0.006818181818181818 0.38977272727272727 0.00909090909090909 0.39090909090909093 0.017045454545454544 0.4102272727272727 0.017045454545454544 0.4193181818181818 0.0125 0.4238636363636364 0.007954545454545454 0.4238636363636364 0.0022727272727272726 0.41704545454545455 0 0.41704545454545455 0 0.3795454545454545
3 0.7204545454545455 0.38295454545454544 0.7272727272727273 0.3875 0.7363636363636363 0.4034090909090909 0.7397727272727272 0.4056818181818182 0.7465909090909091 0.4034090909090909 0.7488636363636364 0.3965909090909091 0.7534090909090909 0.3977272727272727 0.7568181818181818 0.4102272727272727 0.7625 0.41818181818181815 0.7613636363636364 0.4465909090909091 0.7647727272727273 0.45340909090909093 0.7647727272727273 0.4693181818181818 0.7613636363636364 0.4738636363636364 0.7568181818181818 0.4738636363636364 0.75 0.4659090909090909 0.7477272727272727 0.45795454545454545 0.7443181818181818 0.45454545454545453 0.7375 0.45454545454545453 0.7227272727272728 0.43863636363636366 0.7181818181818181 0.42954545454545456 0.7159090909090909 0.4159090909090909 0.7159090909090909 0.3977272727272727 0.7181818181818181 0.38636363636363635 0.7204545454545455 0.3840909090909091
3 0.9045454545454545 0.4159090909090909 0.9102272727272728 0.42159090909090907 0.9170454545454545 0.42159090909090907 0.9215909090909091 0.43522727272727274 0.9193181818181818 0.45454545454545453 0.9238636363636363 0.46704545454545454 0.9238636363636363 0.48409090909090907 0.9181818181818182 0.4954545454545455 0.9113636363636364 0.4943181818181818 0.9079545454545455 0.48977272727272725 0.9034090909090909 0.4681818181818182 0.8931818181818182 0.4636363636363636 0.8977272727272727 0.4590909090909091 0.8988636363636363 0.45340909090909093 0.8977272727272727 0.42045454545454547 0.9011363636363636 0.4147727272727273 0.9034090909090909 0.4159090909090909
3 0.6795454545454546 0.12727272727272726 0.6806818181818182 0.13863636363636364 0.6772727272727272 0.14659090909090908 0.6795454545454546 0.16022727272727272 0.6772727272727272 0.16704545454545455 0.6772727272727272 0.18863636363636363 0.675 0.18863636363636363 0.6715909090909091 0.17272727272727273 0.6659090909090909 0.16477272727272727 0.6647727272727273 0.15227272727272728 0.6681818181818182 0.14772727272727273 0.6681818181818182 0.1340909090909091 0.6659090909090909 0.12954545454545455 0.6704545454545454 0.12727272727272726 0.678409090909091 0.12727272727272726
3 0.13295454545454546 0.05909090909090909 0.13636363636363635 0.05795454545454545 0.13977272727272727 0.06136363636363636 0.14545454545454545 0.07386363636363637 0.14545454545454545 0.0875 0.13068181818181818 0.09772727272727273 0.12613636363636363 0.09659090909090909 0.12272727272727273 0.07386363636363637 0.13295454545454546 0.06477272727272727 0.13295454545454546 0.060227272727272727
3 0.12954545454545455 0.10909090909090909 0.13522727272727272 0.1125 0.13977272727272727 0.12954545454545455 0.14431818181818182 0.13522727272727272 0.14431818181818182 0.15113636363636362 0.1375 0.15454545454545454 0.13068181818181818 0.15227272727272728 0.12727272727272726 0.14772727272727273 0.125 0.14772727272727273 0.12045454545454545 0.13977272727272727 0.11818181818181818 0.13295454545454546 0.12045454545454545 0.1159090909090909 0.12272727272727273 0.11136363636363636 0.12840909090909092 0.11022727272727273
3 0.6977272727272728 0.1125 0.7034090909090909 0.11136363636363636 0.7068181818181818 0.11704545454545455 0.7068181818181818 0.1534090909090909 0.7022727272727273 0.1590909090909091 0.6977272727272728 0.15681818181818183 0.6931818181818182 0.14545454545454545 0.6931818181818182 0.125 0.6977272727272728 0.11363636363636363
3 0.821590909090909 0.45795454545454545 0.8272727272727273 0.46704545454545454 0.8352272727272727 0.4738636363636364 0.8534090909090909 0.47045454545454546 0.8579545454545454 0.4647727272727273 0.8579545454545454 0.4602272727272727 0.8613636363636363 0.45795454545454545 0.865909090909091 0.4602272727272727 0.8727272727272727 0.4863636363636364 0.8715909090909091 0.5147727272727273 0.8738636363636364 0.5215909090909091 0.8738636363636364 0.5397727272727273 0.8715909090909091 0.5454545454545454 0.8693181818181818 0.5477272727272727 0.8625 0.5477272727272727 0.8556818181818182 0.5329545454545455 0.8454545454545455 0.5318181818181819 0.8431818181818181 0.5272727272727272 0.8431818181818181 0.509090909090909 0.8397727272727272 0.5022727272727273 0.8352272727272727 0.49886363636363634 0.8318181818181818 0.5011363636363636 0.8284090909090909 0.4965909090909091 0.8181818181818182 0.4943181818181818 0.8147727272727273 0.47045454545454546 0.8181818181818182 0.4602272727272727 0.8204545454545454 0.4590909090909091
3 0.6022727272727273 0.18522727272727274 0.6045454545454545 0.1875 0.6068181818181818 0.2056818181818182 0.6068181818181818 0.23636363636363636 0.6045454545454545 0.24431818181818182 0.6011363636363637 0.24431818181818182 0.5931818181818181 0.22954545454545455 0.5806818181818182 0.22272727272727272 0.5761363636363637 0.20454545454545456 0.5761363636363637 0.19886363636363635 0.5784090909090909 0.1965909090909091 0.5818181818181818 0.1965909090909091 0.5829545454545455 0.19318181818181818 0.5909090909090909 0.1875 0.6011363636363637 0.18522727272727274
3 0.11931818181818182 0.14772727272727273 0.12386363636363637 0.14772727272727273 0.12954545454545455 0.1534090909090909 0.13863636363636364 0.17272727272727273 0.13977272727272727 0.18636363636363637 0.13636363636363635 0.19204545454545455 0.125 0.19204545454545455 0.1215909090909091 0.19545454545454546 0.10795454545454546 0.19886363636363635 0.10340909090909091 0.2034090909090909 0.09772727272727273 0.2034090909090909 0.09545454545454546 0.20113636363636364 0.09318181818181819 0.17954545454545454 0.0875 0.17272727272727273 0.09090909090909091 0.1590909090909091 0.09318181818181819 0.15568181818181817 0.09659090909090909 0.15568181818181817 0.09772727272727273 0.15795454545454546 0.10227272727272728 0.15795454545454546 0.11136363636363636 0.17272727272727273 0.11136363636363636 0.17613636363636365 0.11931818181818182 0.17954545454545454 0.1215909090909091 0.1625 0.11931818181818182 0.14886363636363636
3 0.5363636363636364 0.26704545454545453 0.5340909090909091 0.2772727272727273 0.5340909090909091 0.30113636363636365 0.5363636363636364 0.30454545454545456 0.5375 0.32045454545454544 0.5363636363636364 0.325 0.5318181818181819 0.32840909090909093 0.5295454545454545 0.3375 0.5261363636363636 0.3340909090909091 0.525 0.3215909090909091 0.5193181818181818 0.31022727272727274 0.5159090909090909 0.27045454545454545 0.5193181818181818 0.26704545454545453 0.5272727272727272 0.2727272727272727 0.5318181818181819 0.2681818181818182 0.5352272727272728 0.2681818181818182
3 0.011363636363636364 0.32840909090909093 0.02159090909090909 0.34204545454545454 0.023863636363636365 0.35113636363636364 0.03409090909090909 0.3625 0.035227272727272725 0.3784090909090909 0.031818181818181815 0.39090909090909093 0.025 0.39204545454545453 0.014772727272727272 0.38522727272727275 0.005681818181818182 0.38295454545454544 0 0.37386363636363634 0 0.3386363636363636 0.0022727272727272726 0.3386363636363636 0.010227272727272727 0.32954545454545453
3 0.04659090909090909 0.1715909090909091 0.05 0.17386363636363636 0.05795454545454545 0.1875 0.05909090909090909 0.2034090909090909 0.06136363636363636 0.20795454545454545 0.06136363636363636 0.22727272727272727 0.05227272727272727 0.22840909090909092 0.04659090909090909 0.22045454545454546 0.04659090909090909 0.17272727272727273
3 0.571590909090909 0.9159090909090909 0.5761363636363637 0.9181818181818182 0.5818181818181818 0.9295454545454546 0.5840909090909091 0.95 0.5829545454545455 0.9613636363636363 0.5818181818181818 0.9647727272727272 0.5806818181818182 0.9636363636363636 0.5772727272727273 0.95 0.5681818181818182 0.9363636363636364 0.5613636363636364 0.9409090909090909 0.5613636363636364 0.9454545454545454 0.5590909090909091 0.9477272727272728 0.5602272727272727 0.9715909090909091 0.5545454545454546 0.9863636363636363 0.5545454545454546 0.9920454545454546 0.55 0.9988636363636364 0.5409090909090909 0.9988636363636364 0.5397727272727273 0.9965909090909091 0.5409090909090909 0.9840909090909091 0.5363636363636364 0.9704545454545455 0.5352272727272728 0.9295454545454546 0.5568181818181818 0.9227272727272727 0.5625 0.9159090909090909 0.5704545454545454 0.9159090909090909
3 0.7034090909090909 0.20909090909090908 0.7068181818181818 0.2125 0.7079545454545455 0.225 0.7056818181818182 0.2431818181818182 0.7068181818181818 0.2636363636363636 0.7045454545454546 0.27045454545454545 0.7045454545454546 0.275 0.7068181818181818 0.2772727272727273 0.7068181818181818 0.2897727272727273 0.7034090909090909 0.3 0.7 0.29659090909090907 0.7 0.28295454545454546 0.7045454545454546 0.2840909090909091 0.7034090909090909 0.2772727272727273 0.696590909090909 0.2715909090909091 0.6931818181818182 0.2636363636363636 0.6909090909090909 0.2409090909090909 0.6977272727272728 0.23522727272727273 0.7 0.21136363636363636 0.7022727272727273 0.21022727272727273
3 0.9431818181818182 0.634090909090909 0.9488636363636364 0.6329545454545454 0.9534090909090909 0.6363636363636364 0.9647727272727272 0.6534090909090909 0.9670454545454545 0.6659090909090909 0.9772727272727273 0.6829545454545455 0.9738636363636364 0.6863636363636364 0.9715909090909091 0.7022727272727273 0.9693181818181819 0.7045454545454546 0.9693181818181819 0.7102272727272727 0.9727272727272728 0.7125 0.9772727272727273 0.7227272727272728 0.9829545454545454 0.7113636363636363 0.9806818181818182 0.7034090909090909 0.9829545454545454 0.7 0.9829545454545454 0.6920454545454545 0.9875 0.6852272727272727 0.9863636363636363 0.6829545454545455 0.9931818181818182 0.6715909090909091 0.9954545454545455 0.6715909090909091 0.9988636363636364 0.6772727272727272 0.9988636363636364 0.7636363636363637 0.9977272727272727 0.7613636363636364 0.9943181818181818 0.7613636363636364 0.990909090909091 0.7579545454545454 0.9829545454545454 0.7375 0.9670454545454545 0.7261363636363637 0.9659090909090909 0.7215909090909091 0.9579545454545455 0.7147727272727272 0.9579545454545455 0.7113636363636363 0.9454545454545454 0.7022727272727273 0.9363636363636364 0.6886363636363636 0.9340909090909091 0.6715909090909091 0.9352272727272727 0.6545454545454545 0.9420454545454545 0.6443181818181818 0.9431818181818182 0.6352272727272728
3 0.6409090909090909 0.1875 0.6443181818181818 0.18636363636363637 0.6488636363636363 0.2 0.6488636363636363 0.2215909090909091 0.6431818181818182 0.22386363636363638 0.6375 0.2318181818181818 0.6295454545454545 0.2318181818181818 0.6238636363636364 0.22613636363636364 0.6204545454545455 0.21363636363636362 0.6204545454545455 0.2056818181818182 0.6227272727272727 0.20227272727272727 0.625 0.20454545454545456 0.6295454545454545 0.20454545454545456 0.6306818181818182 0.20227272727272727 0.6284090909090909 0.19886363636363635 0.6386363636363637 0.19545454545454546 0.6409090909090909 0.18863636363636363
3 0.6579545454545455 0.15568181818181817 0.6613636363636364 0.15568181818181817 0.6636363636363637 0.16704545454545455 0.6625 0.20681818181818182 0.6579545454545455 0.20681818181818182 0.6556818181818181 0.19886363636363635 0.65 0.1965909090909091 0.6477272727272727 0.18863636363636363 0.6477272727272727 0.1715909090909091 0.65 0.1693181818181818 0.65 0.16477272727272727 0.6579545454545455 0.15681818181818183
3 0.5738636363636364 0.3965909090909091 0.5784090909090909 0.4011363636363636 0.5738636363636364 0.40795454545454546 0.5761363636363637 0.4329545454545455 0.5738636363636364 0.43977272727272726 0.5738636363636364 0.4590909090909091 0.571590909090909 0.4636363636363636 0.5659090909090909 0.45795454545454545 0.5659090909090909 0.45454545454545453 0.5568181818181818 0.43863636363636366 0.5545454545454546 0.40795454545454546 0.5579545454545455 0.4 0.5727272727272728 0.3965909090909091
3 0.5920454545454545 0.3488636363636364 0.5920454545454545 0.35113636363636364 0.5977272727272728 0.35454545454545455 0.6090909090909091 0.35454545454545455 0.6090909090909091 0.39545454545454545 0.6022727272727273 0.4125 0.6022727272727273 0.42613636363636365 0.5977272727272728 0.4329545454545455 0.5954545454545455 0.42613636363636365 0.5954545454545455 0.4102272727272727 0.5920454545454545 0.4068181818181818 0.5897727272727272 0.4147727272727273 0.5875 0.4159090909090909 0.5852272727272727 0.41363636363636364 0.5852272727272727 0.39886363636363636 0.5909090909090909 0.38181818181818183 0.5920454545454545 0.35
3 0.8181818181818182 0.32386363636363635 0.8295454545454546 0.3306818181818182 0.8363636363636363 0.34204545454545454 0.8363636363636363 0.3704545454545455 0.8397727272727272 0.3784090909090909 0.8397727272727272 0.3965909090909091 0.8375 0.4011363636363636 0.8340909090909091 0.40454545454545454 0.8306818181818182 0.40454545454545454 0.8272727272727273 0.4011363636363636 0.8261363636363637 0.39204545454545453 0.8284090909090909 0.3795454545454545 0.8227272727272728 0.37613636363636366 0.8170454545454545 0.3659090909090909 0.8170454545454545 0.34204545454545454 0.8204545454545454 0.3375 0.8204545454545454 0.32954545454545453 0.8181818181818182 0.325
2 0.39375 0.7472222227272728 0.4 0.7805555556818181 0.421875 0.8 0.43203125 0.8 0.45234375 0.7916666670454545 0.46015625 0.7958333329545455 0.46484375 0.7875 0.48359375 0.7791666670454545 0.490625 0.7708333329545455 0.49296875 0.7597222227272727 0.49140625 0.7041666670454545 0.44609375 0.5777777772727273 0.44921875 0.5569444443181818 0.43932265568181816 0.5555555556818181 0.41796875 0.5361111113636364 0.40546875 0.5361111113636364 0.371875 0.5486111113636364 0.359375 0.5583333329545455 0.35234375 0.5708333329545454 0.3515625 0.6 0.359375 0.6472222227272727 0.36640625 0.6597222227272728 0.39375 0.7472222227272728
2 0.496875 0.5388888886363636 0.50078125 0.5694444443181819 0.50703125 0.5819444443181819 0.546875 0.5736111113636364 0.58125 0.5597222227272728 0.584375 0.5263888886363636 0.58125 0.5 0.56953125 0.4638888886363636 0.5375 0.4 0.521875 0.3958333329545454 0.5109375 0.38611111136363635 0.490625 0.3875 0.465625 0.39861111136363636 0.45390625 0.4166666670454546 0.45234375 0.4361111113636364 0.45859375 0.47638888863636364 0.475 0.4930555556818182 0.496875 0.5388888886363636
2 0.68515625 0.9680555556818181 0.69375 0.9986111113636363 0.81015625 0.9986111113636363 0.80859375 0.9555555556818182 0.7875 0.9097222227272728 0.7828125 0.8819444443181819 0.7765625 0.8833333329545455 0.7734375 0.8680555556818181 0.73203125 0.7958333329545455 0.73203125 0.7861111113636364 0.71875 0.7847222227272728 0.69609375 0.7555555556818181 0.67890625 0.7430555556818181 0.6625 0.7444444443181819 0.63515625 0.7569444443181819 0.6140625 0.7861111113636364 0.615625 0.8222222227272727 0.62578125 0.8583333329545455 0.6421875 0.8736111113636363 0.68515625 0.9680555556818181
2 0.34296875 0.35833333295454545 0.34765625 0.3680555556818182 0.37890625 0.3680555556818182 0.40078125 0.35833333295454545 0.40703125 0.35 0.4078125 0.3319444443181818 0.40078125 0.28888888863636364 0.3859375 0.2555555556818182 0.38359375 0.23888888863636362 0.365625 0.23472222272727272 0.32421875 0.24722222272727273 0.31875 0.2722222227272727 0.3203125 0.2916666670454546 0.33828125 0.3263888886363636 0.34296875 0.35833333295454545
2 0.34296875 0.13333333295454544 0.34375 0.11527777727272728 0.33984375 0.09305555568181818 0.33203125 0.06805555568181818 0.325 0.05694444431818182 0.3171875 0.054166667045454545 0.296875 0.059722222727272734 0.2859375 0.07361111136363636 0.2859375 0.10138888863636364 0.296875 0.12777777727272727 0.3 0.14444444431818182 0.34296875 0.13333333295454544
2 0.44375 0.14444444431818182 0.4625 0.14722222272727273 0.484375 0.14166666704545455 0.48828125 0.13611111136363635 0.48984375 0.12361111136363637 0.48671875 0.10277777727272727 0.471875 0.06805555568181818 0.45703125 0.04444444431818182 0.44453125 0.034722222727272725 0.43125 0.03333333295454546 0.41640625 0.04166666704545454 0.4125 0.05555555568181818 0.40859375 0.0819444443181818 0.4140625 0.10833333295454545 0.43125 0.12222222272727272 0.44375 0.14444444431818182