3 0.29147727272727275 0.6477272727272727 0.03125 0.09602272727272727
3 0.803409090909091 0.6085227272727273 0.06420454545454546 0.06363636363636363
3 0.3301136363636364 0.8318181818181818 0.04772727272727273 0.10568181818181818
3 0.6625 0.4005681818181818 0.042045454545454546 0.056818181818181816
3 0.5556818181818182 0.24431818181818182 0.019318181818181818 0.04431818181818182
3 0.93125 0.2369318181818182 0.017045454545454544 0.04318181818181818
3 0.5681818181818182 0.5289772727272727 0.04147727272727273 0.075
2 0.26022727272727275 0.8590909090909091 0.13295454545454546 0.2596590909090909
3 0.43011363636363636 0.46193181818181817 0.022727272727272728 0.0625
3 0.5130681818181818 0.4556818181818182 0.03579545454545455 0.06647727272727273
3 0.042045454545454546 0.1653409090909091 0.014772727272727272 0.04147727272727273
3 0.4659090909090909 0.4414772727272727 0.025 0.058522727272727275
3 0.1125 0.36022727272727273 0.01875 0.05397727272727273
3 0.9267045454545455 0.8602272727272727 0.05454545454545454 0.11818181818181818
3 0.33636363636363636 0.33693181818181817 0.019318181818181818 0.056818181818181816
3 0.04772727272727273 0.11818181818181818 0.010795454545454546 0.033522727272727273
3 0.36704545454545456 0.3744318181818182 0.02159090909090909 0.056818181818181816
3 0.06818181818181818 0.2255681818181818 0.017045454545454544 0.056818181818181816
3 0.8909090909090909 0.23068181818181818 0.014772727272727272 0.038636363636363635
3 0.8295454545454546 0.21931818181818183 0.015909090909090907 0.04147727272727273
3 0.5920454545454545 0.45625 0.024431818181818183 0.0625
3 0.23011363636363635 0.5278409090909091 0.024431818181818183 0.06136363636363636
3 0.6431818181818182 0.4335227272727273 0.024431818181818183 0.058522727272727275
3 0.6227272727272727 0.45284090909090907 0.026704545454545453 0.06136363636363636
3 0.4193181818181818 0.3789772727272727 0.020454545454545454 0.05
3 0.0659090909090909 0.08068181818181819 0.011931818181818182 0.033522727272727273
3 0.48806818181818185 0.39147727272727273 0.024431818181818183 0.06363636363636363
3 0.07045454545454545 0.17897727272727273 0.015909090909090907 0.038636363636363635
3 0.09772727272727273 0.1215909090909091 0.0125 0.04318181818181818
3 0.04090909090909091 0.04431818181818182 0.010227272727272727 0.033522727272727273
3 0.00625 0.6193181818181818 0.0125 0.038636363636363635
3 0.011931818181818182 0.08352272727272728 0.010795454545454546 0.038636363636363635
3 0.8704545454545455 0.23068181818181818 0.017045454545454544 0.033522727272727273