3 0.9204545454545454 0.48522727272727273 0.058522727272727275 0.10397727272727272
2 0.5130681818181818 0.5477272727272727 0.14375 0.20681818181818182
3 0.9193181818181818 0.8119318181818181 0.08295454545454546 0.14602272727272728
2 0.675 0.9028409090909091 0.2 0.19147727272727272
2 0.7795454545454545 0.44943181818181815 0.14772727272727273 0.21534090909090908
3 0.5454545454545454 0.08238636363636363 0.024431818181818183 0.05113636363636364
3 0.40454545454545454 0.22443181818181818 0.048295454545454544 0.07386363636363637
3 0.011931818181818182 0.3744318181818182 0.023863636363636365 0.07386363636363637
3 0.5857954545454546 0.1318181818181818 0.03068181818181818 0.06931818181818182
3 0.6636363636363637 0.1590909090909091 0.02727272727272727 0.0625
3 0.13352272727272727 0.12897727272727272 0.048295454545454544 0.058522727272727275
3 0.5119318181818182 0.036931818181818184 0.024431818181818183 0.04602272727272727
3 0.41306818181818183 0.15681818181818183 0.031818181818181815 0.08068181818181819
3 0.6232954545454545 0.14659090909090908 0.028977272727272727 0.04318181818181818
3 0.5801136363636363 0.04943181818181818 0.031818181818181815 0.05397727272727273
3 0.36875 0.1806818181818182 0.0375 0.05568181818181818
2 0.6420454545454546 0.24147727272727273 0.10340909090909091 0.15568181818181817
3 0.3477272727272727 0.09659090909090909 0.03125 0.048863636363636366
2 0.5102272727272728 0.1590909090909091 0.09204545454545454 0.12386363636363637
3 0.4693181818181818 0.2630681818181818 0.04431818181818182 0.06818181818181818
3 0.38579545454545455 0.11647727272727272 0.03125 0.05284090909090909
2 0.8448863636363636 0.11306818181818182 0.12443181818181819 0.11818181818181818
2 0.6397727272727273 0.0846590909090909 0.08409090909090909 0.08863636363636364
2 0.70625 0.2215909090909091 0.0875 0.12897727272727272
3 0.9886363636363636 0.5511363636363636 0.021022727272727273 0.08636363636363636
2 0.4159090909090909 0.04943181818181818 0.07727272727272727 0.09886363636363636