3 0.20397727272727273 0.3494318181818182 0.020454545454545454 0.04602272727272727
3 0.32727272727272727 0.3181818181818182 0.025 0.04431818181818182
3 0.08125 0.3698863636363636 0.020454545454545454 0.048863636363636366
3 0.05056818181818182 0.38977272727272727 0.022727272727272728 0.048863636363636366
3 0.29261363636363635 0.32897727272727273 0.014772727272727272 0.04431818181818182
3 0.23068181818181818 0.4431818181818182 0.036931818181818184 0.04147727272727273
3 0.23920454545454545 0.34147727272727274 0.021022727272727273 0.04147727272727273
3 0.10568181818181818 0.3715909090909091 0.022727272727272728 0.04602272727272727
3 0.125 0.36818181818181817 0.01875 0.05568181818181818
3 0.11931818181818182 0.4630681818181818 0.04318181818181818 0.056818181818181816
2 0.46079545454545456 0.4556818181818182 0.08352272727272728 0.1028409090909091
3 0.25738636363636364 0.33352272727272725 0.019318181818181818 0.05
3 0.023863636363636365 0.3744318181818182 0.024431818181818183 0.05113636363636364
3 0.2767045454545455 0.33181818181818185 0.020454545454545454 0.04431818181818182