3 0.5823863636363636 0.9431818181818182 0.056818181818181816 0.11136363636363636
3 0.6681818181818182 0.5011363636363636 0.042045454545454546 0.07215909090909091
3 0.5255681818181818 0.9602272727272727 0.05625 0.07897727272727273
3 0.6971590909090909 0.40397727272727274 0.035227272727272725 0.06363636363636363
3 0.48068181818181815 0.5255681818181818 0.061931818181818185 0.06818181818181818
3 0.01875 0.6119318181818182 0.0375 0.056818181818181816
3 0.6397727272727273 0.3835227272727273 0.017045454545454544 0.05
3 0.6119318181818182 0.4119318181818182 0.024431818181818183 0.05397727272727273
3 0.3119318181818182 0.9681818181818181 0.04147727272727273 0.06363636363636363
3 0.5619318181818181 0.4153409090909091 0.01818181818181818 0.058522727272727275
3 0.19375 0.44375 0.025 0.0625
3 0.7011363636363637 0.48068181818181815 0.02556818181818182 0.06136363636363636
3 0.8301136363636363 0.21647727272727274 0.014772727272727272 0.05
3 0.93125 0.2369318181818182 0.014204545454545454 0.040340909090909094
3 0.21022727272727273 0.2846590909090909 0.01875 0.04715909090909091
3 0.37329545454545454 0.46988636363636366 0.02159090909090909 0.0625
3 0.26704545454545453 0.6397727272727273 0.036931818181818184 0.0903409090909091
3 0.8920454545454546 0.23068181818181818 0.013068181818181817 0.04147727272727273
3 0.25 0.3477272727272727 0.01875 0.05397727272727273
3 0.9568181818181818 0.24034090909090908 0.014204545454545454 0.04147727272727273
3 0.5380681818181818 0.4289772727272727 0.020454545454545454 0.05568181818181818
3 0.1625 0.2369318181818182 0.01875 0.056818181818181816
3 0.5892045454545455 0.4119318181818182 0.01818181818181818 0.05113636363636364
3 0.4994318181818182 0.45397727272727273 0.020454545454545454 0.05568181818181818
3 0.009659090909090909 0.056818181818181816 0.010227272727272727 0.03068181818181818
2 0.8443181818181819 0.4289772727272727 0.12045454545454545 0.1471590909090909
3 0.015909090909090907 0.10568181818181818 0.011931818181818182 0.03636363636363636
3 0.12954545454545455 0.18238636363636362 0.014204545454545454 0.03465909090909091
3 0.9119318181818182 0.23522727272727273 0.013068181818181817 0.0375
3 0.03238636363636364 0.09659090909090909 0.013068181818181817 0.031818181818181815
2 0.3721590909090909 0.3119318181818182 0.09147727272727273 0.13465909090909092
3 0.41306818181818183 0.1806818181818182 0.017045454545454544 0.04147727272727273
3 0.07215909090909091 0.1028409090909091 0.013068181818181817 0.038636363636363635
3 0.8505681818181818 0.22443181818181818 0.01875 0.040340909090909094
3 0.2625 0.3085227272727273 0.01875 0.04715909090909091
2 0.9573863636363636 0.4630681818181818 0.08352272727272728 0.1318181818181818
3 0.06818181818181818 0.1431818181818182 0.014204545454545454 0.04431818181818182
3 0.09943181818181818 0.21306818181818182 0.0125 0.031818181818181815
3 0.12045454545454545 0.44772727272727275 0.01818181818181818 0.04318181818181818
3 0.17272727272727273 0.5136363636363637 0.028409090909090908 0.075
3 0.1340909090909091 0.39943181818181817 0.017045454545454544 0.04318181818181818
3 0.4738636363636364 0.2909090909090909 0.02556818181818182 0.048863636363636366
3 0.4244318181818182 0.4914772727272727 0.02556818181818182 0.06647727272727273
3 0.10170454545454545 0.27897727272727274 0.013068181818181817 0.03068181818181818
3 0.04147727272727273 0.036931818181818184 0.00909090909090909 0.031818181818181815
3 0.46988636363636366 0.3778409090909091 0.016477272727272726 0.04431818181818182
3 0.7482954545454545 0.22215909090909092 0.02159090909090909 0.038636363636363635
3 0.051704545454545454 0.27443181818181817 0.017045454545454544 0.0625