2 0.475 0.7369318181818182 0.15 0.2818181818181818
3 0.4102272727272727 0.9380681818181819 0.05795454545454545 0.12102272727272727
3 0.5193181818181818 0.2840909090909091 0.024431818181818183 0.06534090909090909
3 0.9715909090909091 0.2761363636363636 0.053409090909090906 0.06363636363636363
3 0.4346590909090909 0.1806818181818182 0.019318181818181818 0.058522727272727275
3 0.37386363636363634 0.04318181818181818 0.01818181818181818 0.05284090909090909
3 0.46193181818181817 0.23522727272727273 0.024431818181818183 0.06818181818181818
3 0.5573863636363636 0.3352272727272727 0.028977272727272727 0.08181818181818182
3 0.6329545454545454 0.3210227272727273 0.03409090909090909 0.08352272727272728
3 0.8477272727272728 0.34147727272727274 0.028409090909090908 0.075
3 0.6818181818181818 0.3375 0.03068181818181818 0.075
3 0.2125 0.17556818181818182 0.01875 0.07386363636363637
3 0.75 0.32443181818181815 0.03920454545454546 0.0846590909090909
3 0.7073863636363636 0.3181818181818182 0.02556818181818182 0.07784090909090909
3 0.6056818181818182 0.21306818181818182 0.019318181818181818 0.056818181818181816
2 0.31420454545454546 0.2852272727272727 0.07102272727272728 0.12897727272727272
3 0.49375 0.24147727272727273 0.020454545454545454 0.06931818181818182
3 0.4005681818181818 0.06818181818181818 0.023295454545454546 0.04431818181818182
3 0.8107954545454545 0.3352272727272727 0.03068181818181818 0.07897727272727273
3 0.5994318181818182 0.32272727272727275 0.02556818181818182 0.07386363636363637
3 0.13465909090909092 0.15113636363636362 0.035227272727272725 0.04715909090909091
3 0.2545454545454545 0.35568181818181815 0.025 0.06647727272727273
3 0.013068181818181817 0.17727272727272728 0.026136363636363635 0.05227272727272727
2 0.39431818181818185 0.23068181818181818 0.08806818181818182 0.11931818181818182
3 0.41306818181818183 0.15568181818181817 0.017045454545454544 0.04431818181818182
3 0.5693181818181818 0.2056818181818182 0.017045454545454544 0.058522727272727275
3 0.6375 0.16022727272727272 0.01875 0.056818181818181816
3 0.03920454545454546 0.1431818181818182 0.04602272727272727 0.05568181818181818
3 0.5017045454545455 0.1 0.015909090909090907 0.05