3 0.9426136363636364 0.8880681818181818 0.04431818181818182 0.08181818181818182
3 0.17045454545454544 0.8778409090909091 0.031818181818181815 0.06931818181818182
3 0.6806818181818182 0.7244318181818182 0.02556818181818182 0.056818181818181816
3 0.5971590909090909 0.6619318181818182 0.01818181818181818 0.05397727272727273
3 0.6301136363636364 0.7085227272727272 0.02556818181818182 0.06647727272727273
3 0.9732954545454545 0.8681818181818182 0.036931818181818184 0.08068181818181819
3 0.647159090909091 0.6931818181818182 0.021022727272727273 0.058522727272727275
3 0.19204545454545455 0.8403409090909091 0.026704545454545453 0.06136363636363636
3 0.09090909090909091 0.9693181818181819 0.03579545454545455 0.058522727272727275
3 0.9193181818181818 0.8181818181818182 0.03295454545454545 0.05568181818181818
3 0.27329545454545456 0.696590909090909 0.03920454545454546 0.05397727272727273
3 0.13636363636363635 0.8965909090909091 0.033522727272727273 0.07102272727272728
3 0.06875 0.7602272727272728 0.026704545454545453 0.056818181818181816
3 0.17556818181818182 0.6306818181818182 0.01818181818181818 0.04715909090909091
3 0.33579545454545456 0.4056818181818182 0.010795454545454546 0.038636363636363635
3 0.36875 0.48522727272727273 0.0125 0.031818181818181815
2 0.18693181818181817 0.49318181818181817 0.06875 0.07215909090909091
3 0.8613636363636363 0.7818181818181819 0.02556818181818182 0.06363636363636363
2 0.03579545454545455 0.6056818181818182 0.05909090909090909 0.08352272727272728
3 0.4119318181818182 0.5397727272727273 0.01818181818181818 0.05397727272727273