3 0.6693181818181818 0.9022727272727272 0.08181818181818182 0.10113636363636364
3 0.5761363636363637 0.6556818181818181 0.060227272727272727 0.06647727272727273
3 0.9420454545454545 0.4948863636363636 0.05397727272727273 0.06534090909090909
3 0.6323863636363637 0.4244318181818182 0.03068181818181818 0.0625
3 0.9886363636363636 0.5130681818181818 0.021022727272727273 0.04602272727272727
3 0.9306818181818182 0.23522727272727273 0.017045454545454544 0.04318181818181818
3 0.8579545454545454 0.4727272727272727 0.05056818181818182 0.056818181818181816
3 0.9204545454545454 0.4431818181818182 0.04943181818181818 0.04431818181818182
3 0.38522727272727275 0.4056818181818182 0.02159090909090909 0.05568181818181818
3 0.07613636363636364 0.19318181818181818 0.013068181818181817 0.04431818181818182
3 0.8295454545454546 0.21647727272727274 0.014204545454545454 0.04431818181818182
2 0.525 0.7306818181818182 0.175 0.17784090909090908
2 0.45795454545454545 0.540340909090909 0.13522727272727272 0.16647727272727272
3 0.39943181818181817 0.3744318181818182 0.014772727272727272 0.056818181818181816
3 0.5857954545454546 0.4369318181818182 0.019318181818181818 0.05965909090909091
3 0.10056818181818182 0.17556818181818182 0.014204545454545454 0.04602272727272727
3 0.03579545454545455 0.17613636363636365 0.014772727272727272 0.04715909090909091
3 0.90625 0.2318181818181818 0.01875 0.038636363636363635
2 0.2857954545454545 0.3715909090909091 0.08125 0.10397727272727272
2 0.15568181818181817 0.3710227272727273 0.07727272727272727 0.10852272727272727
2 0.47556818181818183 0.4369318181818182 0.10568181818181818 0.12102272727272727
3 0.5295454545454545 0.45284090909090907 0.02159090909090909 0.06647727272727273
3 0.013068181818181817 0.1494318181818182 0.010795454545454546 0.028977272727272727
3 0.19375 0.2852272727272727 0.017045454545454544 0.04318181818181818
3 0.042045454545454546 0.5943181818181819 0.04147727272727273 0.058522727272727275
3 0.8897727272727273 0.22897727272727272 0.014204545454545454 0.04147727272727273
3 0.8511363636363637 0.22613636363636364 0.019318181818181818 0.03636363636363636
2 0.38522727272727275 0.2681818181818182 0.07045454545454545 0.10568181818181818