3 0.41818181818181815 0.8931818181818182 0.05056818181818182 0.14147727272727273
3 0.5306818181818181 0.48352272727272727 0.03579545454545455 0.1028409090909091
2 0.6835227272727272 0.8715909090909091 0.2 0.2539772727272727
3 0.6602272727272728 0.1965909090909091 0.025 0.0625
3 0.5886363636363636 0.15852272727272726 0.016477272727272726 0.05284090909090909
3 0.29261363636363635 0.17272727272727273 0.021022727272727273 0.07386363636363637
2 0.3801136363636364 0.41306818181818183 0.10056818181818182 0.1625
3 0.5164772727272727 0.15568181818181817 0.01875 0.05284090909090909
3 0.5625 0.15681818181818183 0.017045454545454544 0.05
3 0.4659090909090909 0.20738636363636365 0.019318181818181818 0.05965909090909091
3 0.4943181818181818 0.16193181818181818 0.017045454545454544 0.05397727272727273
3 0.5380681818181818 0.15397727272727274 0.017045454545454544 0.05
3 0.6306818181818182 0.1965909090909091 0.01818181818181818 0.056818181818181816
3 0.6982954545454545 0.1943181818181818 0.01818181818181818 0.058522727272727275
3 0.3301136363636364 0.11931818181818182 0.021022727272727273 0.06363636363636363
3 0.026704545454545453 0.36306818181818185 0.053409090909090906 0.0625
3 0.19886363636363635 0.24772727272727274 0.021022727272727273 0.05113636363636364
3 0.19602272727272727 0.15056818181818182 0.01875 0.05965909090909091
2 0.2551136363636364 0.08522727272727272 0.060227272727272727 0.09318181818181819
3 0.4409090909090909 0.12897727272727272 0.024431818181818183 0.058522727272727275
2 0.4017045454545455 0.038636363636363635 0.06704545454545455 0.07727272727272727
3 0.678409090909091 0.18977272727272726 0.014772727272727272 0.056818181818181816
2 0.8454545454545455 0.11534090909090909 0.12443181818181819 0.11363636363636363