3 0.09090909090909091 0.36818181818181817 0.022727272727272728 0.05568181818181818
3 0.16420454545454546 0.3403409090909091 0.021022727272727273 0.05284090909090909
3 0.12897727272727272 0.3619318181818182 0.01875 0.05113636363636364
3 0.048295454545454544 0.3835227272727273 0.024431818181818183 0.05
3 0.24431818181818182 0.3130681818181818 0.019318181818181818 0.04602272727272727
3 0.2005681818181818 0.3494318181818182 0.02556818181818182 0.048863636363636366
3 0.3664772727272727 0.30056818181818185 0.026704545454545453 0.04318181818181818
3 0.2727272727272727 0.3119318181818182 0.015909090909090907 0.03465909090909091
3 0.017045454545454544 0.29147727272727275 0.03295454545454545 0.05568181818181818
3 0.2 0.29318181818181815 0.01875 0.06136363636363636
3 0.6619318181818182 0.2318181818181818 0.01818181818181818 0.038636363636363635
3 0.2988636363636364 0.32443181818181815 0.022727272727272728 0.04602272727272727
3 0.26193181818181815 0.27443181818181817 0.019318181818181818 0.03465909090909091
3 0.325 0.3130681818181818 0.020454545454545454 0.05397727272727273
2 0.5102272727272728 0.29147727272727275 0.05795454545454545 0.05568181818181818
3 0.15056818181818182 0.22272727272727272 0.010795454545454546 0.028977272727272727
3 0.3073863636363636 0.3130681818181818 0.021022727272727273 0.0625