3 0.46484375 0.6819444443181819 0.465625 0.6986111113636364 0.47265625 0.7138888886363636 0.47421875 0.7458333329545455 0.48359375 0.7569444443181819 0.49609375 0.7902777772727273 0.509375 0.8138888886363637 0.51953125 0.8625 0.5328125 0.8777777772727272 0.55703125 0.8805555556818181 0.56796875 0.8722222227272728 0.590625 0.8722222227272728 0.596875 0.8625 0.6078125 0.8569444443181818 0.61953125 0.8583333329545455 0.62890625 0.8444444443181819 0.6359375 0.7694444443181819 0.6375 0.7180555556818181 0.63125 0.7041666670454545 0.553125 0.5916666670454545 0.548828125 0.5916666670454545 0.49375 0.6 0.475 0.6125 0.46796875 0.6472222227272727 0.46484375 0.6819444443181819
2 0.46796875 0.5902777772727272 0.4703125 0.5958333329545455 0.50234375 0.5986111113636364 0.52265625 0.5944444443181819 0.53671875 0.5486111113636364 0.53828125 0.5152777772727273 0.53671875 0.5069444443181819 0.509375 0.4875 0.50390625 0.4875 0.490625 0.4944444443181818 0.475 0.5361111113636364 0.46875 0.5638888886363637 0.46796875 0.5902777772727272
2 0.62421875 0.3763888886363636 0.6265625 0.3819444443181818 0.6546875 0.3875 0.67421875 0.36527777727272726 0.67734375 0.35138888863636364 0.6765625 0.34305555568181817 0.6671875 0.32916666704545455 0.6546875 0.325 0.65078125 0.325 0.64296875 0.325 0.63125 0.33611111136363636 0.62578125 0.35277777727272724 0.62421875 0.3763888886363636
3 0.6897727272727273 0.39204545454545453 0.6897727272727273 0.39431818181818185 0.6943181818181818 0.3977272727272727 0.6943181818181818 0.4090909090909091 0.6897727272727273 0.42159090909090907 0.6897727272727273 0.4284090909090909 0.6818181818181818 0.4420454545454545 0.6795454545454546 0.45227272727272727 0.6681818181818182 0.4602272727272727 0.6625 0.45681818181818185 0.6659090909090909 0.43068181818181817 0.6704545454545454 0.4238636363636364 0.675 0.40454545454545454 0.6829545454545455 0.3931818181818182 0.6886363636363636 0.39204545454545453
3 0.34545454545454546 0.5193181818181818 0.02159090909090909 0.03636363636363636
3 0.3659090909090909 0.2863636363636364 0.36818181818181817 0.2863636363636364 0.37272727272727274 0.29318181818181815 0.37613636363636366 0.31477272727272726 0.3693181818181818 0.31931818181818183 0.35113636363636364 0.31931818181818183 0.3488636363636364 0.31022727272727274 0.3522727272727273 0.29318181818181815 0.3659090909090909 0.2875
3 0.6386363636363637 0.4420454545454545 0.6420454545454546 0.45795454545454545 0.6420454545454546 0.4715909090909091 0.6375 0.48068181818181815 0.6363636363636364 0.4943181818181818 0.6318181818181818 0.509090909090909 0.6204545454545455 0.5170454545454546 0.615909090909091 0.5159090909090909 0.615909090909091 0.5022727272727273 0.6227272727272727 0.48863636363636365 0.6284090909090909 0.46136363636363636 0.6352272727272728 0.4431818181818182 0.6375 0.4420454545454545
3 0.9011363636363636 0.225 0.9045454545454545 0.22954545454545455 0.9045454545454545 0.24659090909090908 0.9 0.24886363636363637 0.8977272727272727 0.24545454545454545 0.8977272727272727 0.23636363636363636 0.9011363636363636 0.22613636363636364
3 0 0.2897727272727273 0.005681818181818182 0.2897727272727273 0.00909090909090909 0.29318181818181815 0.0125 0.3090909090909091 0.011363636363636364 0.32272727272727275 0.00909090909090909 0.325 0 0.325 0 0.2909090909090909
3 0.23522727272727273 0.3181818181818182 0.23636363636363636 0.32045454545454544 0.24431818181818182 0.3215909090909091 0.24772727272727274 0.3261363636363636 0.2545454545454545 0.32727272727272727 0.25681818181818183 0.3306818181818182 0.25795454545454544 0.34204545454545454 0.25795454545454544 0.3522727272727273 0.2556818181818182 0.35795454545454547 0.2409090909090909 0.35795454545454547 0.2409090909090909 0.35568181818181815 0.23068181818181818 0.34545454545454546 0.23068181818181818 0.33295454545454545 0.23295454545454544 0.3215909090909091 0.23522727272727273 0.31931818181818183
3 0.30113636363636365 0.3090909090909091 0.3034090909090909 0.31136363636363634 0.3079545454545455 0.3090909090909091 0.31136363636363634 0.31477272727272726 0.31363636363636366 0.3386363636363636 0.3090909090909091 0.3465909090909091 0.29318181818181815 0.34545454545454546 0.2897727272727273 0.3397727272727273 0.2897727272727273 0.31022727272727274 0.29318181818181815 0.30454545454545456 0.29659090909090907 0.30454545454545456 0.3 0.3090909090909091
3 0.33181818181818185 0.29772727272727273 0.33636363636363636 0.3090909090909091 0.33636363636363636 0.325 0.3340909090909091 0.33181818181818185 0.3306818181818182 0.33295454545454545 0.32840909090909093 0.3375 0.31931818181818183 0.32727272727272727 0.3170454545454545 0.3159090909090909 0.3181818181818182 0.2988636363636364 0.3215909090909091 0.2988636363636364 0.32727272727272727 0.30454545454545456 0.3306818181818182 0.30227272727272725 0.3306818181818182 0.2988636363636364
3 0.27045454545454545 0.29772727272727273 0.27954545454545454 0.3125 0.2840909090909091 0.3159090909090909 0.2852272727272727 0.325 0.28295454545454546 0.3340909090909091 0.27954545454545454 0.32840909090909093 0.2761363636363636 0.32840909090909093 0.27386363636363636 0.33295454545454545 0.2681818181818182 0.33181818181818185 0.26590909090909093 0.31136363636363634 0.2636363636363636 0.3079545454545455 0.26704545454545453 0.2988636363636364 0.26931818181818185 0.29772727272727273
3 0.1875 0.3306818181818182 0.19090909090909092 0.3306818181818182 0.1965909090909091 0.3352272727272727 0.20227272727272727 0.34545454545454546 0.20227272727272727 0.3659090909090909 0.1965909090909091 0.37613636363636366 0.18522727272727274 0.37613636363636366 0.1806818181818182 0.35909090909090907 0.1806818181818182 0.3477272727272727 0.18409090909090908 0.3352272727272727 0.1875 0.33181818181818185
3 0.6465909090909091 0.4909090909090909 0.6522727272727272 0.49318181818181817 0.6522727272727272 0.5352272727272728 0.6511363636363636 0.5386363636363637 0.6431818181818182 0.5386363636363637 0.6363636363636364 0.5443181818181818 0.6329545454545454 0.5443181818181818 0.6238636363636364 0.5375 0.6193181818181818 0.5204545454545455 0.6204545454545455 0.5170454545454546 0.6318181818181818 0.509090909090909 0.6375 0.4909090909090909 0.6454545454545455 0.4909090909090909
3 0.38295454545454544 0.23522727272727273 0.3886363636363636 0.23636363636363636 0.3965909090909091 0.24204545454545454 0.3965909090909091 0.25113636363636366 0.39204545454545453 0.25681818181818183 0.38636363636363635 0.2590909090909091 0.37727272727272726 0.2590909090909091 0.37272727272727274 0.25681818181818183 0.37386363636363634 0.2375 0.37727272727272726 0.2340909090909091 0.38181818181818183 0.23522727272727273
3 0.3090909090909091 0.3079545454545455 0.31136363636363634 0.31022727272727274 0.31477272727272726 0.3340909090909091 0.31363636363636366 0.3409090909090909 0.3090909090909091 0.3465909090909091 0.3034090909090909 0.34545454545454546 0.3 0.33295454545454545 0.30227272727272725 0.3181818181818182 0.30568181818181817 0.3090909090909091 0.3079545454545455 0.3079545454545455
3 0.16136363636363638 0.3409090909090909 0.16477272727272727 0.34545454545454546 0.16477272727272727 0.35909090909090907 0.16136363636363638 0.38522727272727275 0.1590909090909091 0.38636363636363635 0.15227272727272728 0.3840909090909091 0.15227272727272728 0.35568181818181815 0.15568181818181817 0.34204545454545454 0.16022727272727272 0.3409090909090909
3 0.023863636363636365 0.2784090909090909 0.023863636363636365 0.2818181818181818 0.028409090909090908 0.2863636363636364 0.03409090909090909 0.2988636363636364 0.03409090909090909 0.3159090909090909 0.031818181818181815 0.31931818181818183 0.025 0.31931818181818183 0.01818181818181818 0.3090909090909091 0.019318181818181818 0.2863636363636364 0.020454545454545454 0.27954545454545454 0.022727272727272728 0.2784090909090909
3 0.6477272727272727 0.4602272727272727 0.6511363636363636 0.4625 0.6534090909090909 0.48068181818181815 0.6522727272727272 0.5375 0.6454545454545455 0.5375 0.6363636363636364 0.5443181818181818 0.6329545454545454 0.5443181818181818 0.6238636363636364 0.5375 0.6193181818181818 0.5261363636363636 0.6204545454545455 0.5159090909090909 0.6318181818181818 0.5079545454545454 0.6375 0.48068181818181815 0.6454545454545455 0.4625 0.6477272727272727 0.46136363636363636
3 0.35 0.4625 0.3568181818181818 0.4625 0.3568181818181818 0.4715909090909091 0.3613636363636364 0.48863636363636365 0.3568181818181818 0.49886363636363634 0.35454545454545455 0.5193181818181818 0.3488636363636364 0.5295454545454545 0.3443181818181818 0.5352272727272728 0.3386363636363636 0.5352272727272728 0.3352272727272727 0.5318181818181819 0.3375 0.5056818181818182 0.3443181818181818 0.4954545454545455 0.34545454545454546 0.4784090909090909 0.35 0.4636363636363636
3 0.20909090909090908 0.32727272727272727 0.21022727272727273 0.33181818181818185 0.21704545454545454 0.3352272727272727 0.2215909090909091 0.3431818181818182 0.2215909090909091 0.36363636363636365 0.21818181818181817 0.3693181818181818 0.21136363636363636 0.3693181818181818 0.21022727272727273 0.36704545454545456 0.20909090909090908 0.3693181818181818 0.2056818181818182 0.3693181818181818 0.20227272727272727 0.3659090909090909 0.19886363636363635 0.3386363636363636 0.2034090909090909 0.33295454545454545 0.2034090909090909 0.32840909090909093 0.2056818181818182 0.3261363636363636 0.20795454545454545 0.32727272727272727