3 0.7039772727272727 0.10738636363636364 0.0375 0.05113636363636364
3 0.6369318181818182 0.2772727272727273 0.0375 0.07386363636363637
3 0.5352272727272728 0.16193181818181818 0.017045454545454544 0.05397727272727273
2 0.3875 0.39147727272727273 0.1 0.16363636363636364
3 0.5994318181818182 0.2761363636363636 0.03806818181818182 0.07784090909090909
3 0.5244318181818182 0.5380681818181818 0.03920454545454546 0.10681818181818181
3 0.5670454545454545 0.2806818181818182 0.024431818181818183 0.06931818181818182
3 0.34488636363636366 0.1318181818181818 0.019318181818181818 0.05
3 0.5630681818181819 0.16818181818181818 0.017045454545454544 0.05284090909090909
3 0.7715909090909091 0.3477272727272727 0.053409090909090906 0.07897727272727273
3 0.8267045454545454 0.3465909090909091 0.042045454545454546 0.0846590909090909
3 0.5994318181818182 0.3880681818181818 0.05227272727272727 0.0875
3 0.49886363636363634 0.29602272727272727 0.022727272727272728 0.06647727272727273
3 0.225 0.04943181818181818 0.014204545454545454 0.05965909090909091
2 0.26477272727272727 0.17897727272727273 0.07045454545454545 0.10852272727272727
3 0.024431818181818183 0.3664772727272727 0.048295454545454544 0.06647727272727273
3 0.39204545454545453 0.0715909090909091 0.01875 0.04318181818181818
3 0.010795454545454546 0.41647727272727275 0.021022727272727273 0.05568181818181818
3 0.3039772727272727 0.08977272727272727 0.017045454545454544 0.0375
3 0.5193181818181818 0.22215909090909092 0.020454545454545454 0.06136363636363636
3 0.24147727272727273 0.33181818181818185 0.02159090909090909 0.06363636363636363
3 0.1784090909090909 0.08068181818181819 0.016477272727272726 0.06363636363636363
3 0.7318181818181818 0.25681818181818183 0.024431818181818183 0.06931818181818182
3 0.4744318181818182 0.24034090909090908 0.020454545454545454 0.06136363636363636
3 0.5477272727272727 0.2869318181818182 0.017045454545454544 0.06818181818181818
3 0.41761363636363635 0.10227272727272728 0.019318181818181818 0.05113636363636364
3 0.865909090909091 0.2369318181818182 0.05625 0.0625
3 0.24204545454545454 0.011931818181818182 0.014772727272727272 0.023863636363636365
2 0.6642045454545454 0.22272727272727272 0.10568181818181818 0.15113636363636362
3 0.7931818181818182 0.28806818181818183 0.03920454545454546 0.05965909090909091
3 0.46136363636363636 0.11647727272727272 0.013068181818181817 0.038636363636363635
3 0.5301136363636364 0.36477272727272725 0.03806818181818182 0.10113636363636364
3 0.36818181818181817 0.04318181818181818 0.019318181818181818 0.05568181818181818