3 0.9244318181818182 0.6505681818181818 0.06704545454545455 0.07102272727272728
3 0.1494318181818182 0.6465909090909091 0.07045454545454545 0.06534090909090909
3 0.2755681818181818 0.6835227272727272 0.06931818181818182 0.06363636363636363
3 0.40795454545454546 0.6556818181818181 0.07102272727272728 0.06647727272727273
2 0.22215909090909092 0.9028409090909091 0.2056818181818182 0.18352272727272728
3 0.4869318181818182 0.6090909090909091 0.06818181818181818 0.06818181818181818
3 0.7295454545454545 0.5994318181818182 0.06079545454545455 0.05397727272727273
3 0.8954545454545455 0.8102272727272727 0.08181818181818182 0.07897727272727273
3 0.45738636363636365 0.45284090909090907 0.024431818181818183 0.06931818181818182
3 0.6721590909090909 0.6414772727272727 0.061931818181818185 0.06931818181818182
3 0.41818181818181815 0.45852272727272725 0.026704545454545453 0.06136363636363636
2 0.7806818181818181 0.6994318181818182 0.18579545454545454 0.1625
3 0.6369318181818182 0.4289772727272727 0.025 0.06931818181818182
3 0.5130681818181818 0.4630681818181818 0.020454545454545454 0.06818181818181818
2 0.3875 0.7443181818181818 0.1625 0.15284090909090908
3 0.9863636363636363 0.6130681818181818 0.02727272727272727 0.0625
3 0.6045454545454545 0.4323863636363636 0.01818181818181818 0.05965909090909091
3 0.5642045454545455 0.4369318181818182 0.024431818181818183 0.056818181818181816
3 0.9318181818181818 0.2369318181818182 0.014772727272727272 0.040340909090909094
3 0.5318181818181819 0.4244318181818182 0.01875 0.056818181818181816
3 0.8295454545454546 0.2215909090909091 0.015909090909090907 0.040340909090909094
2 0.40795454545454546 0.36022727272727273 0.08693181818181818 0.12613636363636363
2 0.10454545454545454 0.23863636363636365 0.05056818181818182 0.075
2 0.4244318181818182 0.2994318181818182 0.08068181818181819 0.10965909090909091
3 0.8522727272727273 0.22443181818181818 0.02159090909090909 0.040340909090909094
3 0.8909090909090909 0.22897727272727272 0.014772727272727272 0.04147727272727273
3 0.9068181818181819 0.23522727272727273 0.014772727272727272 0.03465909090909091