3 0.34261363636363634 0.45681818181818185 0.035227272727272725 0.04431818181818182
3 0.7085227272727272 0.6102272727272727 0.023295454545454546 0.056818181818181816
3 0.12443181818181819 0.5681818181818182 0.048295454545454544 0.04715909090909091
3 0.6460227272727272 0.5931818181818181 0.020454545454545454 0.05568181818181818
2 0.6375 0.9471590909090909 0.18579545454545454 0.1
2 0.34375 0.6193181818181818 0.07670454545454546 0.11647727272727272
3 0.7761363636363636 0.6943181818181818 0.02727272727272727 0.06363636363636363
3 0.05965909090909091 0.5869318181818182 0.04943181818181818 0.05397727272727273
3 0.07443181818181818 0.43068181818181817 0.028977272727272727 0.04715909090909091
3 0.1806818181818182 0.5647727272727273 0.04431818181818182 0.06534090909090909
3 0.21647727272727274 0.5556818181818182 0.02159090909090909 0.05568181818181818
3 0.5869318181818182 0.5494318181818182 0.023295454545454546 0.05397727272727273
2 0.5079545454545454 0.7505681818181819 0.09545454545454546 0.1431818181818182
2 0.22443181818181818 0.8159090909090909 0.08693181818181818 0.15113636363636362
3 0.014204545454545454 0.5965909090909091 0.028409090909090908 0.05397727272727273
2 0.4556818181818182 0.5886363636363636 0.06477272727272727 0.0971590909090909
3 0.6193181818181818 0.5818181818181818 0.023295454545454546 0.05568181818181818
3 0.0125 0.4431818181818182 0.017045454545454544 0.058522727272727275
3 0.03295454545454545 0.4323863636363636 0.01818181818181818 0.05113636363636364
3 0.2596590909090909 0.5244318181818182 0.03068181818181818 0.05397727272727273
3 0.010795454545454546 0.3494318181818182 0.021022727272727273 0.040340909090909094
2 0.3346590909090909 0.9619318181818182 0.13977272727272727 0.07613636363636364
2 0.5636363636363636 0.4369318181818182 0.06647727272727273 0.07386363636363637
3 0.23806818181818182 0.5335227272727273 0.026704545454545453 0.05284090909090909
3 0.9073863636363636 0.5056818181818182 0.021022727272727273 0.04715909090909091
3 0.44829545454545455 0.39431818181818185 0.017045454545454544 0.03636363636363636
3 0.10681818181818181 0.4244318181818182 0.023295454545454546 0.048863636363636366
2 0.7568181818181818 0.5948863636363636 0.06704545454545455 0.12386363636363637
3 0.14431818181818182 0.41306818181818183 0.036931818181818184 0.04602272727272727
3 0.5994318181818182 0.30113636363636365 0.013068181818181817 0.02784090909090909
3 0.1431818181818182 0.5119318181818182 0.04431818181818182 0.05113636363636364
3 0.8107954545454545 0.6556818181818181 0.022727272727272728 0.05568181818181818
2 0.6818181818181818 0.47556818181818183 0.051704545454545454 0.09318181818181819
2 0.6977272727272728 0.5556818181818182 0.0659090909090909 0.10568181818181818
3 0.7369318181818182 0.5647727272727273 0.017045454545454544 0.04602272727272727
2 0.6176136363636363 0.35568181818181815 0.04602272727272727 0.058522727272727275
3 0.6795454545454546 0.6386363636363637 0.014204545454545454 0.075
2 0.525 0.3710227272727273 0.08125 0.08636363636363636
2 0.7034090909090909 0.43522727272727274 0.04147727272727273 0.07613636363636364
2 0.7471590909090909 0.45227272727272727 0.05227272727272727 0.0903409090909091