2 0.5431818181818182 0.6505681818181818 0.15795454545454546 0.2846590909090909
3 0.7670454545454546 0.26534090909090907 0.0375 0.06647727272727273
3 0.02159090909090909 0.2318181818181818 0.04318181818181818 0.06647727272727273
2 0.3221590909090909 0.17556818181818182 0.06306818181818181 0.10113636363636364
3 0.7107954545454546 0.25113636363636366 0.02556818181818182 0.06363636363636363
3 0.45 0.14772727272727273 0.01875 0.056818181818181816
3 0.17045454545454544 0.11363636363636363 0.031818181818181815 0.05
2 0.4630681818181818 0.10056818181818182 0.07670454545454546 0.11818181818181818
2 0.5289772727272727 0.04659090909090909 0.07670454545454546 0.09318181818181819
2 0.13920454545454544 0.07272727272727272 0.08295454545454546 0.09318181818181819
3 0.6 0.2556818181818182 0.025 0.06931818181818182
3 0.6625 0.2556818181818182 0.025 0.058522727272727275
2 0.46079545454545456 0.022727272727272728 0.060227272727272727 0.045454545454545456
3 0.11647727272727272 0.16818181818181818 0.051704545454545454 0.06931818181818182