2 0.6267045454545455 0.24943181818181817 0.125 0.17897727272727273
2 0.6125 0.4681818181818182 0.08125 0.21136363636363636
2 0.41306818181818183 0.2897727272727273 0.09943181818181818 0.15397727272727274
3 0.9142045454545454 0.22443181818181818 0.04659090909090909 0.056818181818181816
2 0.43522727272727274 0.04659090909090909 0.07840909090909091 0.09318181818181819
2 0.5426136363636364 0.06818181818181818 0.08352272727272728 0.11647727272727272
2 0.27443181818181817 0.25113636363636366 0.07556818181818181 0.125
3 0.5625 0.93125 0.05625 0.1375
3 0.30625 0.5227272727272727 0.03125 0.10681818181818181
2 0.2840909090909091 0.035227272727272725 0.06136363636363636 0.07045454545454545
3 0.39090909090909093 0.5119318181818182 0.033522727272727273 0.10681818181818181
3 0.013068181818181817 0.39943181818181817 0.02556818181818182 0.06534090909090909
3 0.4465909090909091 0.1744318181818182 0.028409090909090908 0.05965909090909091
2 0.23920454545454545 0.08068181818181819 0.05795454545454545 0.08636363636363636
2 0.8448863636363636 0.11306818181818182 0.12443181818181819 0.11534090909090909
3 0.023863636363636365 0.3693181818181818 0.031818181818181815 0.06931818181818182
2 0.04602272727272727 0.1715909090909091 0.09204545454545454 0.10681818181818181