3 0.6130681818181818 0.0625 0.03295454545454545 0.05
3 0.6823863636363636 0.22443181818181818 0.033522727272727273 0.05965909090909091
3 0.7005681818181818 0.3965909090909091 0.06079545454545455 0.07102272727272728
3 0.8892045454545454 0.5227272727272727 0.07329545454545454 0.08181818181818182
3 0.5426136363636364 0.06477272727272727 0.022727272727272728 0.048863636363636366
3 0.9755681818181818 0.6034090909090909 0.048295454545454544 0.07613636363636364
3 0.5107954545454545 0.3352272727272727 0.048295454545454544 0.07102272727272728
3 0.5886363636363636 0.17897727272727273 0.024431818181818183 0.06647727272727273
3 0.031818181818181815 0.21818181818181817 0.03579545454545455 0.05568181818181818
3 0.24943181818181817 0.05284090909090909 0.014204545454545454 0.04147727272727273
3 0.6181818181818182 0.23863636363636365 0.01818181818181818 0.075
2 0.4954545454545455 0.04659090909090909 0.07443181818181818 0.09318181818181819
2 0.8056818181818182 0.1715909090909091 0.11420454545454546 0.10681818181818181
3 0.5886363636363636 0.11193181818181819 0.016477272727272726 0.05397727272727273
2 0.45227272727272727 0.06477272727272727 0.08125 0.12102272727272727
3 0.584659090909091 0.08409090909090909 0.021022727272727273 0.0625