3 0.8329545454545455 0.571590909090909 0.021022727272727273 0.05113636363636364
3 0.08977272727272727 0.3664772727272727 0.02159090909090909 0.05284090909090909
2 0.5346590909090909 0.9102272727272728 0.15568181818181817 0.17613636363636365
3 0.023295454545454546 0.37272727272727274 0.01818181818181818 0.05397727272727273
3 0.8051136363636363 0.5681818181818182 0.021022727272727273 0.05568181818181818
3 0.32443181818181815 0.3181818181818182 0.024431818181818183 0.04147727272727273
3 0.048863636363636366 0.3840909090909091 0.024431818181818183 0.05397727272727273
3 0.2767045454545455 0.3119318181818182 0.028977272727272727 0.048863636363636366
3 0.4017045454545455 0.8681818181818182 0.053409090909090906 0.15568181818181817
3 0.9255681818181818 0.9715909090909091 0.04772727272727273 0.056818181818181816
3 0.7579545454545454 0.5556818181818182 0.01875 0.05284090909090909
3 0.12670454545454546 0.36306818181818185 0.017045454545454544 0.04602272727272727
3 0.21704545454545454 0.3471590909090909 0.023295454545454546 0.04715909090909091
3 0.15113636363636362 0.3619318181818182 0.021022727272727273 0.05113636363636364
3 0.36306818181818185 0.2994318181818182 0.03125 0.04318181818181818
3 0.6579545454545455 0.5130681818181818 0.024431818181818183 0.08181818181818182
3 0.017045454545454544 0.29318181818181815 0.03295454545454545 0.05284090909090909
2 0.5420454545454545 0.47556818181818183 0.0659090909090909 0.0875
2 0.7619318181818182 0.37727272727272726 0.04375 0.07613636363636364
2 0.7329545454545454 0.4244318181818182 0.05397727272727273 0.08181818181818182
2 0.5096590909090909 0.29147727272727275 0.056818181818181816 0.05568181818181818