2 0.3704545454545455 0.8443181818181819 0.10340909090909091 0.21136363636363636
3 0.2056818181818182 0.33181818181818185 0.019318181818181818 0.04431818181818182
3 0.15795454545454546 0.3806818181818182 0.02556818181818182 0.04147727272727273
3 0.06988636363636364 0.4119318181818182 0.028977272727272727 0.04602272727272727
2 0.17272727272727273 0.5630681818181819 0.11875 0.10681818181818181
3 0.13977272727272727 0.3085227272727273 0.017045454545454544 0.04147727272727273
3 0.5238636363636363 0.4721590909090909 0.014772727272727272 0.05
3 0.4596590909090909 0.5119318181818182 0.013068181818181817 0.056818181818181816
2 0.39943181818181817 0.5210227272727272 0.061931818181818185 0.11647727272727272
2 0.45 0.5994318181818182 0.07045454545454545 0.12102272727272727
2 0.32443181818181815 0.4681818181818182 0.07954545454545454 0.13352272727272727
2 0.522159090909091 0.3352272727272727 0.04943181818181818 0.12386363636363637
3 0.011931818181818182 0.27045454545454545 0.023863636363636365 0.03636363636363636
2 0.11988636363636364 0.4602272727272727 0.04772727272727273 0.0846590909090909
2 0.27443181818181817 0.2994318181818182 0.05795454545454545 0.05965909090909091
2 0.45 0.4193181818181818 0.051704545454545454 0.11363636363636363