3 0.28806818181818183 0.7431818181818182 0.08693181818181818 0.10568181818181818
2 0.4107954545454545 0.8744318181818181 0.26193181818181815 0.24602272727272728
3 0.7352272727272727 0.13522727272727272 0.04090909090909091 0.056818181818181816
3 0.9068181818181819 0.46647727272727274 0.05056818181818182 0.09431818181818181
3 0.6443181818181818 0.09431818181818181 0.045454545454545456 0.06363636363636363
3 0.5585227272727272 0.028409090909090908 0.028409090909090908 0.048863636363636366
3 0.8465909090909091 0.18181818181818182 0.042045454545454546 0.058522727272727275
3 0.9795454545454545 0.5193181818181818 0.03977272727272727 0.06931818181818182
2 0.5193181818181818 0.4068181818181818 0.075 0.17784090909090908
3 0.014204545454545454 0.41818181818181815 0.028409090909090908 0.06931818181818182
3 0.42556818181818185 0.38238636363636364 0.03068181818181818 0.0875
2 0.5619318181818181 0.11647727272727272 0.08693181818181818 0.11931818181818182
3 0.21363636363636362 0.026136363636363635 0.020454545454545454 0.05227272727272727
2 0.2943181818181818 0.26477272727272727 0.07443181818181818 0.12613636363636363
3 0.42045454545454547 0.031818181818181815 0.017045454545454544 0.04431818181818182
3 0.49375 0.09772727272727273 0.01875 0.05397727272727273
3 0.13693181818181818 0.0715909090909091 0.023295454545454546 0.0375
2 0.46136363636363636 0.1028409090909091 0.06931818181818182 0.10568181818181818
3 0.22102272727272726 0.33693181818181817 0.02159090909090909 0.07897727272727273