3 0.8619318181818182 0.7744318181818182 0.08068181818181819 0.0846590909090909
3 0.8102272727272727 0.7056818181818182 0.07329545454545454 0.08068181818181819
3 0.8488636363636364 0.4096590909090909 0.04772727272727273 0.06136363636363636
2 0.6193181818181818 0.7215909090909091 0.17954545454545454 0.18181818181818182
2 0.4994318181818182 0.5414772727272728 0.1375 0.13352272727272727
3 0.45738636363636365 0.3744318181818182 0.022727272727272728 0.056818181818181816
3 0.07215909090909091 0.25227272727272726 0.019318181818181818 0.05113636363636364
3 0.48863636363636365 0.3744318181818182 0.019318181818181818 0.056818181818181816
3 0.3875 0.3806818181818182 0.01875 0.05
3 0.425 0.39431818181818185 0.023295454545454546 0.05568181818181818
3 0.014204545454545454 0.602840909090909 0.028409090909090908 0.06647727272727273
3 0.5142045454545454 0.4056818181818182 0.02159090909090909 0.058522727272727275
3 0.9306818181818182 0.2369318181818182 0.017045454545454544 0.04318181818181818
3 0.5982954545454545 0.41818181818181815 0.028409090909090908 0.06363636363636363
3 0.1431818181818182 0.3528409090909091 0.020454545454545454 0.038636363636363635
3 0.9056818181818181 0.23522727272727273 0.01818181818181818 0.0375
3 0.8301136363636363 0.2159090909090909 0.014772727272727272 0.048863636363636366
3 0.5369318181818182 0.3931818181818182 0.023295454545454546 0.05568181818181818
2 0.24204545454545454 0.3181818181818182 0.06931818181818182 0.09431818181818181
3 0.35397727272727275 0.36306818181818185 0.02159090909090909 0.056818181818181816
3 0.09375 0.23977272727272728 0.014204545454545454 0.0375
2 0.73125 0.3153409090909091 0.10170454545454545 0.09431818181818181
3 0.8545454545454545 0.22443181818181818 0.028409090909090908 0.04318181818181818
3 0.8897727272727273 0.2278409090909091 0.014204545454545454 0.04431818181818182
3 0.022727272727272728 0.0715909090909091 0.015909090909090907 0.0375
2 0.3494318181818182 0.2818181818181818 0.06931818181818182 0.1
3 0.020454545454545454 0.09772727272727273 0.008522727272727272 0.023863636363636365
2 0.35511363636363635 0.22613636363636364 0.06647727272727273 0.08636363636363636
3 0.47613636363636364 0.25681818181818183 0.01818181818181818 0.04431818181818182