2 0.5784090909090909 0.5278409090909091 0.17897727272727273 0.1943181818181818
2 0.8875 0.5431818181818182 0.20625 0.19147727272727272
3 0.5323863636363636 0.2681818181818182 0.04431818181818182 0.08068181818181819
3 0.7795454545454545 0.7693181818181818 0.0875 0.10852272727272727
3 0.3693181818181818 0.12897727272727272 0.03579545454545455 0.05
3 0.7642045454545454 0.5903409090909091 0.075 0.10568181818181818
3 0.6039772727272728 0.019886363636363636 0.03068181818181818 0.03977272727272727
3 0.5829545454545455 0.25681818181818183 0.051704545454545454 0.06363636363636363
2 0.4107954545454545 0.31022727272727274 0.10795454545454546 0.1375
3 0.11875 0.17102272727272727 0.048295454545454544 0.058522727272727275
3 0.6715909090909091 0.1806818181818182 0.029545454545454545 0.06647727272727273
3 0.4909090909090909 0.20227272727272727 0.019318181818181818 0.0625
3 0.45681818181818185 0.18806818181818183 0.020454545454545454 0.0625
3 0.05738636363636364 0.20113636363636364 0.05227272727272727 0.06363636363636363
3 0.42556818181818185 0.11306818181818182 0.017045454545454544 0.056818181818181816
3 0.01534090909090909 0.2215909090909091 0.03068181818181818 0.07102272727272728
3 0.5215909090909091 0.1744318181818182 0.025 0.05965909090909091
2 0.8454545454545455 0.11306818181818182 0.12272727272727273 0.11818181818181818
3 0.5517045454545455 0.22272727272727272 0.025 0.056818181818181816
3 0.63125 0.11818181818181818 0.023295454545454546 0.05284090909090909
3 0.59375 0.2056818181818182 0.03125 0.06363636363636363
2 0.60625 0.16193181818181818 0.1 0.1375