3 0.31079545454545454 0.9573863636363636 0.1 0.0846590909090909
3 0.41875 0.8318181818181818 0.08920454545454545 0.07784090909090909
3 0.09943181818181818 0.8943181818181818 0.09829545454545455 0.08863636363636364
3 0.10568181818181818 0.6244318181818181 0.06818181818181818 0.056818181818181816
3 0.98125 0.4994318181818182 0.0375 0.05397727272727273
3 0.9306818181818182 0.44772727272727275 0.05 0.048863636363636366
3 0.20170454545454544 0.7630681818181818 0.075 0.07386363636363637
3 0.8369318181818182 0.8619318181818182 0.07727272727272727 0.08181818181818182
3 0.7193181818181819 0.7494318181818181 0.07556818181818181 0.07613636363636364
3 0.9414772727272728 0.6448863636363636 0.05909090909090909 0.05965909090909091
3 0.8784090909090909 0.6909090909090909 0.06704545454545455 0.07386363636363637
3 0.93125 0.2369318181818182 0.01875 0.04318181818181818
3 0.61875 0.821590909090909 0.08125 0.07613636363636364
3 0.5193181818181818 0.41647727272727275 0.026704545454545453 0.06931818181818182
3 0.48806818181818185 0.6698863636363637 0.06931818181818182 0.0625
3 0.29829545454545453 0.6602272727272728 0.06931818181818182 0.06534090909090909
3 0.6426136363636363 0.5818181818181818 0.061931818181818185 0.05284090909090909
3 0.5579545454545455 0.7056818181818182 0.07045454545454545 0.06363636363636363
3 0.36363636363636365 0.6181818181818182 0.06477272727272727 0.06136363636363636
3 0.43863636363636366 0.41818181818181815 0.019318181818181818 0.058522727272727275
3 0.6039772727272728 0.4289772727272727 0.023295454545454546 0.05568181818181818
3 0.023295454545454546 0.6903409090909091 0.04318181818181818 0.06363636363636363
3 0.46647727272727274 0.43522727272727274 0.020454545454545454 0.056818181818181816
3 0.5607954545454545 0.4119318181818182 0.02159090909090909 0.05965909090909091
3 0.21022727272727273 0.6994318181818182 0.07670454545454546 0.07102272727272728
3 0.8289772727272727 0.21534090909090908 0.014204545454545454 0.05
3 0.5573863636363636 0.6147727272727272 0.06647727272727273 0.06818181818181818
3 0.9840909090909091 0.6818181818181818 0.03125 0.05568181818181818
3 0.8880681818181818 0.23068181818181818 0.019318181818181818 0.04147727272727273
3 0.63125 0.41818181818181815 0.01875 0.06363636363636363
2 0.042045454545454546 0.3210227272727273 0.08352272727272728 0.08636363636363636
3 0.6880681818181819 0.6840909090909091 0.06818181818181818 0.0625
3 0.5369318181818182 0.3715909090909091 0.024431818181818183 0.05397727272727273
3 0.8443181818181819 0.6403409090909091 0.04431818181818182 0.05568181818181818
3 0.05056818181818182 0.6539772727272727 0.05056818181818182 0.06647727272727273
3 0.85 0.22443181818181818 0.01875 0.0375
2 0.9306818181818182 0.7823863636363636 0.1380681818181818 0.15965909090909092
3 0.03409090909090909 0.9806818181818182 0.053409090909090906 0.03636363636363636
3 0.7232954545454545 0.6306818181818182 0.06306818181818181 0.05568181818181818
3 0.3125 0.11193181818181819 0.014204545454545454 0.031818181818181815
3 0.897159090909091 0.6090909090909091 0.04602272727272727 0.05113636363636364
3 0.9505681818181818 0.5818181818181818 0.05568181818181818 0.05284090909090909
3 0.575 0.3880681818181818 0.01875 0.056818181818181816
3 0.00625 0.8755681818181819 0.0125 0.040340909090909094