3 0.42159090909090907 0.2818181818181818 0.03920454545454546 0.08068181818181819
3 0.7806818181818181 0.6585227272727273 0.08920454545454545 0.10852272727272727
3 0.5625 0.46647727272727274 0.05625 0.08068181818181819
3 0.5551136363636363 0.3386363636363636 0.05056818181818182 0.07215909090909091
3 0.68125 0.39602272727272725 0.06079545454545455 0.075
3 0.3386363636363636 0.17102272727272727 0.024431818181818183 0.05
3 0.27443181818181817 0.14772727272727273 0.020454545454545454 0.056818181818181816
2 0.8363636363636363 0.5772727272727273 0.1693181818181818 0.17897727272727273
3 0.22954545454545455 0.0715909090909091 0.019318181818181818 0.04318181818181818
3 0.4244318181818182 0.17556818181818182 0.028977272727272727 0.05397727272727273
3 0.3119318181818182 0.19318181818181818 0.024431818181818183 0.05568181818181818
3 0.49375 0.1590909090909091 0.014204545454545454 0.056818181818181816
3 0.38579545454545455 0.18693181818181817 0.02727272727272727 0.05113636363636364
3 0.6460227272727272 0.21477272727272728 0.028409090909090908 0.05965909090909091
3 0.7147727272727272 0.11931818181818182 0.03920454545454546 0.05568181818181818
3 0.5863636363636363 0.16193181818181818 0.022727272727272728 0.056818181818181816
3 0.5238636363636363 0.17556818181818182 0.021022727272727273 0.056818181818181816
3 0.1534090909090909 0.013636363636363636 0.015909090909090907 0.02727272727272727
3 0.46875 0.16818181818181818 0.01875 0.06136363636363636
3 0.19375 0.10681818181818181 0.01875 0.05284090909090909
3 0.2534090909090909 0.03409090909090909 0.01818181818181818 0.0375
3 0.9914772727272727 0.24886363636363637 0.017045454545454544 0.04090909090909091
3 0.3181818181818182 0.12443181818181819 0.020454545454545454 0.04318181818181818
3 0.6909090909090909 0.18977272727272726 0.029545454545454545 0.05113636363636364
3 0.6693181818181818 0.15681818181818183 0.021022727272727273 0.05
3 0.7380681818181818 0.23068181818181818 0.022727272727272728 0.06136363636363636
3 0.5505681818181818 0.15056818181818182 0.022727272727272728 0.05397727272727273