3 0.3176136363636364 0.8431818181818181 0.06647727272727273 0.08068181818181819
3 0.15965909090909092 0.8369318181818182 0.07443181818181818 0.0846590909090909
3 0.4551136363636364 0.7681818181818182 0.05397727272727273 0.07784090909090909
3 0.10568181818181818 0.5727272727272728 0.051704545454545454 0.05965909090909091
3 0.5931818181818181 0.6505681818181818 0.03579545454545455 0.06534090909090909
3 0.8630681818181818 0.48806818181818185 0.014772727272727272 0.056818181818181816
3 0.0125 0.4414772727272727 0.017045454545454544 0.058522727272727275
3 0.5994318181818182 0.30056818181818185 0.014204545454545454 0.026136363636363635
3 0.03295454545454545 0.43068181818181817 0.01818181818181818 0.05
3 0.6494318181818182 0.30568181818181817 0.011931818181818182 0.02784090909090909
3 0.6835227272727272 0.2852272727272727 0.010795454545454546 0.031818181818181815
3 0.01534090909090909 0.9636363636363636 0.03068181818181818 0.07215909090909091
3 0.4943181818181818 0.5272727272727272 0.02556818181818182 0.05965909090909091
3 0.010227272727272727 0.3494318181818182 0.020454545454545454 0.040340909090909094
3 0.061931818181818185 0.3698863636363636 0.019318181818181818 0.05113636363636364
2 0.5056818181818182 0.6244318181818181 0.12443181818181819 0.15397727272727274
3 0.6801136363636363 0.4903409090909091 0.024431818181818183 0.05568181818181818
3 0.16704545454545455 0.5659090909090909 0.051704545454545454 0.05113636363636364
3 0.46704545454545454 0.5039772727272728 0.01818181818181818 0.04431818181818182
3 0.07386363636363637 0.4284090909090909 0.02727272727272727 0.048863636363636366
2 0.6835227272727272 0.6534090909090909 0.10795454545454546 0.22386363636363638
3 0.005113636363636364 0.5806818181818182 0.010227272727272727 0.04147727272727273
2 0.6369318181818182 0.5181818181818182 0.06079545454545455 0.09147727272727273
2 0.47670454545454544 0.44431818181818183 0.07329545454545454 0.075
3 0.7670454545454546 0.23863636363636365 0.010227272727272727 0.02784090909090909
2 0.7767045454545455 0.5255681818181818 0.058522727272727275 0.09886363636363636
3 0.21931818181818183 0.5590909090909091 0.023295454545454546 0.05397727272727273
3 0.1744318181818182 0.4068181818181818 0.019318181818181818 0.04431818181818182
3 0.12897727272727272 0.4193181818181818 0.020454545454545454 0.04431818181818182
3 0.7289772727272728 0.4369318181818182 0.015909090909090907 0.040340909090909094
3 0.8119318181818181 0.4278409090909091 0.013068181818181817 0.03636363636363636
3 0.10909090909090909 0.42272727272727273 0.02159090909090909 0.04602272727272727
2 0.48579545454545453 0.31931818181818183 0.06647727272727273 0.06647727272727273
3 0.19318181818181818 0.40397727272727274 0.017045454545454544 0.04147727272727273