2 0.5965909090909091 0.6994318181818182 0.1534090909090909 0.24602272727272728
3 0.3119318181818182 0.7380681818181818 0.045454545454545456 0.14886363636363636
3 0.5994318181818182 0.3465909090909091 0.03125 0.07102272727272728
3 0.8630681818181818 0.3755681818181818 0.03579545454545455 0.07102272727272728
3 0.7079545454545455 0.32443181818181815 0.02556818181818182 0.07102272727272728
3 0.40795454545454546 0.47102272727272726 0.03806818181818182 0.10568181818181818
3 0.6357954545454545 0.33693181818181817 0.023295454545454546 0.07102272727272728
3 0.48409090909090907 0.23238636363636364 0.020454545454545454 0.0625
3 0.7670454545454546 0.42272727272727273 0.028977272727272727 0.08181818181818182
3 0.3880681818181818 0.7215909090909091 0.0375 0.12102272727272727
3 0.8204545454545454 0.39034090909090907 0.02727272727272727 0.09431818181818181
3 0.45170454545454547 0.9715909090909091 0.04375 0.056818181818181816
3 0.5301136363636364 0.23068181818181818 0.02727272727272727 0.06931818181818182
3 0.7994318181818182 0.41818181818181815 0.026704545454545453 0.07784090909090909
3 0.5539772727272727 0.3659090909090909 0.01875 0.07386363636363637
3 0.6818181818181818 0.3619318181818182 0.03295454545454545 0.07386363636363637
2 0.3079545454545455 0.2056818181818182 0.07897727272727273 0.11136363636363636
3 0.3534090909090909 0.602840909090909 0.036931818181818184 0.11136363636363636
3 0.772159090909091 0.31931818181818183 0.02727272727272727 0.075
2 0.21136363636363636 0.07727272727272727 0.05568181818181818 0.10113636363636364
3 0.8238636363636364 0.1380681818181818 0.06477272727272727 0.11818181818181818
3 0.7443181818181818 0.3380681818181818 0.03068181818181818 0.06818181818181818
3 0.8306818181818182 0.3619318181818182 0.026704545454545453 0.07102272727272728
2 0.3795454545454545 0.02159090909090909 0.058522727272727275 0.04318181818181818
3 0.5693181818181818 0.30056818181818185 0.021022727272727273 0.06818181818181818