3 0.36420454545454545 0.5119318181818182 0.03920454545454546 0.07613636363636364
3 0.6960227272727273 0.3568181818181818 0.04090909090909091 0.05568181818181818
3 0.8318181818181818 0.4147727272727273 0.04431818181818182 0.04602272727272727
3 0.5556818181818182 0.24431818181818182 0.023295454545454546 0.04431818181818182
3 0.9306818181818182 0.2369318181818182 0.014772727272727272 0.040340909090909094
3 0.26704545454545453 0.35397727272727275 0.024431818181818183 0.058522727272727275
2 0.8392045454545455 0.7352272727272727 0.17954545454545454 0.17897727272727273
3 0.6113636363636363 0.4403409090909091 0.02727272727272727 0.06136363636363636
3 0.6426136363636363 0.4335227272727273 0.024431818181818183 0.058522727272727275
3 0.4193181818181818 0.3806818181818182 0.023295454545454546 0.05568181818181818
3 0.33636363636363636 0.3403409090909091 0.021022727272727273 0.05284090909090909
3 0.3664772727272727 0.3710227272727273 0.023295454545454546 0.06363636363636363
2 0.23238636363636364 0.43068181818181817 0.09772727272727273 0.13068181818181818
3 0.8909090909090909 0.23068181818181818 0.014772727272727272 0.038636363636363635
3 0.5630681818181819 0.41875 0.026704545454545453 0.0625
3 0.8295454545454546 0.22443181818181818 0.014204545454545454 0.031818181818181815
3 0.5244318181818182 0.42102272727272727 0.02727272727272727 0.06363636363636363
3 0.48465909090909093 0.4556818181818182 0.028977272727272727 0.06363636363636363
3 0.01818181818181818 0.06931818181818182 0.011931818181818182 0.04147727272727273
3 0.8602272727272727 0.2278409090909091 0.03409090909090909 0.038636363636363635
2 0.12840909090909092 0.18977272727272726 0.04772727272727273 0.06534090909090909
3 0.45170454545454547 0.4119318181818182 0.02556818181818182 0.05397727272727273
2 0.35454545454545455 0.2903409090909091 0.07556818181818181 0.10852272727272727