3 0.8125 0.5914772727272727 0.025 0.06931818181818182
3 0.7818181818181819 0.5778409090909091 0.023295454545454546 0.06931818181818182
3 0.2034090909090909 0.3494318181818182 0.019318181818181818 0.04602272727272727
3 0.32670454545454547 0.3181818181818182 0.024431818181818183 0.04147727272727273
3 0.6198863636363636 0.5056818181818182 0.02727272727272727 0.058522727272727275
3 0.6857954545454545 0.5335227272727273 0.026704545454545453 0.058522727272727275
3 0.725 0.5727272727272728 0.01875 0.056818181818181816
3 0.05056818181818182 0.38977272727272727 0.019318181818181818 0.048863636363636366
3 0.6482954545454546 0.5278409090909091 0.02727272727272727 0.05568181818181818
3 0.08068181818181819 0.3693181818181818 0.022727272727272728 0.05
3 0.10681818181818181 0.3710227272727273 0.024431818181818183 0.04715909090909091
3 0.24204545454545454 0.34147727272727274 0.024431818181818183 0.04147727272727273
3 0.8545454545454545 0.6090909090909091 0.020454545454545454 0.0625
3 0.29318181818181815 0.32897727272727273 0.014204545454545454 0.04431818181818182
3 0.3613636363636364 0.30227272727272725 0.019318181818181818 0.03465909090909091