3 0.584659090909091 0.6369318181818182 0.056818181818181816 0.08181818181818182
3 0.6886363636363636 0.7534090909090909 0.07272727272727272 0.09886363636363636
3 0.46193181818181817 0.3653409090909091 0.025 0.05284090909090909
3 0.18409090909090908 0.3431818181818182 0.023295454545454546 0.058522727272727275
3 0.5409090909090909 0.4068181818181818 0.023295454545454546 0.05568181818181818
3 0.1625 0.21647727272727274 0.01875 0.04431818181818182
3 0.2681818181818182 0.4965909090909091 0.031818181818181815 0.05965909090909091
3 0.4159090909090909 0.5590909090909091 0.04772727272727273 0.07897727272727273
3 0.8744318181818181 0.8931818181818182 0.09829545454545455 0.10852272727272727
3 0.6005681818181818 0.4340909090909091 0.020454545454545454 0.056818181818181816
3 0.11136363636363636 0.21818181818181817 0.01818181818181818 0.04715909090909091
3 0.14261363636363636 0.26534090909090907 0.016477272727272726 0.05
3 0.8914772727272727 0.2278409090909091 0.014204545454545454 0.04431818181818182
3 0.8295454545454546 0.21477272727272728 0.014772727272727272 0.048863636363636366
3 0.023863636363636365 0.6068181818181818 0.04772727272727273 0.06363636363636363
3 0.41306818181818183 0.2727272727272727 0.014204545454545454 0.04602272727272727
3 0.03068181818181818 0.031818181818181815 0.008522727272727272 0.03068181818181818
3 0.9119318181818182 0.22897727272727272 0.014204545454545454 0.04715909090909091
3 0.41420454545454544 0.3477272727272727 0.014204545454545454 0.056818181818181816
2 0.28125 0.3789772727272727 0.08125 0.09431818181818181
3 0.9318181818181818 0.2369318181818182 0.013068181818181817 0.040340909090909094
3 0.5596590909090909 0.39147727272727273 0.019318181818181818 0.058522727272727275
3 0.8534090909090909 0.22443181818181818 0.02556818181818182 0.04602272727272727
3 0.06875 0.09147727272727273 0.0125 0.038636363636363635
2 0.34261363636363634 0.29318181818181815 0.07897727272727273 0.10852272727272727
3 0.014204545454545454 0.08693181818181818 0.014772727272727272 0.040340909090909094
2 0.36420454545454545 0.2505681818181818 0.07272727272727272 0.09318181818181819
3 0.5795454545454546 0.39034090909090907 0.023295454545454546 0.05
2 0.2727272727272727 0.21818181818181817 0.05454545454545454 0.08068181818181819