3 0.22272727272727272 0.8505681818181818 0.053409090909090906 0.07613636363636364
3 0.33295454545454545 0.8414772727272727 0.060227272727272727 0.06931818181818182
3 0.29261363636363635 0.9181818181818182 0.06477272727272727 0.08068181818181819
2 0.8068181818181818 0.8556818181818182 0.16193181818181818 0.1721590909090909
3 0.8369318181818182 0.7255681818181818 0.035227272727272725 0.06818181818181818
3 0.5443181818181818 0.6289772727272728 0.025 0.06647727272727273
2 0.5943181818181819 0.790340909090909 0.12045454545454545 0.15568181818181817
3 0.8880681818181818 0.7136363636363636 0.026704545454545453 0.075
3 0.16988636363636364 0.8255681818181818 0.035227272727272725 0.06818181818181818
2 0.7880681818181818 0.9625 0.16193181818181818 0.075
3 0.9289772727272727 0.7022727272727273 0.03295454545454545 0.07102272727272728
3 0.7909090909090909 0.6528409090909091 0.022727272727272728 0.07215909090909091
3 0.38977272727272727 0.7494318181818181 0.029545454545454545 0.07897727272727273
3 0.6931818181818182 0.6528409090909091 0.025 0.06363636363636363
3 0.6664772727272728 0.5897727272727272 0.023295454545454546 0.06534090909090909
3 0.71875 0.6539772727272727 0.01875 0.058522727272727275
3 0.14375 0.8590909090909091 0.04375 0.0875
3 0.12045454545454545 0.9056818181818181 0.05056818181818182 0.08068181818181819
3 0.6488636363636363 0.5659090909090909 0.01818181818181818 0.05113636363636364
3 0.4193181818181818 0.5852272727272727 0.017045454545454544 0.06818181818181818
3 0.7505681818181819 0.6386363636363637 0.021022727272727273 0.06363636363636363
2 0.4727272727272727 0.5602272727272727 0.05909090909090909 0.09318181818181819
3 0.24659090909090908 0.7869318181818182 0.028409090909090908 0.06534090909090909
3 0.8619318181818182 0.6318181818181818 0.02556818181818182 0.06931818181818182
3 0.36363636363636365 0.571590909090909 0.033522727272727273 0.05397727272727273
2 0.5755681818181818 0.5761363636363637 0.075 0.11136363636363636
3 0.08238636363636363 0.9636363636363636 0.04147727272727273 0.07215909090909091
3 0.011931818181818182 0.9096590909090909 0.023863636363636365 0.0625
3 0.029545454545454545 0.8727272727272727 0.03295454545454545 0.07613636363636364
2 0.6005681818181818 0.46988636363636366 0.06079545454545455 0.0875
3 0.9017045454545455 0.6244318181818181 0.03068181818181818 0.08181818181818182
2 0.42159090909090907 0.4511363636363636 0.04659090909090909 0.07215909090909091
3 0.42045454545454547 0.6005681818181818 0.014204545454545454 0.040340909090909094
3 0.2761363636363636 0.7994318181818182 0.02727272727272727 0.056818181818181816
2 0.6590909090909091 0.4681818181818182 0.06420454545454546 0.08863636363636364
2 0.23068181818181818 0.4102272727272727 0.06818181818181818 0.07386363636363637