2 0.5392045454545454 0.884090909090909 0.19090909090909092 0.22897727272727272
2 0.5892045454545455 0.6306818181818182 0.13125 0.21647727272727274
2 0.8755681818181819 0.7119318181818182 0.18181818181818182 0.2346590909090909
3 0.9306818181818182 0.2369318181818182 0.017045454545454544 0.04318181818181818
3 0.9744318181818182 0.7414772727272727 0.05056818181818182 0.1
3 0.8295454545454546 0.21477272727272728 0.014772727272727272 0.05113636363636364
2 0.46079545454545456 0.4028409090909091 0.10568181818181818 0.1471590909090909
3 0.32954545454545453 0.2028409090909091 0.017045454545454544 0.04715909090909091
3 0.3801136363636364 0.4744318181818182 0.05056818181818182 0.0625
3 0.8909090909090909 0.23068181818181818 0.014772727272727272 0.038636363636363635
2 0.18863636363636363 0.6431818181818182 0.09602272727272727 0.19147727272727272
3 0.27954545454545454 0.7494318181818181 0.03977272727272727 0.11818181818181818
2 0.48068181818181815 0.28352272727272726 0.07556818181818181 0.11136363636363636
3 0.2869318181818182 0.13352272727272727 0.014204545454545454 0.03636363636363636
3 0.16363636363636364 0.11931818181818182 0.014772727272727272 0.04431818181818182
2 0.5329545454545455 0.38522727272727275 0.10454545454545454 0.1318181818181818
2 0.15056818181818182 0.4068181818181818 0.07329545454545454 0.11931818181818182
2 0.2869318181818182 0.49772727272727274 0.09318181818181819 0.1318181818181818
3 0.8505681818181818 0.22443181818181818 0.01818181818181818 0.03465909090909091
2 0.3119318181818182 0.2585227272727273 0.06647727272727273 0.0971590909090909
3 0.8721590909090909 0.23068181818181818 0.016477272727272726 0.033522727272727273
3 0.37386363636363634 0.22897727272727272 0.014772727272727272 0.04431818181818182
3 0.03295454545454545 0.39943181818181817 0.05056818181818182 0.05397727272727273
3 0.2846590909090909 0.38693181818181815 0.035227272727272725 0.048863636363636366
3 0.18011363636363636 0.06647727272727273 0.008522727272727272 0.033522727272727273
2 0.2119318181818182 0.35568181818181815 0.06079545454545455 0.0971590909090909
3 0.12954545454545455 0.20113636363636364 0.016477272727272726 0.05
3 0.41818181818181815 0.24659090909090908 0.025 0.05397727272727273
3 0.14375 0.16818181818181818 0.01875 0.04431818181818182
2 0.73125 0.3153409090909091 0.10454545454545454 0.09431818181818181
2 0.4017045454545455 0.2869318181818182 0.07443181818181818 0.09886363636363636
3 0.19602272727272727 0.07215909090909091 0.0125 0.03636363636363636
2 0.12443181818181819 0.3255681818181818 0.05795454545454545 0.09318181818181819
3 0.26931818181818185 0.3130681818181818 0.02556818181818182 0.048863636363636366
2 0.09886363636363636 0.23522727272727273 0.056818181818181816 0.10965909090909091
2 0.24147727272727273 0.11306818181818182 0.048295454545454544 0.08181818181818182
3 0.36079545454545453 0.20738636363636365 0.01875 0.040340909090909094