3 0.7863636363636364 0.5886363636363636 0.04772727272727273 0.075
2 0.4034090909090909 0.8897727272727273 0.16193181818181818 0.21534090909090908
3 0.8988636363636363 0.7147727272727272 0.060227272727272727 0.09886363636363636
2 0.8448863636363636 0.7653409090909091 0.17102272727272727 0.2471590909090909
2 0.40738636363636366 0.6448863636363636 0.11193181818181819 0.19886363636363635
2 0.4431818181818182 0.4602272727272727 0.08295454545454546 0.17386363636363636
3 0.2761363636363636 0.2556818181818182 0.01818181818181818 0.06136363636363636
3 0.8295454545454546 0.21477272727272728 0.014204545454545454 0.05113636363636364
3 0.06931818181818182 0.48068181818181815 0.020454545454545454 0.06363636363636363
3 0.8909090909090909 0.22897727272727272 0.013068181818181817 0.04431818181818182
3 0.93125 0.2369318181818182 0.014204545454545454 0.040340909090909094
3 0.32840909090909093 0.21818181818181817 0.019318181818181818 0.05568181818181818
3 0.2840909090909091 0.1318181818181818 0.0125 0.05284090909090909
3 0.9568181818181818 0.23806818181818182 0.014772727272727272 0.04318181818181818
2 0.4943181818181818 0.36818181818181817 0.09204545454545454 0.1278409090909091
3 0.07215909090909091 0.3380681818181818 0.033522727272727273 0.056818181818181816
2 0.4005681818181818 0.35113636363636364 0.08579545454545455 0.12215909090909091
2 0.49772727272727274 0.30568181818181817 0.09829545454545455 0.12215909090909091
3 0.9107954545454545 0.23068181818181818 0.014204545454545454 0.04431818181818182
3 0.43125 0.29318181818181815 0.01875 0.075
3 0.1943181818181818 0.16818181818181818 0.02556818181818182 0.05284090909090909
3 0.7482954545454545 0.22272727272727272 0.021022727272727273 0.040340909090909094
3 0.8556818181818182 0.2278409090909091 0.026704545454545453 0.04431818181818182
2 0.18295454545454545 0.3068181818181818 0.056818181818181816 0.08352272727272728
2 0.32954545454545453 0.2869318181818182 0.06306818181818181 0.0903409090909091