3 0.5693181818181818 0.7778409090909091 0.07556818181818181 0.10852272727272727
3 0.7670454545454546 0.5494318181818182 0.04772727272727273 0.06818181818181818
3 0.9806818181818182 0.9403409090909091 0.03806818181818182 0.08068181818181819
3 0.9761363636363637 0.45397727272727273 0.04772727272727273 0.05568181818181818
3 0.5369318181818182 0.28352272727272726 0.03125 0.04431818181818182
3 0.7164772727272727 0.38693181818181815 0.045454545454545456 0.05965909090909091
3 0.6125 0.4102272727272727 0.03295454545454545 0.0625
3 0.26590909090909093 0.45852272727272725 0.028977272727272727 0.07215909090909091
3 0.7642045454545454 0.38693181818181815 0.045454545454545456 0.05397727272727273
2 0.5585227272727272 0.6403409090909091 0.16590909090909092 0.16136363636363638
3 0.9306818181818182 0.23522727272727273 0.01818181818181818 0.04318181818181818
2 0.8977272727272727 0.7909090909090909 0.20454545454545456 0.19772727272727272
3 0.2767045454545455 0.26647727272727273 0.02159090909090909 0.05568181818181818
3 0.007954545454545454 0.05568181818181818 0.00909090909090909 0.033522727272727273
3 0.3664772727272727 0.3721590909090909 0.023295454545454546 0.075
3 0.019318181818181818 0.39943181818181817 0.03806818181818182 0.0625
3 0.8886363636363637 0.23068181818181818 0.016477272727272726 0.04147727272727273
3 0.8301136363636363 0.21647727272727274 0.014772727272727272 0.05
3 0.45454545454545453 0.3573863636363636 0.023295454545454546 0.0625
3 0.5704545454545454 0.5505681818181818 0.053409090909090906 0.04318181818181818
2 0.11875 0.3096590909090909 0.06704545454545455 0.0971590909090909
3 0.3164772727272727 0.31022727272727274 0.02159090909090909 0.04318181818181818
3 0.4823863636363636 0.36477272727272725 0.022727272727272728 0.05397727272727273
2 0.28238636363636366 0.35852272727272727 0.08522727272727272 0.1
3 0.5443181818181818 0.36306818181818185 0.023295454545454546 0.05113636363636364
3 0.25795454545454544 0.10568181818181818 0.015909090909090907 0.03636363636363636
3 0.5227272727272727 0.3806818181818182 0.01875 0.05284090909090909
3 0.34204545454545454 0.34375 0.025 0.0625
3 0.3573863636363636 0.3119318181818182 0.014772727272727272 0.04602272727272727
2 0.1431818181818182 0.19715909090909092 0.05056818181818182 0.07215909090909091
3 0.3806818181818182 0.30568181818181817 0.023295454545454546 0.038636363636363635