2 0.8636363636363636 0.7119318181818182 0.21477272727272728 0.24886363636363637
2 0.5545454545454546 0.3619318181818182 0.16193181818181818 0.16818181818181818
2 0.90625 0.5505681818181818 0.1875 0.1903409090909091
3 0.6636363636363637 0.18863636363636363 0.028977272727272727 0.06363636363636363
3 0.5823863636363636 0.16647727272727272 0.021022727272727273 0.058522727272727275
2 0.3494318181818182 0.1318181818181818 0.08068181818181819 0.09431818181818181
3 0.6852272727272727 0.18181818181818182 0.020454545454545454 0.05568181818181818
3 0.6289772727272728 0.19147727272727272 0.025 0.058522727272727275
3 0.00909090909090909 0.36477272727272725 0.01818181818181818 0.05965909090909091
3 0.5142045454545454 0.16818181818181818 0.02556818181818182 0.06136363636363636
3 0.5443181818181818 0.1744318181818182 0.02556818181818182 0.06534090909090909
3 0.09431818181818181 0.1846590909090909 0.04943181818181818 0.06136363636363636
2 0.8454545454545455 0.11306818181818182 0.12329545454545454 0.11818181818181818
2 0.59375 0.025 0.09375 0.05