2 0.5568181818181818 0.8903409090909091 0.27045454545454545 0.21647727272727274
3 0.9204545454545454 0.6011363636363637 0.07727272727272727 0.08636363636363636
3 0.34545454545454546 0.7289772727272728 0.08806818181818182 0.09431818181818181
3 0.33693181818181817 0.42102272727272727 0.07045454545454545 0.07784090909090909
2 0.5852272727272727 0.5619318181818181 0.16420454545454546 0.15965909090909092
3 0.5005681818181819 0.36818181818181817 0.07045454545454545 0.07784090909090909
3 0.4056818181818182 0.3840909090909091 0.06931818181818182 0.08181818181818182
3 0.9914772727272727 0.4119318181818182 0.017045454545454544 0.06818181818181818
3 0.5914772727272727 0.4056818181818182 0.01875 0.05568181818181818
3 0.7232954545454545 0.1744318181818182 0.019318181818181818 0.056818181818181816
3 0.6488636363636363 0.21022727272727273 0.021022727272727273 0.05965909090909091
3 0.5505681818181818 0.15681818181818183 0.023295454545454546 0.05568181818181818
2 0.2056818181818182 0.5130681818181818 0.17272727272727273 0.16818181818181818
3 0.5659090909090909 0.021022727272727273 0.022727272727272728 0.04147727272727273
3 0.5744318181818182 0.1431818181818182 0.017045454545454544 0.06136363636363636
2 0.6772727272727272 0.44943181818181815 0.16420454545454546 0.17102272727272727
3 0.5164772727272727 0.16022727272727272 0.029545454545454545 0.056818181818181816
2 0.16590909090909092 0.07443181818181818 0.07954545454545454 0.09318181818181819
3 0.42670454545454545 0.12443181818181819 0.01818181818181818 0.05113636363636364
2 0.6221590909090909 0.028977272727272727 0.08295454545454546 0.05795454545454545
3 0.6767045454545455 0.20681818181818182 0.022727272727272728 0.06363636363636363
3 0.5363636363636364 0.02159090909090909 0.021022727272727273 0.04318181818181818