3 0.7636363636363637 0.3534090909090909 0.7670454545454546 0.35909090909090907 0.7647727272727273 0.3784090909090909 0.7613636363636364 0.3840909090909091 0.759090909090909 0.4011363636363636 0.7545454545454545 0.4022727272727273 0.7465909090909091 0.4022727272727273 0.740909090909091 0.3977272727272727 0.7386363636363636 0.38522727272727275 0.7420454545454546 0.375 0.7477272727272727 0.3704545454545455 0.7545454545454545 0.35568181818181815 0.7579545454545454 0.3522727272727273 0.7625 0.3534090909090909
3 0.29772727272727273 0.15795454545454546 0.30113636363636365 0.15795454545454546 0.30568181818181817 0.16818181818181818 0.31363636363636366 0.16363636363636364 0.3170454545454545 0.17272727272727273 0.3170454545454545 0.20113636363636364 0.3125 0.20681818181818182 0.31022727272727274 0.20681818181818182 0.3079545454545455 0.2 0.29772727272727273 0.18636363636363637 0.29772727272727273 0.1590909090909091
3 0.6977272727272728 0.40795454545454546 0.7 0.41704545454545455 0.6943181818181818 0.4431818181818182 0.696590909090909 0.4647727272727273 0.6920454545454545 0.4659090909090909 0.6806818181818182 0.4659090909090909 0.6761363636363636 0.4636363636363636 0.6727272727272727 0.45795454545454545 0.6727272727272727 0.43977272727272726 0.675 0.43068181818181817 0.6806818181818182 0.42727272727272725 0.6806818181818182 0.4238636363636364 0.6875 0.4125 0.696590909090909 0.40795454545454546
3 0.5931818181818181 0.31477272727272726 0.6011363636363637 0.3181818181818182 0.6034090909090909 0.3215909090909091 0.5943181818181819 0.3409090909090909 0.5943181818181819 0.3704545454545455 0.5920454545454545 0.37386363636363634 0.5875 0.37272727272727274 0.5840909090909091 0.37727272727272726 0.5806818181818182 0.37727272727272726 0.575 0.3715909090909091 0.5727272727272728 0.36363636363636365 0.575 0.3477272727272727 0.5784090909090909 0.3443181818181818 0.5806818181818182 0.33636363636363636 0.5909090909090909 0.325 0.5931818181818181 0.3159090909090909
3 0.6477272727272727 0.30113636363636365 0.6636363636363637 0.30568181818181817 0.6670454545454545 0.31022727272727274 0.6647727272727273 0.3352272727272727 0.6590909090909091 0.34545454545454546 0.6545454545454545 0.3488636363636364 0.6545454545454545 0.35113636363636364 0.6443181818181818 0.3522727272727273 0.6363636363636364 0.35 0.6352272727272728 0.34545454545454546 0.6454545454545455 0.3465909090909091 0.6431818181818182 0.3261363636363636 0.6477272727272727 0.3125 0.6477272727272727 0.30227272727272725
3 0.053409090909090906 0.19545454545454546 0.056818181818181816 0.1965909090909091 0.06136363636363636 0.21477272727272728 0.060227272727272727 0.2318181818181818 0.042045454545454546 0.23977272727272728 0.03636363636363636 0.23863636363636365 0.03068181818181818 0.24545454545454545 0.025 0.24545454545454545 0.020454545454545454 0.23636363636363636 0.022727272727272728 0.2056818181818182 0.029545454545454545 0.2056818181818182 0.03295454545454545 0.21818181818181817 0.03636363636363636 0.2056818181818182 0.04318181818181818 0.20454545454545456 0.04659090909090909 0.19886363636363635 0.05113636363636364 0.2034090909090909 0.053409090909090906 0.1965909090909091
3 0.6704545454545454 0.3215909090909091 0.6761363636363636 0.3215909090909091 0.6772727272727272 0.32386363636363635 0.6772727272727272 0.3386363636363636 0.6738636363636363 0.34545454545454546 0.6738636363636363 0.36704545454545456 0.6715909090909091 0.37613636363636366 0.6590909090909091 0.37727272727272726 0.6545454545454545 0.3693181818181818 0.6556818181818181 0.3488636363636364 0.6625 0.3409090909090909 0.6681818181818182 0.32386363636363635 0.6704545454545454 0.32272727272727275
3 0.2636363636363636 0.1806818181818182 0.2761363636363636 0.18522727272727274 0.2772727272727273 0.19545454545454546 0.2727272727272727 0.21477272727272728 0.26931818181818185 0.2159090909090909 0.26022727272727275 0.20227272727272727 0.26022727272727275 0.18522727272727274 0.2636363636363636 0.18181818181818182
3 0.634090909090909 0.125 0.6363636363636364 0.12727272727272726 0.6397727272727273 0.14772727272727273 0.6443181818181818 0.16022727272727272 0.6443181818181818 0.175 0.6409090909090909 0.1784090909090909 0.6352272727272728 0.17727272727272728 0.6329545454545454 0.16704545454545455 0.6204545454545455 0.1625 0.625 0.15227272727272728 0.625 0.13977272727272727 0.6284090909090909 0.1375 0.6306818181818182 0.12954545454545455 0.634090909090909 0.12613636363636363
3 0.08068181818181819 0.16136363636363638 0.08863636363636364 0.16022727272727272 0.09204545454545454 0.16477272727272727 0.09318181818181819 0.1715909090909091 0.08409090909090909 0.1784090909090909 0.08409090909090909 0.20795454545454545 0.08068181818181819 0.21022727272727273 0.07613636363636364 0.20113636363636364 0.07613636363636364 0.17045454545454544 0.08068181818181819 0.1625
3 0.4420454545454545 0.2590909090909091 0.44431818181818183 0.26704545454545453 0.45 0.2681818181818182 0.45340909090909093 0.2715909090909091 0.4590909090909091 0.26704545454545453 0.4715909090909091 0.27954545454545454 0.4715909090909091 0.3170454545454545 0.4693181818181818 0.3215909090909091 0.4647727272727273 0.32045454545454544 0.4636363636363636 0.31363636363636366 0.4659090909090909 0.3090909090909091 0.4659090909090909 0.29659090909090907 0.45681818181818185 0.27954545454545454 0.45 0.2863636363636364 0.4465909090909091 0.29545454545454547 0.4409090909090909 0.30113636363636365 0.4375 0.3 0.4340909090909091 0.2863636363636364 0.425 0.2840909090909091 0.425 0.27954545454545454 0.4284090909090909 0.2772727272727273 0.4284090909090909 0.27386363636363636 0.4375 0.26590909090909093 0.4375 0.26136363636363635 0.4409090909090909 0.2590909090909091
3 0.4875 0.25 0.48977272727272725 0.2545454545454545 0.48977272727272725 0.27954545454545454 0.49318181818181817 0.27954545454545454 0.49318181818181817 0.26704545454545453 0.4954545454545455 0.26477272727272727 0.5045454545454545 0.2681818181818182 0.5125 0.2681818181818182 0.5170454545454546 0.2727272727272727 0.5170454545454546 0.2840909090909091 0.5193181818181818 0.2897727272727273 0.5193181818181818 0.3068181818181818 0.5159090909090909 0.31363636363636366 0.5113636363636364 0.31363636363636366 0.4943181818181818 0.29545454545454547 0.48522727272727273 0.2943181818181818 0.48068181818181815 0.2897727272727273 0.4784090909090909 0.2840909090909091 0.4784090909090909 0.27045454545454545 0.4875 0.25113636363636366
3 0 0.37272727272727274 0.004545454545454545 0.37386363636363634 0.005681818181818182 0.38295454545454544 0.017045454545454544 0.4102272727272727 0.017045454545454544 0.4193181818181818 0.014772727272727272 0.42272727272727273 0.007954545454545454 0.4238636363636364 0 0.4193181818181818 0 0.37386363636363634
3 0.9215909090909091 0.36704545454545456 0.9318181818181818 0.3875 0.9397727272727273 0.4113636363636364 0.9397727272727273 0.42045454545454547 0.9363636363636364 0.4318181818181818 0.9329545454545455 0.4340909090909091 0.9261363636363636 0.4329545454545455 0.9204545454545454 0.42272727272727273 0.9159090909090909 0.42045454545454547 0.9136363636363637 0.4159090909090909 0.9159090909090909 0.38295454545454544 0.9125 0.37727272727272726 0.9125 0.3715909090909091 0.9147727272727273 0.36818181818181817 0.9204545454545454 0.36818181818181817
3 0.12272727272727273 0.12727272727272726 0.12954545454545455 0.13068181818181818 0.1340909090909091 0.1409090909090909 0.14204545454545456 0.15113636363636362 0.14431818181818182 0.15795454545454546 0.14204545454545456 0.16704545454545455 0.13977272727272727 0.1693181818181818 0.12045454545454545 0.17045454545454544 0.11363636363636363 0.1625 0.11022727272727273 0.1625 0.1125 0.15795454545454546 0.11022727272727273 0.15454545454545454 0.10454545454545454 0.15795454545454546 0.1 0.15227272727272728 0.1 0.14886363636363636 0.10454545454545454 0.14659090909090908 0.11022727272727273 0.15454545454545454 0.12045454545454545 0.14659090909090908 0.12272727272727273 0.12840909090909092
3 0.7193181818181819 0.48068181818181815 0.7227272727272728 0.4863636363636364 0.7215909090909091 0.49886363636363634 0.7284090909090909 0.5113636363636364 0.7284090909090909 0.5159090909090909 0.725 0.5170454545454546 0.7215909090909091 0.5227272727272727 0.7227272727272728 0.5284090909090909 0.7306818181818182 0.5215909090909091 0.7340909090909091 0.5238636363636363 0.7477272727272727 0.5215909090909091 0.7602272727272728 0.5079545454545454 0.7693181818181818 0.509090909090909 0.7704545454545455 0.5113636363636364 0.7704545454545455 0.5159090909090909 0.7738636363636363 0.5215909090909091 0.7715909090909091 0.5545454545454546 0.7693181818181818 0.5636363636363636 0.7625 0.5704545454545454 0.7534090909090909 0.5693181818181818 0.7477272727272727 0.5625 0.740909090909091 0.5352272727272728 0.7306818181818182 0.5443181818181818 0.7306818181818182 0.5420454545454545 0.7238636363636364 0.5375 0.7204545454545455 0.5284090909090909 0.7170454545454545 0.5375 0.7102272727272727 0.5420454545454545 0.7034090909090909 0.5409090909090909 0.6977272727272728 0.5340909090909091 0.6977272727272728 0.5102272727272728 0.7034090909090909 0.5011363636363636 0.7079545454545455 0.48522727272727273 0.7136363636363636 0.47954545454545455 0.7181818181818181 0.48068181818181815
3 0.3170454545454545 0.09772727272727273 0.3215909090909091 0.09886363636363636 0.32386363636363635 0.10795454545454546 0.33636363636363636 0.12386363636363637 0.3386363636363636 0.13068181818181818 0.3375 0.1375 0.33181818181818185 0.14431818181818182 0.32272727272727275 0.13522727272727272 0.3159090909090909 0.13295454545454546 0.3170454545454545 0.09886363636363636
3 0.00909090909090909 0.32954545454545453 0.01818181818181818 0.34204545454545454 0.02159090909090909 0.3568181818181818 0.031818181818181815 0.36818181818181817 0.031818181818181815 0.38977272727272727 0.025 0.39431818181818185 0.010227272727272727 0.38295454545454544 0.00909090909090909 0.37613636363636366 0.005681818181818182 0.37727272727272726 0.005681818181818182 0.38181818181818183 0.005681818181818182 0.3715909090909091 0.003409090909090909 0.3693181818181818 0.003409090909090909 0.36477272727272725 0 0.36363636363636365 0 0.3397727272727273 0.007954545454545454 0.3306818181818182
3 0.41818181818181815 0.20909090909090908 0.42045454545454547 0.22386363636363638 0.425 0.23295454545454544 0.4284090909090909 0.22272727272727272 0.43977272727272726 0.22386363636363638 0.44886363636363635 0.23068181818181818 0.4465909090909091 0.25227272727272726 0.4375 0.2545454545454545 0.4318181818181818 0.24772727272727274 0.41818181818181815 0.24545454545454545 0.41363636363636364 0.23522727272727273 0.41363636363636364 0.22386363636363638 0.41818181818181815 0.21022727272727273
3 0.4284090909090909 0.2806818181818182 0.4318181818181818 0.2806818181818182 0.43636363636363634 0.28863636363636364 0.4375 0.30113636363636365 0.43522727272727274 0.3079545454545455 0.4375 0.33181818181818185 0.4409090909090909 0.33181818181818185 0.4431818181818182 0.3170454545454545 0.44545454545454544 0.3159090909090909 0.45795454545454545 0.3181818181818182 0.4647727272727273 0.32386363636363635 0.4647727272727273 0.3375 0.46136363636363636 0.34204545454545454 0.46136363636363636 0.3568181818181818 0.45681818181818185 0.36022727272727273 0.44886363636363635 0.3568181818181818 0.43977272727272726 0.34545454545454546 0.43636363636363634 0.3477272727272727 0.43522727272727274 0.3522727272727273 0.43522727272727274 0.3488636363636364 0.42954545454545456 0.3443181818181818 0.4284090909090909 0.3397727272727273 0.42159090909090907 0.3375 0.4159090909090909 0.325 0.4159090909090909 0.30568181818181817 0.41818181818181815 0.3034090909090909 0.41818181818181815 0.29545454545454547 0.42159090909090907 0.2863636363636364 0.4284090909090909 0.2818181818181818
3 0.678409090909091 0.2431818181818182 0.6795454545454546 0.25227272727272726 0.6897727272727273 0.2772727272727273 0.6897727272727273 0.28863636363636364 0.6863636363636364 0.29204545454545455 0.6806818181818182 0.29204545454545455 0.675 0.28295454545454546 0.6681818181818182 0.2852272727272727 0.6545454545454545 0.275 0.6454545454545455 0.275 0.6431818181818182 0.26590909090909093 0.6375 0.25795454545454544 0.6431818181818182 0.23636363636363636 0.6477272727272727 0.2375 0.6488636363636363 0.24772727272727274 0.6579545454545455 0.2590909090909091 0.6647727272727273 0.2590909090909091 0.6727272727272727 0.25113636363636366 0.6738636363636363 0.2431818181818182 0.6772727272727272 0.2431818181818182
2 0.4875 0.07361111136363636 0.509375 0.1 0.5453125 0.09166666704545455 0.546875 0.07638888863636364 0.54296875 0.059722222727272734 0.534375 0.0375 0.52109375 0.016666667045454546 0.50703125 0.006944444318181819 0.49140625 0.006944444318181819 0.48671875 0.008333332954545454 0.48046875 0.025 0.475 0.04722222272727273 0.47578125 0.0625 0.48046875 0.07222222272727273 0.4875 0.07361111136363636
2 0.375 0 0.37265625 0.005555555681818182 0.37421875 0.03888888863636364 0.3765625 0.04166666704545454 0.38359375 0.034722222727272725 0.3984375 0.07777777727272728 0.42421875 0.075 0.4390625 0.06527777727272727 0.43984375 0.03888888863636364 0.42265625 0 0.375 0
2 0.8109375 0.13888888863636364 0.81640625 0.1319444443181818 0.8421875 0.13472222272727272 0.859375 0.14722222272727273 0.86640625 0.16666666704545455 0.87265625 0.17222222272727272 0.8859375 0.16805555568181818 0.90625 0.14027777727272728 0.90703125 0.125 0.896875 0.11111111136363636 0.89453125 0.09166666704545455 0.8640625 0.07361111136363636 0.85546875 0.06111111136363636 0.82890625 0.06527777727272727 0.8203125 0.07222222272727273 0.8 0.0625 0.7859375 0.07361111136363636 0.7796875 0.08472222272727273 0.796875 0.13333333295454544 0.80234375 0.13888888863636364 0.8109375 0.13888888863636364