3 0.2034090909090909 0.35056818181818183 0.019318181818181818 0.04318181818181818
3 0.6875 0.5590909090909091 0.025 0.05397727272727273
3 0.6630681818181818 0.4818181818181818 0.026704545454545453 0.05
2 0.75 0.4090909090909091 0.051704545454545454 0.09318181818181819
3 0.05056818181818182 0.3880681818181818 0.019318181818181818 0.04602272727272727
2 0.8744318181818181 0.4369318181818182 0.045454545454545456 0.0846590909090909
3 0.8 0.5119318181818182 0.01875 0.05397727272727273
3 0.7755681818181818 0.5528409090909091 0.023295454545454546 0.08352272727272728
3 0.08181818181818182 0.3744318181818182 0.022727272727272728 0.04318181818181818
3 0.7386363636363636 0.553409090909091 0.021022727272727273 0.048863636363636366
3 0.2409090909090909 0.34147727272727274 0.02159090909090909 0.04147727272727273
3 0.8494318181818182 0.6272727272727273 0.024431818181818183 0.05965909090909091
3 0.023863636363636365 0.3721590909090909 0.02556818181818182 0.05
3 0.8329545454545455 0.6039772727272728 0.02159090909090909 0.058522727272727275
3 0.6357954545454545 0.4994318181818182 0.024431818181818183 0.05397727272727273
3 0.10681818181818181 0.3715909090909091 0.024431818181818183 0.04318181818181818
3 0.8022727272727272 0.5960227272727273 0.023295454545454546 0.058522727272727275
3 0.3255681818181818 0.3181818181818182 0.023295454545454546 0.04431818181818182
3 0.1715909090909091 0.28806818181818183 0.015909090909090907 0.031818181818181815
3 0.12443181818181819 0.37272727272727274 0.019318181818181818 0.04602272727272727
3 0.275 0.33693181818181817 0.025 0.04318181818181818
3 0.3875 0.29659090909090907 0.020454545454545454 0.04318181818181818