3 0.7477272727272727 0.5653409090909091 0.023295454545454546 0.05568181818181818
3 0.8017045454545455 0.5903409090909091 0.025 0.06363636363636363
3 0.6454545454545455 0.5931818181818181 0.029545454545454545 0.06647727272727273
3 0.7869318181818182 0.540340909090909 0.020454545454545454 0.05284090909090909
3 0.8590909090909091 0.5914772727272727 0.02159090909090909 0.06647727272727273
2 0.6880681818181819 0.44943181818181815 0.061931818181818185 0.1125
2 0.7369318181818182 0.3931818181818182 0.05568181818181818 0.08636363636363636
3 0.6079545454545454 0.5778409090909091 0.029545454545454545 0.06363636363636363
3 0.8818181818181818 0.4153409090909091 0.017045454545454544 0.04715909090909091
2 0.8431818181818181 0.46647727272727274 0.06704545454545455 0.0971590909090909
3 0.6107954545454546 0.5556818181818182 0.031818181818181815 0.08636363636363636