2 0.709659090909091 0.8789772727272728 0.19602272727272727 0.23863636363636365
3 0.3886363636363636 0.16193181818181818 0.022727272727272728 0.06818181818181818
3 0.41420454545454544 0.6556818181818181 0.04318181818181818 0.11931818181818182
3 0.7125 0.2119318181818182 0.023295454545454546 0.056818181818181816
3 0.27954545454545454 0.48068181818181815 0.03068181818181818 0.09431818181818181
3 0.6346590909090909 0.2119318181818182 0.016477272727272726 0.056818181818181816
3 0.6073863636363637 0.20909090909090908 0.021022727272727273 0.05965909090909091
3 0.6625 0.20397727272727273 0.01875 0.05568181818181818
3 0.5431818181818182 0.23522727272727273 0.026704545454545453 0.0625
3 0.5727272727272728 0.21534090909090908 0.023295454545454546 0.06136363636363636
3 0.23636363636363636 0.22727272727272727 0.021022727272727273 0.0625
3 0.3664772727272727 0.33181818181818185 0.028409090909090908 0.075
3 0.4017045454545455 0.5068181818181818 0.03068181818181818 0.09431818181818181
3 0.6880681818181819 0.17556818181818182 0.014772727272727272 0.06534090909090909
3 0.5045454545454545 0.19772727272727272 0.03806818181818182 0.06818181818181818
2 0.45681818181818185 0.10397727272727272 0.08693181818181818 0.1278409090909091
3 0.29318181818181815 0.04659090909090909 0.01818181818181818 0.04318181818181818
3 0.40454545454545454 0.07897727272727273 0.016477272727272726 0.04431818181818182
3 0.29318181818181815 0.30568181818181817 0.028977272727272727 0.06363636363636363
3 0.23863636363636365 0.007386363636363636 0.013636363636363636 0.014772727272727272
3 0.3125 0.1028409090909091 0.01875 0.04715909090909091
3 0.15056818181818182 0.05284090909090909 0.01818181818181818 0.05568181818181818
3 0.1744318181818182 0.05056818181818182 0.014204545454545454 0.04318181818181818