3 0.5954545454545455 0.4744318181818182 0.031818181818181815 0.07102272727272728
3 0.41761363636363635 0.4602272727272727 0.02727272727272727 0.0625
3 0.6744318181818182 0.46647727272727274 0.03579545454545455 0.06647727272727273
3 0.48806818181818185 0.48977272727272725 0.03806818181818182 0.07897727272727273
3 0.63125 0.4653409090909091 0.03125 0.06931818181818182
3 0.2846590909090909 0.4431818181818182 0.022727272727272728 0.07215909090909091
3 0.5767045454545454 0.40397727272727274 0.019318181818181818 0.06136363636363636
3 0.026704545454545453 0.602840909090909 0.053409090909090906 0.06647727272727273
3 0.9318181818181818 0.2369318181818182 0.013068181818181817 0.0375
3 0.5306818181818181 0.42556818181818185 0.020454545454545454 0.056818181818181816
3 0.07443181818181818 0.1340909090909091 0.014204545454545454 0.04602272727272727
3 0.5142045454545454 0.4602272727272727 0.01875 0.06818181818181818
3 0.03125 0.10568181818181818 0.0125 0.03636363636363636
3 0.05568181818181818 0.26022727272727275 0.01818181818181818 0.05397727272727273
3 0.8301136363636363 0.22272727272727272 0.014772727272727272 0.031818181818181815
3 0.9073863636363636 0.23522727272727273 0.013068181818181817 0.03465909090909091
2 0.40795454545454546 0.35568181818181815 0.08579545454545455 0.11647727272727272
3 0.8920454545454546 0.22897727272727272 0.013068181818181817 0.04147727272727273
2 0.13636363636363635 0.35568181818181815 0.06306818181818181 0.11136363636363636
3 0.18522727272727274 0.5335227272727273 0.03125 0.0971590909090909
3 0.5488636363636363 0.4102272727272727 0.014772727272727272 0.05113636363636364
2 0.4244318181818182 0.29715909090909093 0.08125 0.11136363636363636
3 0.8505681818181818 0.22443181818181818 0.01818181818181818 0.03465909090909091
2 0.21931818181818183 0.48352272727272727 0.07670454545454546 0.11647727272727272
2 0.5306818181818181 0.9568181818181818 0.12443181818181819 0.08352272727272728