3 0.76875 0.5568181818181818 0.04375 0.08068181818181819
3 0.46761363636363634 0.7534090909090909 0.04602272727272727 0.10113636363636364
3 0.7005681818181818 0.5085227272727273 0.04147727272727273 0.07215909090909091
3 0.23806818181818182 0.7494318181818181 0.036931818181818184 0.10965909090909091
3 0.14204545454545456 0.4278409090909091 0.023295454545454546 0.07215909090909091
3 0.42670454545454545 0.5755681818181818 0.03295454545454545 0.07386363636363637
3 0.30454545454545456 0.5068181818181818 0.026704545454545453 0.07784090909090909
3 0.3306818181818182 0.9448863636363637 0.04943181818181818 0.10965909090909091
3 0.20397727272727273 0.5965909090909091 0.03295454545454545 0.09886363636363636
3 0.4017045454545455 0.45284090909090907 0.03409090909090909 0.06931818181818182
3 0.4994318181818182 0.48409090909090907 0.03920454545454546 0.07102272727272728
3 0.6511363636363636 0.5056818181818182 0.035227272727272725 0.06931818181818182
3 0.5840909090909091 0.4693181818181818 0.03295454545454545 0.06647727272727273
3 0.10397727272727272 0.16818181818181818 0.015909090909090907 0.04431818181818182
3 0.8295454545454546 0.2159090909090909 0.014204545454545454 0.048863636363636366
3 0.6204545454545455 0.4602272727272727 0.026704545454545453 0.05965909090909091
3 0.9306818181818182 0.2369318181818182 0.017045454545454544 0.040340909090909094
3 0.12272727272727273 0.32897727272727273 0.01875 0.05284090909090909
2 0.3886363636363636 0.8369318181818182 0.12897727272727272 0.21534090909090908
3 0.5357954545454545 0.46647727272727274 0.033522727272727273 0.06931818181818182
3 0.1431818181818182 0.2505681818181818 0.014204545454545454 0.056818181818181816
3 0.32670454545454547 0.3261363636363636 0.017045454545454544 0.05
3 0.38125 0.39147727272727273 0.01875 0.05284090909090909
3 0.7704545454545455 0.19488636363636364 0.033522727272727273 0.0375
3 0.048863636363636366 0.24431818181818182 0.016477272727272726 0.05568181818181818
3 0.9056818181818181 0.2340909090909091 0.014772727272727272 0.0375
3 0.1380681818181818 0.5590909090909091 0.02556818181818182 0.09602272727272727
3 0.06818181818181818 0.09147727272727273 0.011931818181818182 0.033522727272727273
3 0.3079545454545455 0.4465909090909091 0.02556818181818182 0.048863636363636366
3 0.03920454545454546 0.056818181818181816 0.00909090909090909 0.03068181818181818
3 0.3625 0.3528409090909091 0.01875 0.04431818181818182
2 0.19943181818181818 0.3744318181818182 0.06704545454545455 0.10681818181818181
3 0.08295454545454546 0.20909090909090908 0.015909090909090907 0.048863636363636366
3 0.01875 0.0375 0.007954545454545454 0.025
3 0.07954545454545454 0.1340909090909091 0.014204545454545454 0.04318181818181818
3 0.3068181818181818 0.3068181818181818 0.017045454545454544 0.05568181818181818
3 0.8892045454545454 0.2278409090909091 0.014772727272727272 0.04431818181818182
3 0.09431818181818181 0.21818181818181817 0.0125 0.04715909090909091
3 0.45738636363636365 0.46193181818181817 0.02556818181818182 0.0625