3 0.9255681818181818 0.2715909090909091 0.051704545454545454 0.056818181818181816
3 0.834659090909091 0.2119318181818182 0.04431818181818182 0.05965909090909091
3 0.4732954545454545 0.1630681818181818 0.023295454545454546 0.05113636363636364
3 0.6176136363636363 0.20909090909090908 0.021022727272727273 0.05965909090909091
3 0.89375 0.20113636363636364 0.04375 0.04715909090909091
2 0.09659090909090909 0.39602272727272725 0.18295454545454545 0.15284090909090908
3 0.9238636363636363 0.4289772727272727 0.06647727272727273 0.06931818181818182
2 0.21306818181818182 0.5431818181818182 0.1693181818181818 0.15568181818181817
3 0.5789772727272727 0.21477272727272728 0.029545454545454545 0.05965909090909091
2 0.7914772727272728 0.5153409090909091 0.20795454545454545 0.16136363636363638
3 0.6818181818181818 0.2215909090909091 0.026704545454545453 0.05965909090909091
3 0.6005681818181818 0.8619318181818182 0.09829545454545455 0.11818181818181818
2 0.08920454545454545 0.6767045454545455 0.1784090909090909 0.2215909090909091
3 0.64375 0.19943181818181818 0.01875 0.05113636363636364
2 0.6357954545454545 0.41647727272727275 0.175 0.1471590909090909
2 0.38181818181818183 0.39943181818181817 0.15681818181818183 0.1625
3 0.5079545454545454 0.16647727272727272 0.024431818181818183 0.05568181818181818
3 0.5414772727272728 0.18522727272727274 0.023295454545454546 0.056818181818181816
3 0.4125 0.7056818181818182 0.0875 0.10852272727272727
3 0.7193181818181819 0.1215909090909091 0.048295454545454544 0.05113636363636364
3 0.43011363636363636 0.11022727272727273 0.021022727272727273 0.056818181818181816
3 0.5931818181818181 0.18409090909090908 0.014204545454545454 0.05397727272727273
3 0.9818181818181818 0.30056818181818185 0.020454545454545454 0.04318181818181818
2 0.4965909090909091 0.04659090909090909 0.075 0.09318181818181819
3 0.35511363636363635 0.028977272727272727 0.016477272727272726 0.04431818181818182
2 0.6318181818181818 0.03238636363636364 0.07954545454545454 0.06477272727272727
3 0.4090909090909091 0.08409090909090909 0.01875 0.048863636363636366
2 0.4556818181818182 0.060227272727272727 0.075 0.1125