3 0.2545454545454545 0.9011363636363636 0.04318181818181818 0.125
3 0.9494318181818182 0.4869318181818182 0.051704545454545454 0.056818181818181816
3 0.17329545454545456 0.6369318181818182 0.03409090909090909 0.09318181818181819
3 0.9306818181818182 0.2369318181818182 0.017045454545454544 0.04318181818181818
3 0.2375 0.6880681818181819 0.03125 0.09318181818181819
3 0.6045454545454545 0.4289772727272727 0.019318181818181818 0.058522727272727275
3 0.9892045454545455 0.509090909090909 0.019318181818181818 0.04318181818181818
3 0.8284090909090909 0.21647727272727274 0.014772727272727272 0.05
2 0.5414772727272728 0.9278409090909091 0.16420454545454546 0.14147727272727273
3 0.43579545454545454 0.43522727272727274 0.019318181818181818 0.05397727272727273
3 0.41306818181818183 0.41818181818181815 0.01875 0.058522727272727275
3 0.63125 0.4193181818181818 0.01875 0.05568181818181818
3 0.13920454545454544 0.4056818181818182 0.016477272727272726 0.05
3 0.5619318181818181 0.41818181818181815 0.019318181818181818 0.058522727272727275
3 0.8886363636363637 0.23068181818181818 0.016477272727272726 0.038636363636363635
3 0.06818181818181818 0.8477272727272728 0.03920454545454546 0.1431818181818182
3 0.5045454545454545 0.42727272727272725 0.014772727272727272 0.05397727272727273
3 0.06647727272727273 0.3744318181818182 0.029545454545454545 0.04602272727272727
3 0.3693181818181818 0.9539772727272727 0.04375 0.09147727272727273
3 0.8517045454545454 0.22443181818181818 0.01875 0.0375
3 0.7704545454545455 0.54375 0.04147727272727273 0.0625
3 0.24375 0.6227272727272727 0.03125 0.06534090909090909
3 0.4630681818181818 0.43522727272727274 0.014772727272727272 0.056818181818181816
3 0.1784090909090909 0.47102272727272726 0.020454545454545454 0.05284090909090909
3 0.11761363636363636 0.3573863636363636 0.016477272727272726 0.040340909090909094
3 0.5352272727272728 0.3789772727272727 0.017045454545454544 0.05
3 0.522159090909091 0.4244318181818182 0.019318181818181818 0.056818181818181816
3 0.03920454545454546 0.22897727272727272 0.017045454545454544 0.05284090909090909
2 0.2857954545454545 0.3664772727272727 0.07840909090909091 0.10568181818181818
3 0.33693181818181817 0.5585227272727272 0.023295454545454546 0.05568181818181818
3 0.19318181818181818 0.5477272727272727 0.02556818181818182 0.10681818181818181
2 0.38181818181818183 0.3465909090909091 0.08295454545454546 0.12613636363636363
2 0.4602272727272727 0.32897727272727273 0.09090909090909091 0.13068181818181818