3 0.9642045454545455 0.44943181818181815 0.04943181818181818 0.05113636363636364
3 0.9068181818181819 0.6494318181818182 0.06420454545454546 0.06534090909090909
3 0.15965909090909092 0.8369318181818182 0.07727272727272727 0.07102272727272728
3 0.41306818181818183 0.6278409090909091 0.06875 0.06647727272727273
3 0.7613636363636364 0.5931818181818181 0.061931818181818185 0.06647727272727273
3 0.6431818181818182 0.3431818181818182 0.0375 0.04715909090909091
3 0.6642045454545454 0.6869318181818181 0.06875 0.06818181818181818
3 0.029545454545454545 0.6596590909090909 0.05909090909090909 0.075
3 0.5340909090909091 0.48806818181818185 0.04090909090909091 0.07102272727272728
3 0.5369318181818182 0.6659090909090909 0.07272727272727272 0.07386363636363637
3 0.028977272727272727 0.7556818181818182 0.05795454545454545 0.06931818181818182
3 0.8295454545454546 0.21534090909090908 0.014204545454545454 0.05
2 0.8954545454545455 0.740909090909091 0.16193181818181818 0.14886363636363636
3 0.9715909090909091 0.5943181818181819 0.051704545454545454 0.05568181818181818
3 0.53125 0.23977272727272728 0.023295454545454546 0.040340909090909094
3 0.7392045454545455 0.5119318181818182 0.04375 0.06818181818181818
3 0.5931818181818181 0.5289772727272727 0.04772727272727273 0.06931818181818182
2 0.33181818181818185 0.7806818181818181 0.20454545454545456 0.16363636363636364
3 0.8897727272727273 0.22897727272727272 0.014204545454545454 0.04431818181818182
3 0.9301136363636363 0.2369318181818182 0.01818181818181818 0.04318181818181818
3 0.06079545454545455 0.9181818181818182 0.06818181818181818 0.075
3 0.5130681818181818 0.3494318181818182 0.020454545454545454 0.05113636363636364
3 0.010227272727272727 0.8193181818181818 0.020454545454545454 0.05284090909090909
3 0.9102272727272728 0.23068181818181818 0.015909090909090907 0.04431818181818182
3 0.5244318181818182 0.6056818181818182 0.06931818181818182 0.06647727272727273
3 0.7022727272727273 0.5215909090909091 0.029545454545454545 0.07386363636363637
3 0.55 0.4147727272727273 0.01875 0.0625
3 0.8505681818181818 0.22443181818181818 0.019318181818181818 0.040340909090909094
3 0.6482954545454546 0.5306818181818181 0.03920454545454546 0.0971590909090909
3 0.5170454545454546 0.4244318181818182 0.028409090909090908 0.048863636363636366
3 0.5420454545454545 0.35568181818181815 0.01818181818181818 0.05568181818181818
3 0.6113636363636363 0.6289772727272728 0.03806818181818182 0.058522727272727275
3 0.675 0.5193181818181818 0.025 0.06931818181818182
3 0.3784090909090909 0.3744318181818182 0.016477272727272726 0.0625
3 0.9704545454545455 0.6869318181818181 0.05227272727272727 0.056818181818181816
3 0.06420454545454546 0.63125 0.04772727272727273 0.0625