2 0.3375 0.4590909090909091 0.10625 0.19318181818181818
2 0.9198863636363637 0.602840909090909 0.16022727272727272 0.23352272727272727
2 0.7982954545454546 0.33181818181818185 0.1380681818181818 0.1943181818181818
3 0.42670454545454545 0.9414772727272728 0.08693181818181818 0.11647727272727272
2 0.6130681818181818 0.15568181818181817 0.09375 0.1278409090909091
3 0.975 0.24147727272727273 0.05 0.058522727272727275
3 0.48522727272727273 0.03409090909090909 0.020454545454545454 0.0625
3 0.024431818181818183 0.36306818181818185 0.048295454545454544 0.06818181818181818
3 0.1380681818181818 0.06306818181818181 0.026704545454545453 0.07386363636363637
2 0.2909090909090909 0.18522727272727274 0.07045454545454545 0.10113636363636364
2 0.40738636363636366 0.035227272727272725 0.0625 0.07045454545454545
2 0.2852272727272727 0.035227272727272725 0.06136363636363636 0.07045454545454545
3 0.5255681818181818 0.060227272727272727 0.023295454545454546 0.04602272727272727
2 0.2119318181818182 0.06534090909090909 0.05056818181818182 0.08068181818181819
2 0.8454545454545455 0.11647727272727272 0.12329545454545454 0.11363636363636363
3 0.3477272727272727 0.028977272727272727 0.015909090909090907 0.05795454545454545