2 0.45170454545454547 0.9005681818181818 0.25625 0.19318181818181818
3 0.4994318181818182 0.2625 0.036931818181818184 0.075
3 0.2909090909090909 0.6494318181818182 0.056818181818181816 0.10965909090909091
3 0.23295454545454544 0.6369318181818182 0.05795454545454545 0.1125
2 0.43011363636363636 0.3664772727272727 0.13522727272727272 0.16363636363636364
2 0.8852272727272728 0.9215909090909091 0.22954545454545455 0.15397727272727274
3 0.18522727272727274 0.6619318181818182 0.05454545454545454 0.09886363636363636
3 0.3715909090909091 0.20397727272727273 0.03295454545454545 0.09147727272727273
3 0.6539772727272727 0.19147727272727272 0.026704545454545453 0.06647727272727273
3 0.7113636363636363 0.2119318181818182 0.028977272727272727 0.0625
3 0.010227272727272727 0.41647727272727275 0.020454545454545454 0.05568181818181818
3 0.5079545454545454 0.1494318181818182 0.02556818181818182 0.056818181818181816
3 0.13068181818181818 0.4056818181818182 0.06306818181818181 0.06931818181818182
3 0.18636363636363637 0.3619318181818182 0.028977272727272727 0.07386363636363637
3 0.6238636363636364 0.18522727272727274 0.024431818181818183 0.05965909090909091
2 0.29545454545454547 0.17784090909090908 0.08693181818181818 0.11136363636363636
3 0.04715909090909091 0.3664772727272727 0.05227272727272727 0.058522727272727275
3 0.5323863636363636 0.04943181818181818 0.019318181818181818 0.05397727272727273
3 0.4681818181818182 0.15681818181818183 0.021022727272727273 0.06136363636363636
3 0.6875 0.17102272727272727 0.023295454545454546 0.06647727272727273
2 0.4244318181818182 0.05227272727272727 0.07045454545454545 0.09886363636363636
2 0.4011363636363636 0.16818181818181818 0.09602272727272727 0.11647727272727272
3 0.5170454545454546 0.061931818181818185 0.017045454545454544 0.040340909090909094
2 0.32954545454545453 0.07102272727272728 0.0625 0.08863636363636364
3 0.2471590909090909 0.37272727272727274 0.035227272727272725 0.07386363636363637
3 0.23522727272727273 0.41875 0.0659090909090909 0.0625
2 0.8454545454545455 0.11193181818181819 0.12329545454545454 0.11818181818181818
2 0.46704545454545454 0.04375 0.06704545454545455 0.0875
3 0.03636363636363636 0.1630681818181818 0.031818181818181815 0.08181818181818182
3 0.21761363636363637 0.5102272727272728 0.07727272727272727 0.09602272727272727