3 0.09090909090909091 0.3664772727272727 0.022727272727272728 0.05568181818181818
3 0.16420454545454546 0.3403409090909091 0.021022727272727273 0.05284090909090909
3 0.12840909090909092 0.3619318181818182 0.01818181818181818 0.048863636363636366
3 0.023295454545454546 0.37272727272727274 0.019318181818181818 0.05397727272727273
3 0.8255681818181818 0.5903409090909091 0.02556818181818182 0.06363636363636363
3 0.048295454545454544 0.3835227272727273 0.023295454545454546 0.05
3 0.7613636363636364 0.42556818181818185 0.014772727272727272 0.056818181818181816
3 0.21761363636363637 0.34602272727272726 0.022727272727272728 0.05
3 0.29545454545454547 0.3210227272727273 0.025 0.05284090909090909
3 0.6380681818181818 0.5335227272727273 0.03579545454545455 0.06136363636363636
2 0.5045454545454545 0.5630681818181819 0.05909090909090909 0.1431818181818182
3 0.36818181818181817 0.30056818181818185 0.026704545454545453 0.04318181818181818
3 0.26931818181818185 0.30568181818181817 0.023295454545454546 0.04147727272727273
2 0.709659090909091 0.4340909090909091 0.06477272727272727 0.09602272727272727
2 0.509090909090909 0.2994318181818182 0.05909090909090909 0.07102272727272728
2 0.6119318181818182 0.3931818181818182 0.06306818181818181 0.07784090909090909
3 0.017045454545454544 0.29147727272727275 0.03295454545454545 0.05568181818181818
3 0.7630681818181818 0.5789772727272727 0.019318181818181818 0.058522727272727275
3 0.7664772727272727 0.634090909090909 0.026704545454545453 0.0625
2 0.6380681818181818 0.2539772727272727 0.036931818181818184 0.05284090909090909