2 0.5681818181818182 0.9346590909090909 0.14431818181818182 0.125
2 0.6295454545454545 0.6602272727272728 0.15795454545454546 0.2539772727272727
3 0.9664772727272727 0.2903409090909091 0.048295454545454544 0.06363636363636363
3 0.8869318181818182 0.2556818181818182 0.05056818181818182 0.06363636363636363
3 0.45454545454545453 0.13977272727272727 0.028409090909090908 0.0625
2 0.4505681818181818 0.39431818181818185 0.10454545454545454 0.15284090909090908
2 0.28295454545454546 0.3715909090909091 0.09090909090909091 0.18181818181818182
3 0.5659090909090909 0.15738636363636363 0.01818181818181818 0.05113636363636364
3 0.6579545454545455 0.05568181818181818 0.02727272727272727 0.05
3 0.00909090909090909 0.36818181818181817 0.01818181818181818 0.05568181818181818
3 0.6068181818181818 0.15397727272727274 0.017045454545454544 0.05284090909090909
3 0.6556818181818181 0.19090909090909092 0.023295454545454546 0.05965909090909091
3 0.5392045454545454 0.15056818181818182 0.021022727272727273 0.05113636363636364
3 0.5170454545454546 0.15568181818181817 0.01875 0.05568181818181818
3 0.14147727272727273 0.07840909090909091 0.02159090909090909 0.05113636363636364
3 0.6954545454545454 0.21534090909090908 0.025 0.05568181818181818
2 0.5113636363636364 0.053409090909090906 0.06477272727272727 0.09886363636363636
2 0.4068181818181818 0.040340909090909094 0.06818181818181818 0.08068181818181819
3 0.7198863636363636 0.2119318181818182 0.02727272727272727 0.06534090909090909
3 0.6863636363636364 0.15284090909090908 0.019318181818181818 0.05568181818181818
3 0.6329545454545454 0.1494318181818182 0.021022727272727273 0.05965909090909091