3 0.5931818181818181 0.4346590909090909 0.06420454545454546 0.075
3 0.37670454545454546 0.2727272727272727 0.033522727272727273 0.07102272727272728
3 0.26193181818181815 0.08806818181818182 0.020454545454545454 0.056818181818181816
3 0.6443181818181818 0.20909090909090908 0.026704545454545453 0.05965909090909091
2 0.5284090909090909 0.32443181818181815 0.14602272727272728 0.1431818181818182
3 0.017045454545454544 0.36818181818181817 0.033522727272727273 0.05568181818181818
3 0.5511363636363636 0.15681818181818183 0.019318181818181818 0.058522727272727275
3 0.6142045454545455 0.1693181818181818 0.022727272727272728 0.06647727272727273
3 0.6767045454545455 0.20909090909090908 0.024431818181818183 0.06534090909090909
2 0.41420454545454544 0.17897727272727273 0.10795454545454546 0.12215909090909091
3 0.4727272727272727 0.1340909090909091 0.01875 0.05397727272727273
3 0.11420454545454546 0.17272727272727273 0.053409090909090906 0.056818181818181816
2 0.6221590909090909 0.028977272727272727 0.08295454545454546 0.05795454545454545
2 0.28295454545454546 0.03125 0.061931818181818185 0.0625