3 0.7931818181818182 0.4028409090909091 0.045454545454545456 0.05284090909090909
3 0.6863636363636364 0.7931818181818182 0.08181818181818182 0.07215909090909091
3 0.5607954545454545 0.7005681818181818 0.07045454545454545 0.07102272727272728
3 0.7232954545454545 0.6465909090909091 0.05625 0.06818181818181818
2 0.5448863636363637 0.8522727272727273 0.20681818181818182 0.1846590909090909
3 0.9306818181818182 0.2369318181818182 0.017045454545454544 0.04318181818181818
2 0.12613636363636363 0.8681818181818182 0.21477272727272728 0.17784090909090908
3 0.32727272727272727 0.665340909090909 0.07045454545454545 0.06931818181818182
3 0.6670454545454545 0.6818181818181818 0.0659090909090909 0.06931818181818182
3 0.5880681818181818 0.5181818181818182 0.03579545454545455 0.07784090909090909
3 0.4715909090909091 0.6522727272727272 0.07045454545454545 0.07386363636363637
3 0.6306818181818182 0.5261363636363636 0.03806818181818182 0.07215909090909091
3 0.7585227272727273 0.5369318181818182 0.04090909090909091 0.05965909090909091
3 0.7056818181818182 0.5244318181818182 0.03125 0.06818181818181818
2 0.8107954545454545 0.7193181818181819 0.17897727272727273 0.15852272727272726
3 0.8295454545454546 0.21534090909090908 0.014772727272727272 0.05
3 0.5414772727272728 0.5914772727272727 0.051704545454545454 0.06647727272727273
3 0.16988636363636364 0.6335227272727273 0.06477272727272727 0.058522727272727275
3 0.6045454545454545 0.6323863636363637 0.06647727272727273 0.06534090909090909
3 0.40625 0.6903409090909091 0.07045454545454545 0.06931818181818182
2 0.14545454545454545 0.7414772727272727 0.19943181818181818 0.15852272727272726
3 0.40795454545454546 0.4289772727272727 0.017045454545454544 0.06136363636363636
3 0.03806818181818182 0.6369318181818182 0.06420454545454546 0.05965909090909091
3 0.8892045454545454 0.23068181818181818 0.014772727272727272 0.04147727272727273
3 0.47670454545454544 0.47897727272727275 0.028409090909090908 0.06647727272727273
3 0.8693181818181818 0.6636363636363637 0.05568181818181818 0.06363636363636363
3 0.5034090909090909 0.24147727272727273 0.023295454545454546 0.03636363636363636
3 0.6744318181818182 0.5215909090909091 0.03125 0.05965909090909091
3 0.7982954545454546 0.5869318181818182 0.05795454545454545 0.05965909090909091
3 0.023863636363636365 0.04147727272727273 0.010227272727272727 0.03068181818181818
3 0.3840909090909091 0.3977272727272727 0.017045454545454544 0.05397727272727273
3 0.5318181818181819 0.5164772727272727 0.03295454545454545 0.07215909090909091
3 0.010795454545454546 0.7244318181818182 0.02159090909090909 0.056818181818181816
3 0.8517045454545454 0.22443181818181818 0.020454545454545454 0.0375
3 0.42670454545454545 0.5778409090909091 0.056818181818181816 0.05568181818181818
3 0.024431818181818183 0.08806818181818182 0.008522727272727272 0.031818181818181815
3 0.44545454545454544 0.4034090909090909 0.02727272727272727 0.0625
3 0.005681818181818182 0.04431818181818182 0.010795454545454546 0.03068181818181818
2 0.28295454545454546 0.21477272727272728 0.061931818181818185 0.0903409090909091
3 0.010227272727272727 0.8397727272727272 0.020454545454545454 0.05397727272727273
2 0.9761363636363637 0.4715909090909091 0.04602272727272727 0.12386363636363637
3 0.31022727272727274 0.3085227272727273 0.017045454545454544 0.04715909090909091
3 0.9443181818181818 0.6096590909090909 0.0375 0.04715909090909091
3 0.5602272727272727 0.46647727272727274 0.025 0.06647727272727273
3 0.35795454545454547 0.3744318181818182 0.03125 0.07102272727272728