3 0.5318181818181819 0.38693181818181815 0.06704545454545455 0.07102272727272728
3 0.17272727272727273 0.5977272727272728 0.075 0.07897727272727273
2 0.9227272727272727 0.5551136363636363 0.15454545454545454 0.1693181818181818
3 0.6556818181818181 0.5380681818181818 0.07954545454545454 0.08181818181818182
3 0.5744318181818182 0.16818181818181818 0.02556818181818182 0.05568181818181818
3 0.7392045454545455 0.4028409090909091 0.061931818181818185 0.06136363636363636
3 0.3159090909090909 0.3710227272727273 0.060227272727272727 0.06136363636363636
2 0.3392045454545455 0.6840909090909091 0.22443181818181818 0.1875
3 0.73125 0.23068181818181818 0.0375 0.06647727272727273
3 0.9090909090909091 0.4034090909090909 0.05795454545454545 0.048863636363636366
2 0.6744318181818182 0.4681818181818182 0.1625 0.14431818181818182
3 0.625 0.20113636363636364 0.03125 0.06136363636363636
3 0.49318181818181817 0.17556818181818182 0.019318181818181818 0.056818181818181816
3 0.4556818181818182 0.14772727272727273 0.024431818181818183 0.056818181818181816
3 0.017045454545454544 0.3806818181818182 0.03409090909090909 0.05568181818181818
3 0.5352272727272728 0.15568181818181817 0.020454545454545454 0.05
2 0.4159090909090909 0.5340909090909091 0.18181818181818182 0.18181818181818182
3 0.5181818181818182 0.15738636363636363 0.01818181818181818 0.05113636363636364
3 0.6977272727272728 0.17102272727272727 0.015909090909090907 0.05284090909090909
3 0.71875 0.1744318181818182 0.020454545454545454 0.05113636363636364
2 0.6454545454545455 0.14772727272727273 0.09602272727272727 0.13465909090909092