3 0.5471590909090909 0.32272727272727275 0.033522727272727273 0.056818181818181816
3 0.7193181818181819 0.5664772727272728 0.056818181818181816 0.06647727272727273
3 0.3392045454545455 0.5005681818181819 0.0375 0.07613636363636364
3 0.43068181818181817 0.6369318181818182 0.060227272727272727 0.09318181818181819
3 0.40852272727272726 0.47613636363636364 0.03920454545454546 0.07215909090909091
3 0.7806818181818181 0.7943181818181818 0.07727272727272727 0.09147727272727273
3 0.8829545454545454 0.6193181818181818 0.06477272727272727 0.06647727272727273
3 0.9267045454545455 0.8028409090909091 0.08295454545454546 0.08636363636363636
3 0.6414772727272727 0.6823863636363636 0.06875 0.0846590909090909
3 0.22613636363636364 0.4556818181818182 0.028977272727272727 0.06647727272727273
3 0.7301136363636364 0.6681818181818182 0.07272727272727272 0.08352272727272728
3 0.45681818181818185 0.5806818181818182 0.048295454545454544 0.07784090909090909
3 0.021022727272727273 0.4022727272727273 0.042045454545454546 0.05397727272727273
3 0.6079545454545454 0.42159090909090907 0.03125 0.0625
3 0.5318181818181819 0.41818181818181815 0.03125 0.06647727272727273
3 0.07443181818181818 0.09943181818181818 0.0125 0.040340909090909094
3 0.11363636363636363 0.2556818181818182 0.014772727272727272 0.05568181818181818
3 0.9829545454545454 0.6505681818181818 0.03295454545454545 0.05965909090909091
3 0.10568181818181818 0.20681818181818182 0.014772727272727272 0.05568181818181818
2 0.6659090909090909 0.3346590909090909 0.10227272727272728 0.11363636363636363
3 0.22954545454545455 0.39943181818181817 0.028409090909090908 0.04602272727272727
3 0.017045454545454544 0.024431818181818183 0.008522727272727272 0.023863636363636365
3 0.5761363636363637 0.43068181818181817 0.04147727272727273 0.06363636363636363
2 0.42215909090909093 0.3744318181818182 0.09147727272727273 0.1318181818181818
3 0.8897727272727273 0.22897727272727272 0.0125 0.04147727272727273
3 0.8301136363636363 0.2159090909090909 0.014772727272727272 0.048863636363636366
3 0.9102272727272728 0.23068181818181818 0.015909090909090907 0.04431818181818182
3 0.93125 0.2369318181818182 0.017045454545454544 0.040340909090909094
3 0.42556818181818185 0.24659090909090908 0.020454545454545454 0.048863636363636366
3 0.2005681818181818 0.3085227272727273 0.017045454545454544 0.05284090909090909
2 0.35568181818181815 0.3068181818181818 0.06931818181818182 0.11136363636363636
2 0.44431818181818183 0.31988636363636364 0.08352272727272728 0.10113636363636364
2 0.36818181818181817 0.2369318181818182 0.07556818181818181 0.10397727272727272
3 0.85 0.22443181818181818 0.01875 0.03465909090909091