7 0.43125 0.6208333329545455 0.4390625 0.7055555556818182 0.46015625 0.7319444443181818 0.46953125 0.7361111113636364 0.4734375 0.7472222227272728 0.4875 0.7625 0.51015625 0.7694444443181819 0.53203125 0.7638888886363636 0.53984375 0.7305555556818181 0.53984375 0.5833333329545455 0.528125 0.5194444443181818 0.51328125 0.46527777727272723 0.49453125 0.375 0.48515625 0.3625 0.47265625 0.3736111113636364 0.43828125 0.37222222272727273 0.43125 0.37916666704545454 0.428125 0.3930555556818182 0.41953125 0.40694444431818183 0.4203125 0.425 0.42421875 0.4291666670454546 0.42734375 0.45 0.43125 0.6208333329545455
5 0.32421875 0.9666666670454545 0.33359375 0.9777777772727273 0.334375 0.9916666670454545 0.33828125 0.9944444443181819 0.34765625 0.9986111113636363 0.6046875 0.9986111113636363 0.60703125 0.9805555556818181 0.60546875 0.9611111113636364 0.6140625 0.925 0.6078125 0.9097222227272728 0.44921875 0.7152777772727272 0.42734375 0.6958333329545455 0.39375 0.6555555556818181 0.3578125 0.6625 0.303125 0.6888888886363637 0.29765625 0.7111111113636364 0.2953125 0.7583333329545455 0.2796875 0.7930555556818181 0.28046875 0.8416666670454545 0.29375 0.8833333329545455 0.296875 0.9097222227272728 0.32421875 0.9666666670454545
3 0.7204545454545455 0.1965909090909091 0.7227272727272728 0.20227272727272727 0.7215909090909091 0.22045454545454546 0.7193181818181819 0.22045454545454546 0.7159090909090909 0.21477272727272728 0.7159090909090909 0.19886363636363635 0.7193181818181819 0.1965909090909091
3 0.7965909090909091 0.20454545454545456 0.7931818181818182 0.20227272727272727 0.7931818181818182 0.18636363636363637 0.7954545454545454 0.1806818181818182 0.7977272727272727 0.1784090909090909 0.803409090909091 0.1806818181818182 0.8022727272727272 0.1965909090909091 0.7977272727272727 0.2034090909090909
3 0.5863636363636363 0.22954545454545455 0.5897727272727272 0.2375 0.5897727272727272 0.24772727272727274 0.5852272727272727 0.25113636363636366 0.5772727272727273 0.24659090909090908 0.5784090909090909 0.23068181818181818 0.5806818181818182 0.22840909090909092 0.5852272727272727 0.22954545454545455
3 0.7386363636363636 0.5340909090909091 0.7443181818181818 0.5397727272727273 0.7420454545454546 0.5772727272727273 0.7363636363636363 0.5806818181818182 0.7306818181818182 0.5897727272727272 0.725 0.5875 0.7238636363636364 0.5772727272727273 0.7306818181818182 0.5511363636363636 0.7306818181818182 0.5386363636363637 0.7340909090909091 0.5340909090909091 0.7375 0.5340909090909091
3 0.3806818181818182 0.29772727272727273 0.3784090909090909 0.2943181818181818 0.3784090909090909 0.2806818181818182 0.38295454545454544 0.2772727272727273 0.3886363636363636 0.2772727272727273 0.39431818181818185 0.2806818181818182 0.39431818181818185 0.29659090909090907 0.39204545454545453 0.3 0.38522727272727275 0.3 0.38181818181818183 0.29772727272727273
3 0.6375 0.4738636363636364 0.6465909090909091 0.48522727272727273 0.6454545454545455 0.5102272727272728 0.6443181818181818 0.5159090909090909 0.6375 0.5159090909090909 0.6306818181818182 0.5272727272727272 0.625 0.5261363636363636 0.6227272727272727 0.5227272727272727 0.6227272727272727 0.5147727272727273 0.6306818181818182 0.4943181818181818 0.6329545454545454 0.4772727272727273 0.6363636363636364 0.4738636363636364
3 0.9352272727272727 0.19318181818181818 0.9386363636363636 0.19318181818181818 0.9397727272727273 0.19545454545454546 0.9397727272727273 0.20681818181818182 0.9352272727272727 0.21704545454545454 0.9329545454545455 0.21363636363636362 0.9329545454545455 0.19886363636363635 0.9352272727272727 0.1943181818181818
3 0.6681818181818182 0.4875 0.6715909090909091 0.4875 0.6772727272727272 0.4965909090909091 0.6840909090909091 0.5 0.6863636363636364 0.509090909090909 0.6795454545454546 0.5284090909090909 0.6715909090909091 0.5352272727272728 0.6715909090909091 0.5375 0.6659090909090909 0.5397727272727273 0.6636363636363637 0.5340909090909091 0.6636363636363637 0.5056818181818182 0.6681818181818182 0.48863636363636365
3 0.05454545454545454 0.3159090909090909 0.056818181818181816 0.3170454545454545 0.06136363636363636 0.32954545454545453 0.060227272727272727 0.3443181818181818 0.035227272727272725 0.3397727272727273 0.029545454545454545 0.33295454545454545 0.029545454545454545 0.3181818181818182 0.0375 0.29659090909090907 0.04659090909090909 0.29545454545454547 0.048863636363636366 0.3079545454545455 0.053409090909090906 0.3159090909090909
3 0.8715909090909091 0.525 0.875 0.5340909090909091 0.8761363636363636 0.5511363636363636 0.8738636363636364 0.5579545454545455 0.865909090909091 0.5670454545454545 0.8625 0.5670454545454545 0.8602272727272727 0.5636363636363636 0.8579545454545454 0.5488636363636363 0.8636363636363636 0.525 0.865909090909091 0.5227272727272727 0.8693181818181818 0.5227272727272727 0.8704545454545455 0.525
3 0.4159090909090909 0.27954545454545454 0.4147727272727273 0.26477272727272727 0.42159090909090907 0.25227272727272726 0.425 0.25227272727272726 0.42727272727272725 0.2556818181818182 0.4284090909090909 0.2727272727272727 0.425 0.2818181818181818 0.41818181818181815 0.2818181818181818 0.41704545454545455 0.27954545454545454
3 0.1125 0.3375 0.10340909090909091 0.33181818181818185 0.09772727272727273 0.31931818181818183 0.09772727272727273 0.31363636363636366 0.10568181818181818 0.29659090909090907 0.10909090909090909 0.2988636363636364 0.11136363636363636 0.3068181818181818 0.12045454545454545 0.31136363636363634 0.12386363636363637 0.3215909090909091 0.12272727272727273 0.3386363636363636 0.11818181818181818 0.3397727272727273 0.11363636363636363 0.3375
3 0.8102272727272727 0.5670454545454545 0.8193181818181818 0.5670454545454545 0.8227272727272728 0.5727272727272728 0.8204545454545454 0.6125 0.8136363636363636 0.6136363636363636 0.8102272727272727 0.6181818181818182 0.8090909090909091 0.625 0.8056818181818182 0.6261363636363636 0.8 0.6045454545454545 0.8068181818181818 0.5943181818181819 0.8102272727272727 0.5681818181818182
3 0.1534090909090909 0.28863636363636364 0.16136363636363638 0.29659090909090907 0.16704545454545455 0.29545454545454547 0.16818181818181818 0.29204545454545455 0.1715909090909091 0.29318181818181815 0.175 0.31022727272727274 0.17386363636363636 0.325 0.1693181818181818 0.325 0.16590909090909092 0.3215909090909091 0.14772727272727273 0.31477272727272726 0.14772727272727273 0.30568181818181817 0.1534090909090909 0.2897727272727273
3 0.3306818181818182 0.2988636363636364 0.3352272727272727 0.30568181818181817 0.3375 0.33181818181818185 0.33181818181818185 0.3352272727272727 0.32727272727272727 0.3352272727272727 0.3215909090909091 0.33181818181818185 0.3159090909090909 0.3215909090909091 0.3181818181818182 0.29772727272727273 0.32045454545454544 0.29659090909090907 0.32727272727272727 0.30454545454545456 0.3306818181818182 0.3
3 0.015909090909090907 0.34545454545454546 0.019318181818181818 0.34545454545454546 0.019318181818181818 0.35 0.022727272727272728 0.3534090909090909 0.03409090909090909 0.3522727272727273 0.035227272727272725 0.35454545454545455 0.03409090909090909 0.3795454545454545 0.023863636363636365 0.3840909090909091 0.015909090909090907 0.39090909090909093 0.013636363636363636 0.38295454545454544 0.015909090909090907 0.3465909090909091
3 0.18181818181818182 0.2715909090909091 0.18522727272727274 0.27386363636363636 0.18977272727272726 0.28295454545454546 0.18977272727272726 0.2909090909090909 0.19545454545454546 0.3034090909090909 0.19545454545454546 0.31477272727272726 0.18977272727272726 0.3215909090909091 0.18295454545454545 0.32045454545454544 0.175 0.31477272727272726 0.17272727272727273 0.2988636363636364 0.17045454545454544 0.29545454545454547 0.17045454545454544 0.2863636363636364 0.1806818181818182 0.2715909090909091
3 0 0.35454545454545455 0.005681818181818182 0.35795454545454547 0.004545454545454545 0.3784090909090909 0.0022727272727272726 0.3886363636363636 0 0.38977272727272727 0 0.35568181818181815
3 0.3806818181818182 0.23522727272727273 0.39090909090909093 0.2409090909090909 0.39204545454545453 0.2545454545454545 0.38636363636363635 0.2636363636363636 0.38295454545454544 0.26477272727272727 0.37272727272727274 0.2636363636363636 0.3715909090909091 0.2590909090909091 0.37272727272727274 0.23636363636363636 0.375 0.2340909090909091 0.3795454545454545 0.23522727272727273
3 0.31022727272727274 0.3090909090909091 0.31477272727272726 0.3215909090909091 0.31022727272727274 0.3443181818181818 0.29659090909090907 0.3375 0.29318181818181815 0.33295454545454545 0.2909090909090909 0.3170454545454545 0.29659090909090907 0.30113636363636365 0.30227272727272725 0.30113636363636365 0.30454545454545456 0.3068181818181818 0.3090909090909091 0.3090909090909091
3 0 0.2909090909090909 0.0022727272727272726 0.2909090909090909 0.005681818181818182 0.29545454545454547 0.011363636363636364 0.29659090909090907 0.014772727272727272 0.31477272727272726 0.01818181818181818 0.32045454545454544 0.015909090909090907 0.325 0 0.32727272727272727 0 0.29204545454545455
3 0.8556818181818182 0.4863636363636364 0.8613636363636363 0.4965909090909091 0.8647727272727272 0.49886363636363634 0.8647727272727272 0.5159090909090909 0.8590909090909091 0.5318181818181819 0.8534090909090909 0.5329545454545455 0.8477272727272728 0.5272727272727272 0.85 0.49886363636363634 0.8545454545454545 0.4875
3 0.8454545454545455 0.1409090909090909 0.8488636363636364 0.13977272727272727 0.8488636363636364 0.15113636363636362 0.8454545454545455 0.15227272727272728 0.8443181818181819 0.15 0.8454545454545455 0.14204545454545456
3 0.5636363636363636 0.22386363636363638 0.5647727272727273 0.2318181818181818 0.5625 0.2340909090909091 0.5613636363636364 0.24204545454545454 0.553409090909091 0.25113636363636366 0.5431818181818182 0.25113636363636366 0.5386363636363637 0.24545454545454545 0.5386363636363637 0.2375 0.5431818181818182 0.22954545454545455 0.5511363636363636 0.22727272727272727 0.5579545454545455 0.2215909090909091 0.5613636363636364 0.2215909090909091 0.5625 0.22386363636363638
2 0.5954545454545455 0.30227272727272725 0.5988636363636364 0.30454545454545456 0.6022727272727273 0.31363636363636366 0.6068181818181818 0.3159090909090909 0.6113636363636363 0.32272727272727275 0.6125 0.3443181818181818 0.6045454545454545 0.3613636363636364 0.5875 0.3613636363636364 0.5863636363636363 0.36363636363636365 0.5784090909090909 0.3659090909090909 0.5727272727272728 0.3715909090909091 0.5659090909090909 0.3715909090909091 0.5511363636363636 0.3534090909090909 0.5409090909090909 0.35113636363636364 0.5352272727272728 0.3375 0.5352272727272728 0.32954545454545453 0.5488636363636363 0.3034090909090909 0.5806818181818182 0.30113636363636365 0.5943181818181819 0.30227272727272725
2 0.79453125 0.3569444443181818 0.79296875 0.35138888863636364 0.765625 0.3375 0.759375 0.3388888886363636 0.75078125 0.3555555556818182 0.75 0.3888888886363636 0.76796875 0.3944444443181818 0.78515625 0.3902777772727272 0.79453125 0.3569444443181818