3 0.4380681818181818 0.4244318181818182 0.02556818181818182 0.0625
3 0.6357954545454545 0.4409090909090909 0.03579545454545455 0.0625
3 0.9306818181818182 0.2369318181818182 0.01818181818181818 0.040340909090909094
3 0.3926136363636364 0.4068181818181818 0.022727272727272728 0.05568181818181818
2 0.6755681818181818 0.7335227272727273 0.17954545454545454 0.175
3 0.49318181818181817 0.45852272727272725 0.026704545454545453 0.06363636363636363
3 0.5829545454545455 0.4278409090909091 0.024431818181818183 0.05568181818181818
3 0.3755681818181818 0.19943181818181818 0.019318181818181818 0.04318181818181818
3 0.5392045454545454 0.4102272727272727 0.028977272727272727 0.05397727272727273
2 0.36420454545454545 0.4994318181818182 0.12102272727272727 0.1403409090909091
3 0.3704545454545455 0.3664772727272727 0.017045454545454544 0.05
3 0.8892045454545454 0.23068181818181818 0.017045454545454544 0.038636363636363635
3 0.8295454545454546 0.21818181818181817 0.014772727272727272 0.04431818181818182
3 0.01875 0.4028409090909091 0.0375 0.06647727272727273
3 0.09318181818181819 0.11818181818181818 0.0125 0.038636363636363635
3 0.5107954545454545 0.38181818181818183 0.01875 0.05568181818181818
2 0.14375 0.33693181818181817 0.06420454545454546 0.09602272727272727
3 0.4238636363636364 0.35909090909090907 0.022727272727272728 0.04318181818181818
3 0.8556818181818182 0.22443181818181818 0.02556818181818182 0.040340909090909094
2 0.45738636363636365 0.2556818181818182 0.08352272727272728 0.10568181818181818
2 0.28125 0.22102272727272726 0.0625 0.08863636363636364
3 0.2863636363636364 0.1340909090909091 0.011931818181818182 0.028977272727272727
2 0.15795454545454546 0.23068181818181818 0.05454545454545454 0.08068181818181819
3 0.6068181818181818 0.4102272727272727 0.025 0.04602272727272727
2 0.7306818181818182 0.3153409090909091 0.10397727272727272 0.09431818181818181