3 0.39545454545454545 0.6960227272727273 0.06420454545454546 0.0971590909090909
3 0.5732954545454545 0.7568181818181818 0.06931818181818182 0.09431818181818181
3 0.7823863636363636 0.7914772727272728 0.08352272727272728 0.09431818181818181
3 0.42329545454545453 0.3744318181818182 0.01818181818181818 0.05397727272727273
3 0.9306818181818182 0.23522727272727273 0.017045454545454544 0.04318181818181818
2 0.5170454545454546 0.6164772727272727 0.1534090909090909 0.15568181818181817
3 0.5068181818181818 0.4289772727272727 0.020454545454545454 0.06136363636363636
3 0.37670454545454546 0.39943181818181817 0.01875 0.05965909090909091
3 0.5642045454545455 0.4119318181818182 0.021022727272727273 0.05397727272727273
3 0.17386363636363636 0.24431818181818182 0.016477272727272726 0.04431818181818182
3 0.8295454545454546 0.21647727272727274 0.014772727272727272 0.04715909090909091
3 0.5954545454545455 0.4193181818181818 0.020454545454545454 0.05568181818181818
3 0.5420454545454545 0.38693181818181815 0.019318181818181818 0.05113636363636364
2 0.3130681818181818 0.41818181818181815 0.09147727272727273 0.10568181818181818
3 0.44431818181818183 0.36818181818181817 0.017045454545454544 0.05568181818181818
3 0.3380681818181818 0.3477272727272727 0.020454545454545454 0.056818181818181816
3 0.48068181818181815 0.43068181818181817 0.023295454545454546 0.06363636363636363
3 0.7715909090909091 0.19488636363636364 0.03295454545454545 0.0375
3 0.8892045454545454 0.2278409090909091 0.013068181818181817 0.04431818181818182
3 0.06363636363636363 0.18352272727272728 0.011931818181818182 0.038636363636363635
3 0.8517045454545454 0.22443181818181818 0.020454545454545454 0.040340909090909094
3 0.90625 0.2340909090909091 0.017045454545454544 0.0375
3 0.39204545454545453 0.3693181818181818 0.015909090909090907 0.05568181818181818
3 0.2340909090909091 0.21818181818181817 0.014204545454545454 0.04431818181818182
3 0.21704545454545454 0.1965909090909091 0.016477272727272726 0.05113636363636364
3 0.6170454545454546 0.41306818181818183 0.02556818181818182 0.056818181818181816
3 0.06079545454545455 0.08863636363636364 0.010227272727272727 0.038636363636363635
3 0.5988636363636364 0.35909090909090907 0.014772727272727272 0.04602272727272727
3 0.2636363636363636 0.2528409090909091 0.014772727272727272 0.05568181818181818
3 0.4034090909090909 0.36818181818181817 0.013068181818181817 0.04715909090909091
3 0.2943181818181818 0.10056818181818182 0.011931818181818182 0.031818181818181815
2 0.44375 0.21818181818181817 0.08125 0.08863636363636364
3 0.5579545454545455 0.3619318181818182 0.017045454545454544 0.04602272727272727