3 0.9306818181818182 0.2369318181818182 0.017045454545454544 0.04318181818181818
3 0.3392045454545455 0.3340909090909091 0.020454545454545454 0.05113636363636364
3 0.40511363636363634 0.38181818181818183 0.022727272727272728 0.05568181818181818
3 0.4863636363636364 0.41647727272727275 0.019318181818181818 0.058522727272727275
3 0.11875 0.2590909090909091 0.017045454545454544 0.040340909090909094
3 0.3704545454545455 0.3806818181818182 0.021022727272727273 0.058522727272727275
3 0.10454545454545454 0.37272727272727274 0.020454545454545454 0.056818181818181816
3 0.8301136363636363 0.21647727272727274 0.014772727272727272 0.05
3 0.07045454545454545 0.09318181818181819 0.011931818181818182 0.033522727272727273
3 0.1494318181818182 0.3409090909090909 0.020454545454545454 0.0625
3 0.03806818181818182 0.19318181818181818 0.014204545454545454 0.04147727272727273
3 0.8909090909090909 0.22897727272727272 0.013068181818181817 0.04147727272727273
3 0.01818181818181818 0.0846590909090909 0.013068181818181817 0.03636363636363636
3 0.5948863636363636 0.41818181818181815 0.02556818181818182 0.06647727272727273
3 0.5494318181818182 0.4056818181818182 0.021022727272727273 0.05568181818181818
3 0.5255681818181818 0.41306818181818183 0.02556818181818182 0.056818181818181816
3 0.03295454545454545 0.10113636363636364 0.0125 0.03636363636363636
3 0.18920454545454546 0.49772727272727274 0.023295454545454546 0.056818181818181816
2 0.5113636363636364 0.946590909090909 0.14772727272727273 0.10397727272727272
3 0.09659090909090909 0.2005681818181818 0.017045454545454544 0.048863636363636366
3 0.44545454545454544 0.4193181818181818 0.022727272727272728 0.058522727272727275
3 0.010795454545454546 0.41647727272727275 0.021022727272727273 0.04147727272727273
3 0.11306818181818182 0.21931818181818183 0.01818181818181818 0.04431818181818182
3 0.39204545454545453 0.2369318181818182 0.019318181818181818 0.0375
3 0.008522727272727272 0.010227272727272727 0.007954545454545454 0.01818181818181818
3 0.3693181818181818 0.2278409090909091 0.011931818181818182 0.04147727272727273
3 0.8698863636363636 0.22897727272727272 0.01818181818181818 0.033522727272727273
2 0.27954545454545454 0.22840909090909092 0.05454545454545454 0.07613636363636364
3 0.09147727272727273 0.2948863636363636 0.014204545454545454 0.0375
3 0.8494318181818182 0.22443181818181818 0.01818181818181818 0.03465909090909091
2 0.2119318181818182 0.31022727272727274 0.05795454545454545 0.0875
3 0.15681818181818183 0.30568181818181817 0.017045454545454544 0.038636363636363635
2 0.522159090909091 0.22443181818181818 0.08693181818181818 0.0903409090909091
3 0.7659090909090909 0.19943181818181818 0.024431818181818183 0.031818181818181815
2 0.23295454545454544 0.18863636363636363 0.04943181818181818 0.07215909090909091
2 0.035227272727272725 0.3494318181818182 0.07045454545454545 0.0903409090909091
2 0.73125 0.3153409090909091 0.10170454545454545 0.09431818181818181
3 0.42159090909090907 0.2840909090909091 0.014204545454545454 0.04602272727272727
3 0.15568181818181817 0.2409090909090909 0.017045454545454544 0.05113636363636364