3 0.7710227272727272 0.5744318181818182 0.07329545454545454 0.10113636363636364
3 0.9113636363636364 0.6636363636363637 0.08693181818181818 0.1028409090909091
3 0.5193181818181818 0.4460227272727273 0.05625 0.08863636363636364
3 0.11704545454545455 0.16818181818181818 0.04943181818181818 0.07215909090909091
3 0.020454545454545454 0.38181818181818183 0.04090909090909091 0.09431818181818181
2 0.9125 0.5625 0.175 0.19090909090909092
3 0.2806818181818182 0.03409090909090909 0.020454545454545454 0.05965909090909091
3 0.6227272727272727 0.15397727272727274 0.01875 0.06136363636363636
3 0.2551136363636364 0.2369318181818182 0.024431818181818183 0.0625
3 0.5232954545454546 0.15568181818181817 0.026704545454545453 0.06931818181818182
3 0.47102272727272726 0.16022727272727272 0.029545454545454545 0.06818181818181818
3 0.6113636363636363 0.01875 0.02727272727272727 0.0375
3 0.5181818181818182 0.36306818181818185 0.04431818181818182 0.05965909090909091
3 0.49829545454545454 0.1494318181818182 0.029545454545454545 0.07386363636363637
3 0.6494318181818182 0.13863636363636364 0.024431818181818183 0.06136363636363636
3 0.5579545454545455 0.15284090909090908 0.021022727272727273 0.05568181818181818
3 0.5931818181818181 0.15284090909090908 0.020454545454545454 0.06136363636363636
3 0.43579545454545454 0.11818181818181818 0.028409090909090908 0.07215909090909091