3 0.41761363636363635 0.4369318181818182 0.031818181818181815 0.0625
3 0.5363636363636364 0.41818181818181815 0.021022727272727273 0.05568181818181818
3 0.3261363636363636 0.5005681818181819 0.02556818181818182 0.07897727272727273
3 0.35454545454545455 0.3619318181818182 0.01875 0.05397727272727273
3 0.023295454545454546 0.6056818181818182 0.04602272727272727 0.058522727272727275
3 0.03068181818181818 0.4056818181818182 0.05056818181818182 0.058522727272727275
3 0.9306818181818182 0.2369318181818182 0.017045454545454544 0.040340909090909094
3 0.16477272727272727 0.21022727272727273 0.015909090909090907 0.04602272727272727
3 0.44431818181818183 0.3664772727272727 0.01875 0.05568181818181818
3 0.81875 0.4556818181818182 0.05 0.06647727272727273
3 0.06875 0.21818181818181817 0.01875 0.05568181818181818
3 0.5965909090909091 0.4193181818181818 0.020454545454545454 0.05568181818181818
3 0.5664772727272728 0.4153409090909091 0.02159090909090909 0.05568181818181818
3 0.20454545454545456 0.7835227272727273 0.036931818181818184 0.125
3 0.3880681818181818 0.3789772727272727 0.020454545454545454 0.05568181818181818
3 0.12443181818181819 0.2994318181818182 0.017045454545454544 0.06818181818181818
3 0.15056818181818182 0.2948863636363636 0.01818181818181818 0.0625
3 0.035227272727272725 0.19147727272727272 0.015909090909090907 0.05284090909090909
2 0.24375 0.5193181818181818 0.08125 0.13863636363636364
3 0.42329545454545453 0.3693181818181818 0.01818181818181818 0.04431818181818182
3 0.5079545454545454 0.42613636363636365 0.019318181818181818 0.06363636363636363
3 0.3073863636363636 0.3119318181818182 0.01818181818181818 0.05113636363636364
3 0.21647727272727274 0.19772727272727272 0.015909090909090907 0.04602272727272727
3 0.8914772727272727 0.22897727272727272 0.014204545454545454 0.04147727272727273
3 0.8295454545454546 0.21818181818181817 0.015909090909090907 0.04431818181818182
3 0.09545454545454546 0.19318181818181818 0.014204545454545454 0.033522727272727273
3 0.47556818181818183 0.4340909090909091 0.03068181818181818 0.0625
3 0.3704545454545455 0.3306818181818182 0.01875 0.058522727272727275
3 0.12443181818181819 0.22897727272727272 0.014772727272727272 0.05
3 0.2255681818181818 0.29772727272727273 0.01818181818181818 0.04318181818181818
3 0.48579545454545453 0.2278409090909091 0.020454545454545454 0.038636363636363635
3 0.21306818181818182 0.6369318181818182 0.023295454545454546 0.048863636363636366
3 0.6181818181818182 0.41306818181818183 0.024431818181818183 0.05397727272727273
3 0.06931818181818182 0.13522727272727272 0.014204545454545454 0.05113636363636364
3 0.7704545454545455 0.1965909090909091 0.033522727272727273 0.03465909090909091
3 0.8545454545454545 0.22443181818181818 0.022727272727272728 0.040340909090909094
2 0.05113636363636364 0.3119318181818182 0.07102272727272728 0.08181818181818182