2 0.6204545454545455 0.5556818181818182 0.17727272727272728 0.2
3 0.7136363636363636 0.20909090909090908 0.033522727272727273 0.06818181818181818
3 0.45340909090909093 0.1403409090909091 0.02727272727272727 0.06363636363636363
2 0.9227272727272727 0.6363636363636364 0.15454545454545454 0.20454545454545456
3 0.5142045454545454 0.15397727272727274 0.021022727272727273 0.05568181818181818
3 0.6693181818181818 0.16477272727272727 0.019318181818181818 0.05397727272727273
3 0.11988636363636364 0.1693181818181818 0.04602272727272727 0.05568181818181818
3 0.5392045454545454 0.1494318181818182 0.02159090909090909 0.05397727272727273
2 0.3704545454545455 0.16193181818181818 0.08522727272727272 0.09602272727272727
3 0.5636363636363636 0.15056818181818182 0.019318181818181818 0.056818181818181816
3 0.04943181818181818 0.2119318181818182 0.048295454545454544 0.0625
3 0.6448863636363636 0.15681818181818183 0.019318181818181818 0.05568181818181818
3 0.6017045454545454 0.14772727272727273 0.019318181818181818 0.05397727272727273
3 0.016477272727272726 0.3755681818181818 0.03295454545454545 0.09602272727272727
2 0.4056818181818182 0.040340909090909094 0.06704545454545455 0.08068181818181819
2 0.5119318181818182 0.05568181818181818 0.06704545454545455 0.0971590909090909
2 0.3039772727272727 0.04602272727272727 0.05795454545454545 0.07784090909090909