3 0.7482954545454545 0.8585227272727273 0.07954545454545454 0.08352272727272728
3 0.32954545454545453 0.6056818181818182 0.07840909090909091 0.07784090909090909
3 0.7767045454545455 0.6727272727272727 0.06647727272727273 0.056818181818181816
3 0.8857954545454545 0.6011363636363637 0.05795454545454545 0.06363636363636363
2 0.925 0.7068181818181818 0.15 0.15852272727272726
3 0.6284090909090909 0.42556818181818185 0.04431818181818182 0.05965909090909091
3 0.98125 0.6380681818181818 0.0375 0.04659090909090909
2 0.6204545454545455 0.7193181818181819 0.1693181818181818 0.1806818181818182
3 0.4125 0.8022727272727272 0.07954545454545454 0.07386363636363637
3 0.42670454545454545 0.7181818181818181 0.075 0.08068181818181819
3 0.6954545454545454 0.6431818181818182 0.05568181818181818 0.06363636363636363
3 0.4017045454545455 0.6323863636363637 0.06875 0.07386363636363637
3 0.1693181818181818 0.6494318181818182 0.07045454545454545 0.07102272727272728
3 0.014772727272727272 0.3494318181818182 0.029545454545454545 0.04602272727272727
3 0.48579545454545453 0.6568181818181819 0.07272727272727272 0.08068181818181819
3 0.6392045454545454 0.5869318181818182 0.06420454545454546 0.0625
3 0.44545454545454544 0.5869318181818182 0.06477272727272727 0.05965909090909091
3 0.34147727272727274 0.3880681818181818 0.03125 0.05965909090909091
3 0.8130681818181819 0.5755681818181818 0.048295454545454544 0.06534090909090909
3 0.010795454545454546 0.6585227272727273 0.02159090909090909 0.05
3 0.38977272727272727 0.3784090909090909 0.02159090909090909 0.05113636363636364
3 0.11079545454545454 0.6119318181818182 0.05568181818181818 0.07613636363636364
3 0.5426136363636364 0.3806818181818182 0.03977272727272727 0.05568181818181818
3 0.9306818181818182 0.2369318181818182 0.017045454545454544 0.040340909090909094
3 0.7704545454545455 0.1965909090909091 0.033522727272727273 0.0375
3 0.44545454545454544 0.3715909090909091 0.019318181818181818 0.056818181818181816
3 0.5875 0.39147727272727273 0.026704545454545453 0.058522727272727275
3 0.7727272727272727 0.6244318181818181 0.0625 0.05397727272727273
3 0.3119318181818182 0.35056818181818183 0.026704545454545453 0.05397727272727273
3 0.4784090909090909 0.3522727272727273 0.01818181818181818 0.048863636363636366
2 0.9482954545454545 0.4630681818181818 0.10340909090909091 0.14602272727272728
3 0.5005681818181819 0.3494318181818182 0.024431818181818183 0.05397727272727273
3 0.41306818181818183 0.3693181818181818 0.017045454545454544 0.05284090909090909
3 0.8267045454545454 0.22897727272727272 0.019318181818181818 0.03068181818181818
3 0.019318181818181818 0.08352272727272728 0.011931818181818182 0.04147727272727273
3 0.9068181818181819 0.23352272727272727 0.01818181818181818 0.03636363636363636
3 0.4659090909090909 0.3653409090909091 0.014204545454545454 0.05
3 0.8914772727272727 0.22897727272727272 0.014204545454545454 0.04147727272727273
2 0.73125 0.3153409090909091 0.10454545454545454 0.09431818181818181
3 0.8545454545454545 0.22443181818181818 0.026704545454545453 0.04318181818181818
2 0.2857954545454545 0.2340909090909091 0.060227272727272727 0.07897727272727273
3 0.30511363636363636 0.09943181818181818 0.013068181818181817 0.03465909090909091