3 0.5732954545454545 0.46193181818181817 0.05397727272727273 0.09318181818181819
3 0.4630681818181818 0.3494318181818182 0.03920454545454546 0.07897727272727273
3 0.4119318181818182 0.2056818181818182 0.031818181818181815 0.058522727272727275
3 0.026704545454545453 0.22215909090909092 0.053409090909090906 0.06477272727272727
3 0.08806818181818182 0.1903409090909091 0.042045454545454546 0.06136363636363636
2 0.7704545454545455 0.49318181818181817 0.18295454545454545 0.17784090909090908
3 0.37670454545454546 0.12272727272727273 0.020454545454545454 0.048863636363636366
3 0.48125 0.18352272727272728 0.020454545454545454 0.05284090909090909
3 0.5539772727272727 0.15397727272727274 0.015909090909090907 0.05
3 0.024431818181818183 0.36477272727272725 0.048863636363636366 0.0659090909090909
3 0.5829545454545455 0.15227272727272728 0.020454545454545454 0.05397727272727273
3 0.7147727272727272 0.24431818181818182 0.03295454545454545 0.06363636363636363
3 0.6039772727272728 0.1471590909090909 0.017045454545454544 0.05
3 0.5289772727272727 0.15681818181818183 0.014204545454545454 0.05284090909090909
3 0.5005681818181819 0.15227272727272728 0.014772727272727272 0.05397727272727273
3 0.007954545454545454 0.41818181818181815 0.015909090909090907 0.05
3 0.6448863636363636 0.2255681818181818 0.021022727272727273 0.05965909090909091
3 0.63125 0.1431818181818182 0.01875 0.05284090909090909
2 0.27954545454545454 0.038636363636363635 0.05454545454545454 0.07727272727272727
3 0.4375 0.13068181818181818 0.014204545454545454 0.05568181818181818
3 0.6818181818181818 0.2431818181818182 0.02556818181818182 0.06931818181818182
2 0.20113636363636364 0.03125 0.04943181818181818 0.0625
2 0.8443181818181819 0.1159090909090909 0.12670454545454546 0.1125