3 0.6681818181818182 0.41647727272727275 0.061931818181818185 0.07784090909090909
3 0.6238636363636364 0.1431818181818182 0.01818181818181818 0.05284090909090909
3 0.5482954545454546 0.15284090909090908 0.020454545454545454 0.05568181818181818
3 0.4744318181818182 0.15681818181818183 0.019318181818181818 0.058522727272727275
3 0.6448863636363636 0.1403409090909091 0.014772727272727272 0.05568181818181818
3 0.5176136363636363 0.15568181818181817 0.022727272727272728 0.05568181818181818
3 0.7755681818181818 0.14602272727272728 0.042045454545454546 0.058522727272727275
3 0.6005681818181818 0.1494318181818182 0.017045454545454544 0.05113636363636364
3 0.4596590909090909 0.2556818181818182 0.03806818181818182 0.06363636363636363
3 0.017613636363636363 0.4153409090909091 0.035227272727272725 0.06647727272727273
3 0.03579545454545455 0.35965909090909093 0.036931818181818184 0.06136363636363636
3 0.9181818181818182 0.21818181818181817 0.04943181818181818 0.05568181818181818
3 0.9352272727272727 0.5977272727272728 0.08409090909090909 0.10397727272727272
3 0.49829545454545454 0.3255681818181818 0.05397727272727273 0.06818181818181818
3 0.5744318181818182 0.14772727272727273 0.01818181818181818 0.056818181818181816
3 0.5005681818181819 0.033522727272727273 0.02556818181818182 0.058522727272727275
3 0.29147727272727275 0.044886363636363634 0.015909090909090907 0.048863636363636366
2 0.40454545454545454 0.04659090909090909 0.06931818181818182 0.09318181818181819
2 0.4505681818181818 0.035227272727272725 0.06704545454545455 0.07045454545454545