2 0.41704545454545455 0.3306818181818182 0.11079545454545454 0.1693181818181818
3 0.5556818181818182 0.25227272727272726 0.04147727272727273 0.07102272727272728
2 0.2721590909090909 0.17556818181818182 0.07102272727272728 0.10681818181818181
3 0.5971590909090909 0.20909090909090908 0.031818181818181815 0.06818181818181818
3 0.6119318181818182 0.01875 0.03068181818181818 0.0375
3 0.6380681818181818 0.24488636363636362 0.02727272727272727 0.06534090909090909
3 0.5244318181818182 0.16022727272727272 0.02727272727272727 0.056818181818181816
3 0.7255681818181818 0.2346590909090909 0.02556818181818182 0.06136363636363636
3 0.4943181818181818 0.1744318181818182 0.01875 0.05965909090909091
3 0.68125 0.2431818181818182 0.026704545454545453 0.06931818181818182
3 0.4380681818181818 0.12556818181818183 0.03068181818181818 0.06818181818181818
3 0.11988636363636364 0.026136363636363635 0.026136363636363635 0.05227272727272727
3 0.4017045454545455 0.08352272727272728 0.017045454545454544 0.05