2 0.5681818181818182 0.8806818181818182 0.1943181818181818 0.23352272727272727
2 0.64375 0.5681818181818182 0.14375 0.2028409090909091
2 0.5465909090909091 0.6102272727272727 0.125 0.2318181818181818
2 0.2869318181818182 0.6534090909090909 0.125 0.2125
3 0.25170454545454546 0.42215909090909093 0.024431818181818183 0.06363636363636363
2 0.5034090909090909 0.27897727272727274 0.07954545454545454 0.08863636363636364
3 0.9306818181818182 0.2369318181818182 0.017045454545454544 0.04318181818181818
2 0.42556818181818185 0.3431818181818182 0.08693181818181818 0.12215909090909091
2 0.33693181818181817 0.22272727272727272 0.07102272727272728 0.09318181818181819
3 0.2761363636363636 0.3806818181818182 0.028977272727272727 0.05284090909090909
3 0.23011363636363635 0.3386363636363636 0.04318181818181818 0.06363636363636363
2 0.7920454545454545 0.3977272727272727 0.12102272727272727 0.11818181818181818
3 0.8301136363636363 0.21534090909090908 0.014772727272727272 0.05
3 0.8892045454545454 0.23068181818181818 0.016477272727272726 0.04147727272727273
2 0.40454545454545454 0.2119318181818182 0.060227272727272727 0.08181818181818182
3 0.3477272727272727 0.4346590909090909 0.04659090909090909 0.06136363636363636
2 0.6681818181818182 0.2556818181818182 0.09545454545454546 0.06931818181818182
2 0.25170454545454546 0.11647727272727272 0.04147727272727273 0.06647727272727273
3 0.8198863636363637 0.5056818181818182 0.021022727272727273 0.05284090909090909
3 0.2034090909090909 0.4147727272727273 0.024431818181818183 0.05397727272727273
3 0.3119318181818182 0.4153409090909091 0.026704545454545453 0.058522727272727275
3 0.04943181818181818 0.35568181818181815 0.036931818181818184 0.04715909090909091
3 0.15852272727272726 0.09318181818181819 0.010795454545454546 0.04715909090909091
2 0.7318181818181818 0.3068181818181818 0.10397727272727272 0.08068181818181819
3 0.038636363636363635 0.3931818181818182 0.031818181818181815 0.058522727272727275
3 0.8556818181818182 0.22443181818181818 0.023295454545454546 0.0375
2 0.19943181818181818 0.1380681818181818 0.04431818181818182 0.0625