2 0.2875 0.7778409090909091 0.19204545454545455 0.31136363636363634
2 0.42329545454545453 0.4590909090909091 0.06420454545454546 0.16818181818181818
2 0.6823863636363636 0.5369318181818182 0.12727272727272726 0.19318181818181818
3 0.23295454545454544 0.36306818181818185 0.04431818181818182 0.05113636363636364
2 0.9676136363636364 0.8051136363636363 0.06477272727272727 0.19204545454545455
2 0.48295454545454547 0.3443181818181818 0.09090909090909091 0.11931818181818182
3 0.9306818181818182 0.2369318181818182 0.01818181818181818 0.04318181818181818
3 0.09431818181818181 0.34602272727272726 0.04318181818181818 0.05284090909090909
3 0.8897727272727273 0.23068181818181818 0.014204545454545454 0.04147727272727273
2 0.5727272727272728 0.9590909090909091 0.13920454545454544 0.08181818181818182
3 0.8295454545454546 0.21647727272727274 0.015909090909090907 0.05
3 0.04261363636363636 0.6181818181818182 0.06818181818181818 0.075
2 0.33295454545454545 0.2852272727272727 0.07727272727272727 0.10397727272727272
2 0.3795454545454545 0.24147727272727273 0.058522727272727275 0.08068181818181819
2 0.26988636363636365 0.22443181818181818 0.061931818181818185 0.07613636363636364
3 0.06931818181818182 0.4681818181818182 0.02556818181818182 0.05568181818181818
3 0.8704545454545455 0.23068181818181818 0.016477272727272726 0.03068181818181818
3 0.85 0.22443181818181818 0.01875 0.03465909090909091
2 0.1471590909090909 0.20113636363636364 0.05056818181818182 0.075
2 0.2630681818181818 0.1715909090909091 0.0625 0.07386363636363637
3 0.08920454545454545 0.13977272727272727 0.014772727272727272 0.040340909090909094
2 0.7306818181818182 0.3153409090909091 0.10397727272727272 0.09431818181818181
2 0.09261363636363637 0.22727272727272727 0.05227272727272727 0.07613636363636364
3 0.7670454545454546 0.20113636363636364 0.024431818181818183 0.02784090909090909
3 0.05454545454545454 0.33181818181818185 0.028409090909090908 0.04431818181818182
2 0.19375 0.13693181818181818 0.04375 0.06534090909090909