3 0.30454545454545456 0.7960227272727273 0.05454545454545454 0.06363636363636363
3 0.25 0.9636363636363636 0.06875 0.07215909090909091
3 0.3301136363636364 0.9403409090909091 0.06818181818181818 0.07215909090909091
3 0.0625 0.7636363636363637 0.05 0.06363636363636363
3 0.5704545454545454 0.8909090909090909 0.06704545454545455 0.07613636363636364
3 0.7630681818181818 0.9068181818181819 0.06818181818181818 0.07784090909090909
3 0.01818181818181818 0.7289772727272728 0.03579545454545455 0.05568181818181818
3 0.425 0.8272727272727273 0.0625 0.06534090909090909
3 0.023863636363636365 0.6431818181818182 0.036931818181818184 0.04715909090909091
3 0.8829545454545454 0.6585227272727273 0.024431818181818183 0.06363636363636363
3 0.9159090909090909 0.6971590909090909 0.028409090909090908 0.06136363636363636
3 0.7039772727272727 0.9477272727272728 0.07954545454545454 0.07897727272727273
3 0.08068181818181819 0.9034090909090909 0.06704545454545455 0.07613636363636364
3 0.9875 0.9340909090909091 0.025 0.05965909090909091
3 0.6818181818181818 0.8880681818181818 0.0625 0.056818181818181816
3 0.7744318181818182 0.6306818181818182 0.02556818181818182 0.058522727272727275
3 0.6505681818181818 0.5960227272727273 0.01875 0.05
3 0.7142045454545455 0.6352272727272728 0.020454545454545454 0.056818181818181816
3 0.7380681818181818 0.6352272727272728 0.01818181818181818 0.0625
3 0.8244318181818182 0.6306818181818182 0.025 0.06931818181818182
3 0.8948863636363636 0.9789772727272728 0.07556818181818181 0.04147727272727273
3 0.8494318181818182 0.6289772727272728 0.024431818181818183 0.06647727272727273
3 0.6869318181818181 0.5869318181818182 0.020454545454545454 0.06534090909090909
3 0.6681818181818182 0.5903409090909091 0.014772727272727272 0.06136363636363636
3 0.5965909090909091 0.5164772727272727 0.017045454545454544 0.06363636363636363
3 0.7880681818181818 0.6181818181818182 0.017045454545454544 0.05568181818181818
2 0.5630681818181819 0.9528409090909091 0.18579545454545454 0.09147727272727273
3 0.9017045454545455 0.8977272727272727 0.06875 0.056818181818181816
2 0.1125 0.6369318181818182 0.1375 0.09602272727272727
0 0.2869318181818182 0.12215909090909091 0.06704545454545455 0.15
3 0.6318181818181818 0.5744318181818182 0.01875 0.06534090909090909
2 0.39375 0.5181818181818182 0.07954545454545454 0.07784090909090909
2 0.23068181818181818 0.40852272727272726 0.06818181818181818 0.07215909090909091