3 0.5079545454545454 0.2278409090909091 0.02159090909090909 0.04147727272727273
3 0.9630681818181818 0.5056818181818182 0.056818181818181816 0.058522727272727275
2 0.8607954545454546 0.7744318181818182 0.19318181818181818 0.17897727272727273
3 0.6170454545454546 0.35568181818181815 0.01818181818181818 0.05568181818181818
3 0.2125 0.3181818181818182 0.020454545454545454 0.058522727272727275
3 0.033522727272727273 0.40397727272727274 0.05795454545454545 0.05568181818181818
3 0.6107954545454546 0.4198863636363636 0.025 0.0625
3 0.9102272727272728 0.22840909090909092 0.017045454545454544 0.048863636363636366
3 0.9818181818181818 0.4556818181818182 0.03579545454545455 0.04147727272727273
3 0.93125 0.2369318181818182 0.014204545454545454 0.040340909090909094
3 0.8806818181818182 0.2431818181818182 0.024431818181818183 0.05
3 0.8295454545454546 0.21477272727272728 0.014204545454545454 0.048863636363636366
2 0.06761363636363636 0.2869318181818182 0.07727272727272727 0.0875
3 0.5767045454545454 0.4590909090909091 0.024431818181818183 0.07102272727272728
3 0.9198863636363637 0.48068181818181815 0.04943181818181818 0.05284090909090909
3 0.48068181818181815 0.46193181818181817 0.023295454545454546 0.06534090909090909
3 0.55 0.46647727272727274 0.026704545454545453 0.08068181818181819
3 0.5176136363636363 0.47102272727272726 0.02727272727272727 0.06647727272727273
3 0.8505681818181818 0.46193181818181817 0.06875 0.05965909090909091
2 0.4198863636363636 0.3755681818181818 0.08806818181818182 0.1318181818181818