3 0.09090909090909091 0.3664772727272727 0.022727272727272728 0.05568181818181818
3 0.048295454545454544 0.3744318181818182 0.025 0.06818181818181818
3 0.12670454545454546 0.36363636363636365 0.01818181818181818 0.05
3 0.75625 0.5681818181818182 0.025 0.06136363636363636
3 0.7943181818181818 0.5914772727272727 0.023295454545454546 0.06931818181818182
3 0.6380681818181818 0.49318181818181817 0.021022727272727273 0.05568181818181818
3 0.6625 0.5210227272727272 0.020454545454545454 0.05284090909090909
3 0.7329545454545454 0.5522727272727272 0.02556818181818182 0.056818181818181816
3 0.6994318181818182 0.5306818181818181 0.023295454545454546 0.05568181818181818
3 0.8159090909090909 0.6130681818181818 0.02159090909090909 0.06534090909090909
3 0.3625 0.30568181818181817 0.026704545454545453 0.038636363636363635
3 0.8431818181818181 0.6369318181818182 0.023295454545454546 0.056818181818181816
3 0.3215909090909091 0.31931818181818183 0.03125 0.04431818181818182
3 0.017045454545454544 0.29318181818181815 0.033522727272727273 0.05568181818181818
3 0.8443181818181819 0.6085227272727273 0.020454545454545454 0.06647727272727273