3 0.1715909090909091 0.9323863636363636 0.07954545454545454 0.11534090909090909
3 0.47670454545454544 0.9744318181818182 0.06931818181818182 0.05113636363636364
3 0.8 0.5056818181818182 0.03125 0.06363636363636363
3 0.7454545454545455 0.3397727272727273 0.02727272727272727 0.05113636363636364
3 0.8835227272727273 0.42556818181818185 0.04090909090909091 0.0625
3 0.6772727272727272 0.5630681818181819 0.01875 0.07613636363636364
3 0.2119318181818182 0.4244318181818182 0.03579545454545455 0.056818181818181816
3 0.06875 0.8028409090909091 0.048295454545454544 0.08352272727272728
3 0.8988636363636363 0.5931818181818181 0.04147727272727273 0.07784090909090909
3 0.3482954545454545 0.13693181818181818 0.010795454545454546 0.040340909090909094
2 0.9346590909090909 0.7835227272727273 0.13068181818181818 0.25
3 0.47670454545454544 0.16988636363636364 0.016477272727272726 0.040340909090909094
3 0.32954545454545453 0.09943181818181818 0.00909090909090909 0.031818181818181815
3 0.6232954545454545 0.2431818181818182 0.01875 0.038636363636363635
3 0.013068181818181817 0.9744318181818182 0.02556818181818182 0.05113636363636364
3 0.9448863636363637 0.665340909090909 0.05397727272727273 0.06136363636363636
3 0.30454545454545456 0.20397727272727273 0.013068181818181817 0.05
3 0.5125 0.25681818181818183 0.017045454545454544 0.04431818181818182
3 0.41875 0.13352272727272727 0.010795454545454546 0.03636363636363636
3 0.3 0.39943181818181817 0.05 0.056818181818181816
3 0.53125 0.45284090909090907 0.0375 0.06647727272727273
3 0.11875 0.6494318181818182 0.05625 0.06818181818181818
3 0.3443181818181818 0.3028409090909091 0.014204545454545454 0.03636363636363636
3 0.15056818181818182 0.6289772727272728 0.03920454545454546 0.06136363636363636
3 0.18125 0.5971590909090909 0.03579545454545455 0.06363636363636363
2 0.5852272727272727 0.3119318181818182 0.06875 0.09886363636363636
3 0.5806818181818182 0.20738636363636365 0.014204545454545454 0.03465909090909091
2 0.6659090909090909 0.3181818181818182 0.07272727272727272 0.1
3 0.10056818181818182 0.11988636363636364 0.010795454545454546 0.026136363636363635
2 0.7085227272727272 0.46193181818181817 0.08920454545454545 0.1318181818181818
3 0.7318181818181818 0.43068181818181817 0.021022727272727273 0.05568181818181818
3 0.6755681818181818 0.38522727272727275 0.01875 0.04318181818181818
2 0.029545454545454545 0.33352272727272725 0.058522727272727275 0.08636363636363636
3 0.02159090909090909 0.7494318181818181 0.04318181818181818 0.09318181818181819
3 0.9244318181818182 0.5778409090909091 0.020454545454545454 0.06931818181818182
2 0.3880681818181818 0.2818181818181818 0.04772727272727273 0.07215909090909091
3 0.07215909090909091 0.7255681818181818 0.04431818181818182 0.06818181818181818
3 0.6420454545454546 0.5153409090909091 0.028977272727272727 0.075
3 0.5767045454545454 0.48409090909090907 0.03977272727272727 0.05965909090909091
3 0.6176136363636363 0.5380681818181818 0.033522727272727273 0.06534090909090909