2 0.9136363636363637 0.49318181818181817 0.17272727272727273 0.25
2 0.6238636363636364 0.29602272727272727 0.10852272727272727 0.15852272727272726
2 0.6238636363636364 0.17727272727272728 0.10568181818181818 0.14602272727272728
2 0.48352272727272727 0.035227272727272725 0.0715909090909091 0.07045454545454545
3 0.23579545454545456 0.22272727272727272 0.02556818181818182 0.08181818181818182
3 0.21079545454545454 0.03068181818181818 0.020454545454545454 0.058522727272727275
3 0.1846590909090909 0.061931818181818185 0.01818181818181818 0.056818181818181816
3 0.25170454545454546 0.12840909090909092 0.021022727272727273 0.06534090909090909
3 0.11818181818181818 0.17102272727272727 0.048295454545454544 0.06136363636363636
3 0.30056818181818185 0.14488636363636365 0.019318181818181818 0.0375
3 0.26590909090909093 0.07784090909090909 0.016477272727272726 0.05
2 0.36420454545454545 0.016477272727272726 0.05568181818181818 0.03295454545454545
2 0.45397727272727273 0.9636363636363636 0.11875 0.07215909090909091
3 0.41420454545454544 0.10397727272727272 0.013068181818181817 0.07215909090909091
3 0.011931818181818182 0.37272727272727274 0.023295454545454546 0.05113636363636364