3 0.04090909090909091 0.7744318181818182 0.08125 0.07613636363636364
3 0.7261363636363637 0.2278409090909091 0.036931818181818184 0.06136363636363636
3 0.04772727272727273 0.6681818181818182 0.08409090909090909 0.07215909090909091
3 0.10738636363636364 0.11818181818181818 0.035227272727272725 0.058522727272727275
3 0.3801136363636364 0.3880681818181818 0.04602272727272727 0.05965909090909091
3 0.9625 0.4119318181818182 0.05625 0.06818181818181818
3 0.5829545454545455 0.2318181818181818 0.028977272727272727 0.06931818181818182
3 0.8198863636363637 0.42613636363636365 0.07556818181818181 0.06136363636363636
3 0.5244318181818182 0.18693181818181817 0.026704545454545453 0.07897727272727273
3 0.45681818181818185 0.14488636363636365 0.023295454545454546 0.05965909090909091
2 0.47670454545454544 0.4318181818181818 0.16818181818181818 0.15
3 0.6113636363636363 0.19318181818181818 0.024431818181818183 0.08068181818181819
3 0.6994318181818182 0.19147727272727272 0.023295454545454546 0.06363636363636363
3 0.4914772727272727 0.16193181818181818 0.025 0.056818181818181816
3 0.43863636363636366 0.11818181818181818 0.016477272727272726 0.05284090909090909
3 0.5505681818181818 0.19943181818181818 0.024431818181818183 0.056818181818181816
3 0.6318181818181818 0.08409090909090909 0.020454545454545454 0.05113636363636364
3 0.5357954545454545 0.37272727272727274 0.028977272727272727 0.056818181818181816
3 0.4096590909090909 0.1028409090909091 0.021022727272727273 0.04715909090909091
3 0.38125 0.053409090909090906 0.01875 0.048863636363636366
3 0.8596590909090909 0.39943181818181817 0.05056818181818182 0.06818181818181818
3 0.5755681818181818 0.03977272727272727 0.014204545454545454 0.04602272727272727
3 0.023295454545454546 0.7431818181818182 0.03920454545454546 0.10568181818181818