3 0.7318181818181818 0.2318181818181818 0.036931818181818184 0.06931818181818182
3 0.7767045454545455 0.2727272727272727 0.04602272727272727 0.07613636363636364
3 0.29147727272727275 0.01534090909090909 0.015909090909090907 0.03068181818181818
3 0.5352272727272728 0.16193181818181818 0.017045454545454544 0.05397727272727273
3 0.5909090909090909 0.2897727272727273 0.05568181818181818 0.07386363636363637
3 0.6369318181818182 0.27897727272727274 0.03920454545454546 0.075
3 0.10568181818181818 0.1744318181818182 0.05056818181818182 0.05113636363636364
3 0.011363636363636364 0.3784090909090909 0.022727272727272728 0.0625
3 0.46136363636363636 0.1653409090909091 0.021022727272727273 0.058522727272727275
3 0.3494318181818182 0.01818181818181818 0.01818181818181818 0.03636363636363636
3 0.5119318181818182 0.16022727272727272 0.020454545454545454 0.05397727272727273
3 0.40511363636363634 0.07556818181818181 0.01818181818181818 0.05397727272727273
3 0.4375 0.12840909090909092 0.01875 0.05113636363636364
2 0.42556818181818185 0.2528409090909091 0.09545454545454546 0.11931818181818182
3 0.5795454545454546 0.1590909090909091 0.021022727272727273 0.05397727272727273
3 0.5630681818181819 0.1630681818181818 0.014772727272727272 0.048863636363636366
3 0.23920454545454545 0.04772727272727273 0.020454545454545454 0.04602272727272727
3 0.47954545454545455 0.15284090909090908 0.015909090909090907 0.05284090909090909
3 0.6659090909090909 0.1431818181818182 0.023295454545454546 0.04715909090909091
3 0.7017045454545454 0.1943181818181818 0.025 0.07215909090909091
2 0.6625 0.22272727272727272 0.10625 0.15397727272727274
3 0.6136363636363636 0.15284090909090908 0.022727272727272728 0.05