3 0.2034090909090909 0.3494318181818182 0.019318181818181818 0.04602272727272727
3 0.05056818181818182 0.3880681818181818 0.020454545454545454 0.048863636363636366
3 0.08125 0.3693181818181818 0.023295454545454546 0.05
3 0.10681818181818181 0.3710227272727273 0.024431818181818183 0.04715909090909091
2 0.20454545454545456 0.4505681818181818 0.11477272727272728 0.10681818181818181
3 0.3255681818181818 0.3181818181818182 0.024431818181818183 0.04431818181818182
3 0.24204545454545454 0.34147727272727274 0.025 0.04147727272727273
3 0.2755681818181818 0.33352272727272725 0.024431818181818183 0.04715909090909091
3 0.30625 0.32443181818181815 0.023295454545454546 0.04602272727272727
3 0.12443181818181819 0.36818181818181817 0.019318181818181818 0.05284090909090909
3 0.17045454545454544 0.2869318181818182 0.016477272727272726 0.03465909090909091
3 0.38693181818181815 0.29659090909090907 0.01818181818181818 0.04602272727272727
3 0.25681818181818183 0.3346590909090909 0.019318181818181818 0.05