3 0.25113636363636366 0.6403409090909091 0.07102272727272728 0.06931818181818182
3 0.4107954545454545 0.37272727272727274 0.025 0.05965909090909091
3 0.37613636363636366 0.3806818181818182 0.019318181818181818 0.058522727272727275
2 0.2596590909090909 0.9068181818181819 0.23977272727272728 0.1806818181818182
3 0.46079545454545456 0.3715909090909091 0.02159090909090909 0.056818181818181816
3 0.014204545454545454 0.9130681818181818 0.028409090909090908 0.07386363636363637
3 0.4375 0.3744318181818182 0.020454545454545454 0.056818181818181816
3 0.90625 0.6102272727272727 0.05795454545454545 0.05397727272727273
2 0.35454545454545455 0.7744318181818182 0.175 0.15113636363636362
3 0.3482954545454545 0.35568181818181815 0.023295454545454546 0.05284090909090909
3 0.6636363636363637 0.6227272727272727 0.06477272727272727 0.06818181818181818
3 0.5017045454545455 0.3619318181818182 0.01875 0.056818181818181816
3 0.2994318181818182 0.6056818181818182 0.04772727272727273 0.06363636363636363
3 0.6363636363636364 0.4369318181818182 0.028977272727272727 0.06534090909090909
3 0.029545454545454545 0.6090909090909091 0.05909090909090909 0.0625
3 0.9306818181818182 0.2369318181818182 0.014772727272727272 0.040340909090909094
3 0.6068181818181818 0.4471590909090909 0.03068181818181818 0.06136363636363636
3 0.48068181818181815 0.36022727272727273 0.019318181818181818 0.05397727272727273
3 0.6573863636363636 0.36022727272727273 0.01818181818181818 0.05113636363636364
3 0.9056818181818181 0.2340909090909091 0.01818181818181818 0.040340909090909094
3 0.5761363636363637 0.4102272727272727 0.02556818181818182 0.056818181818181816
3 0.04431818181818182 0.17556818181818182 0.014204545454545454 0.03465909090909091
3 0.6193181818181818 0.3619318181818182 0.01875 0.05113636363636364
3 0.6977272727272728 0.5880681818181818 0.03409090909090909 0.05965909090909091
2 0.7284090909090909 0.7102272727272727 0.19318181818181818 0.1625
3 0.5488636363636363 0.3778409090909091 0.024431818181818183 0.05568181818181818
3 0.10056818181818182 0.8636363636363636 0.08806818181818182 0.08863636363636364
3 0.8301136363636363 0.21647727272727274 0.014772727272727272 0.04715909090909091
3 0.8556818181818182 0.22443181818181818 0.026704545454545453 0.04318181818181818
3 0.07329545454545454 0.24147727272727273 0.021022727272727273 0.05284090909090909
3 0.8920454545454546 0.2278409090909091 0.013068181818181817 0.04431818181818182
2 0.10170454545454545 0.6647727272727273 0.16647727272727272 0.15681818181818183
3 0.6386363636363637 0.3744318181818182 0.021022727272727273 0.05965909090909091
2 0.2676136363636364 0.22443181818181818 0.058522727272727275 0.0846590909090909
2 0.32386363636363635 0.21818181818181817 0.056818181818181816 0.08636363636363636
2 0.2818181818181818 0.17784090909090908 0.04943181818181818 0.06647727272727273