2 0.77890625 0.8513888886363636 0.784375 0.8416666670454545 0.78359375 0.8097222227272728 0.77421875 0.7861111113636364 0.77265625 0.7722222227272727 0.7453125 0.7305555556818181 0.728125 0.7166666670454545 0.715625 0.7166666670454545 0.696875 0.7347222227272727 0.69296875 0.7486111113636363 0.690625 0.7652777772727273 0.6953125 0.7902777772727273 0.73359375 0.85 0.77890625 0.8513888886363636
2 0.503125 0.7694444443181819 0.50625 0.7652777772727273 0.5078125 0.7263888886363636 0.49765625 0.6861111113636363 0.49765625 0.675 0.4875 0.6666666670454545 0.46484375 0.6652777772727273 0.4453125 0.6791666670454545 0.44609375 0.7222222227272728 0.453125 0.7361111113636364 0.4578125 0.7708333329545455 0.503125 0.7694444443181819
2 0.46015625 0.6111111113636364 0.46328125 0.6069444443181818 0.4640625 0.5819444443181819 0.45390625 0.5402777772727273 0.42734375 0.5361111113636364 0.415625 0.5472222227272727 0.41640625 0.5819444443181819 0.42578125 0.6138888886363636 0.4421875 0.6083333329545455 0.46015625 0.6111111113636364
2 0.36171875 0.5027777772727272 0.36015625 0.4819444443181818 0.35390625 0.4625 0.33671875 0.46111111136363636 0.32890625 0.47222222272727277 0.32890625 0.5041666670454545 0.33203125 0.5180555556818182 0.35078125 0.5125 0.36171875 0.5027777772727272
2 0.41171875 0.49027777727272726 0.41171875 0.46944444431818183 0.40390625 0.44166666704545454 0.38671875 0.44027777727272727 0.378125 0.44861111136363635 0.37578125 0.4555555556818182 0.378125 0.4791666670454546 0.3859375 0.4944444443181818 0.41171875 0.49027777727272726
2 0.66171875 0.6305555556818181 0.66640625 0.6222222227272728 0.67265625 0.6319444443181819 0.6859375 0.6388888886363636 0.7046875 0.6291666670454545 0.70546875 0.6125 0.70234375 0.5986111113636364 0.69921875 0.5972222227272728 0.6859375 0.5611111113636363 0.65625 0.5388888886363636 0.63984375 0.5402777772727273 0.6328125 0.5527777772727273 0.63203125 0.5708333329545454 0.64765625 0.6305555556818181 0.65546875 0.625 0.66171875 0.6305555556818181
2 0.528125 0.5847222227272727 0.5359375 0.5888888886363636 0.5390625 0.5847222227272727 0.53984375 0.5708333329545454 0.54765625 0.5680555556818182 0.54921875 0.5958333329545455 0.54296875 0.5986111113636364 0.5421875 0.6027777772727273 0.546875 0.6055555556818181 0.5484375 0.6125 0.58671875 0.6125 0.5890625 0.6069444443181818 0.58828125 0.5861111113636364 0.575 0.55 0.56015625 0.5347222227272728 0.5515625 0.5319444443181818 0.54609375 0.5319444443181818 0.5359375 0.5375 0.5296875 0.55 0.52734375 0.5666666670454545 0.528125 0.5847222227272727
1 0.54296875 0.6194444443181819 0.5484375 0.5958333329545455 0.5484375 0.5694444443181819 0.54609375 0.5625 0.53984375 0.5583333329545455 0.53984375 0.5569444443181818 0.5375 0.5875 0.53984375 0.6 0.5390625 0.6152777772727273 0.54296875 0.6194444443181819
2 0.58203125 0.5263888886363636 0.5859375 0.5486111113636364 0.603125 0.575 0.61953125 0.575 0.6265625 0.5708333329545454 0.63203125 0.5513888886363636 0.63125 0.5347222227272728 0.6203125 0.5125 0.59609375 0.4944444443181818 0.591796875 0.4944444443181818 0.5796875 0.49722222272727273 0.57734375 0.5111111113636364 0.57734375 0.5222222227272727 0.58203125 0.5263888886363636
2 0.584375 0.47777777727272724 0.5921875 0.49027777727272726 0.62421875 0.5097222227272727 0.628125 0.5013888886363637 0.62421875 0.475 0.6140625 0.45972222272727276 0.60234375 0.45 0.5981773431818183 0.45 0.58984375 0.45 0.58515625 0.4555555556818182 0.5828125 0.4638888886363636 0.584375 0.47777777727272724
2 0.48515625 0.5208333329545455 0.4921875 0.5222222227272727 0.49375 0.5319444443181818 0.4984375 0.5375 0.52421875 0.5333333329545454 0.52578125 0.5152777772727273 0.515625 0.48888888863636365 0.50859375 0.4819444443181818 0.5 0.4805555556818182 0.495703125 0.4805555556818182 0.49140625 0.4805555556818182 0.48203125 0.49027777727272726 0.48125 0.5152777772727273 0.48515625 0.5208333329545455
2 0.4625 0.48888888863636365 0.48046875 0.48888888863636365 0.49296875 0.47638888863636364 0.49140625 0.45972222272727276 0.484375 0.44027777727272727 0.47890625 0.4319444443181818 0.46796875 0.425 0.4625 0.425 0.45390625 0.42777777727272726 0.44765625 0.4444444443181818 0.45078125 0.47222222272727277 0.4625 0.48888888863636365
2 0.44375 0.45416666704545455 0.446875 0.45 0.45390625 0.4180555556818182 0.44140625 0.40694444431818183 0.43671875 0.40694444431818183 0.42890625 0.4180555556818182 0.4265625 0.4388888886363636 0.43515625 0.4527777772727272 0.44375 0.45416666704545455
2 0.43125 0.37916666704545454 0.43125 0.39166666704545455 0.43515625 0.4 0.4390625 0.40416666704545456 0.44296875 0.40416666704545456 0.44609375 0.40694444431818183 0.45078125 0.40833333295454544 0.45234375 0.40972222272727277 0.453125 0.4125 0.45546875 0.4125 0.4578125 0.40555555568181817 0.46484375 0.39861111136363636 0.46484375 0.3902777772727272 0.4625 0.38611111136363635 0.4609375 0.3805555556818182 0.4578125 0.375 0.45546875 0.3736111113636364 0.45390625 0.37083333295454546 0.44921875 0.3666666670454546 0.44765625 0.3666666670454546 0.44609375 0.36388888863636365 0.44453125 0.36388888863636365 0.44375 0.36527777727272726 0.4375 0.36527777727272726 0.434375 0.3680555556818182 0.43125 0.37916666704545454
2 0.48068181818181815 0.40454545454545454 0.48977272727272725 0.4159090909090909 0.49204545454545456 0.42727272727272725 0.4863636363636364 0.4284090909090909 0.48522727272727273 0.425 0.48068181818181815 0.42272727272727273 0.47954545454545455 0.42954545454545456 0.47045454545454546 0.42613636363636365 0.4693181818181818 0.42272727272727273 0.4602272727272727 0.42272727272727273 0.45795454545454545 0.42613636363636365 0.4556818181818182 0.42045454545454547 0.4556818181818182 0.4147727272727273 0.4602272727272727 0.4056818181818182 0.4659090909090909 0.4034090909090909 0.47954545454545455 0.40454545454545454
2 0.4796875 0.39722222272727276 0.47890625 0.4 0.48046875 0.40277777727272723 0.48515625 0.40694444431818183 0.4890625 0.41388888863636364 0.48984375 0.4194444443181818 0.490625 0.42083333295454545 0.49609375 0.42083333295454545 0.496875 0.4194444443181818 0.50234375 0.4194444443181818 0.503125 0.4180555556818182 0.509375 0.4180555556818182 0.51015625 0.4166666670454546 0.51015625 0.4111111113636364 0.509375 0.40972222272727277 0.50859375 0.40416666704545456 0.50703125 0.40277777727272723 0.50546875 0.4 0.50546875 0.39861111136363636 0.50390625 0.39722222272727276 0.50078125 0.39166666704545455 0.49921875 0.39166666704545455 0.4984375 0.3902777772727272 0.49453125 0.3902777772727272 0.49375 0.3888888886363636 0.4875 0.3888888886363636 0.48671875 0.3902777772727272 0.484375 0.3902777772727272 0.4828125 0.39166666704545455 0.4796875 0.39722222272727276
2 0.475 0.3888888886363636 0.4765625 0.3930555556818182 0.48046875 0.3930555556818182 0.48203125 0.3902777772727272 0.48359375 0.3902777772727272 0.484375 0.3888888886363636 0.4875 0.3888888886363636 0.48828125 0.3875 0.49453125 0.3875 0.4953125 0.3888888886363636 0.4984375 0.3888888886363636 0.5 0.38611111136363635 0.5 0.3833333329545454 0.49765625 0.37777777727272727 0.49765625 0.3763888886363636 0.496875 0.3763888886363636 0.49453125 0.37222222272727273 0.49375 0.37222222272727273 0.490625 0.3666666670454546 0.4875 0.36388888863636365 0.4859375 0.36388888863636365 0.48515625 0.3625 0.478125 0.3625 0.4765625 0.36388888863636365 0.4734375 0.3694444443181818 0.475 0.3736111113636364 0.475 0.3888888886363636
3 0.46704545454545454 0.37727272727272726 0.4715909090909091 0.3806818181818182 0.4715909090909091 0.39886363636363636 0.47045454545454546 0.4011363636363636 0.46704545454545454 0.4011363636363636 0.46704545454545454 0.3784090909090909
2 0.45795454545454545 0.35568181818181815 0.46704545454545454 0.35909090909090907 0.47045454545454546 0.3625 0.4727272727272727 0.3704545454545455 0.4715909090909091 0.37386363636363634 0.4625 0.37727272727272726 0.4647727272727273 0.3795454545454545 0.4636363636363636 0.38522727272727275 0.45795454545454545 0.3715909090909091 0.44886363636363635 0.36477272727272725 0.4511363636363636 0.36022727272727273 0.45795454545454545 0.3568181818181818
3 0.5609375 0.7194444443181819 0.5640625 0.7083333329545455 0.56328125 0.6638888886363636 0.55703125 0.6444444443181819 0.55390625 0.6416666670454545 0.55078125 0.6416666670454545 0.546875 0.6625 0.5484375 0.6875 0.553125 0.7111111113636364 0.5609375 0.7194444443181819
3 0.6609375 0.7222222227272728 0.66015625 0.7041666670454545 0.66328125 0.6888888886363637 0.659375 0.6791666670454545 0.659375 0.6680555556818181 0.64453125 0.6388888886363636 0.64375 0.6388888886363636 0.6375 0.6916666670454545 0.6421875 0.7055555556818182 0.65859375 0.725 0.6609375 0.7222222227272728
3 0.6296875 0.6402777772727273 0.64140625 0.6444444443181819 0.64375 0.6402777772727273 0.64375 0.6180555556818181 0.63671875 0.5833333329545455 0.63046875 0.5722222227272727 0.628125 0.5722222227272727 0.62578125 0.575 0.62421875 0.5944444443181819 0.625 0.6291666670454545 0.6296875 0.6402777772727273
3 0.68203125 0.6736111113636364 0.68515625 0.6680555556818181 0.6859375 0.6472222227272727 0.68203125 0.6388888886363636 0.67421875 0.6361111113636364 0.66796875 0.6208333329545455 0.66484375 0.6208333329545455 0.66015625 0.6375 0.6609375 0.6680555556818181 0.67109375 0.675 0.68203125 0.6736111113636364
3 0.8109375 0.8069444443181819 0.80859375 0.8222222227272727 0.81796875 0.8444444443181819 0.8171875 0.8486111113636364 0.82578125 0.8583333329545455 0.8390625 0.8597222227272727 0.8421875 0.8458333329545455 0.8390625 0.8208333329545455 0.840625 0.8097222227272728 0.82734375 0.7791666670454545 0.828125 0.775 0.825 0.7736111113636364 0.82421875 0.7722222227272727 0.815625 0.775 0.81796875 0.7819444443181819 0.81640625 0.7930555556818181 0.8109375 0.8069444443181819
3 0.79375 0.7680555556818182 0.796875 0.775 0.79375 0.7791666670454545 0.796875 0.7930555556818181 0.80703125 0.8069444443181819 0.81015625 0.8069444443181819 0.8140625 0.7958333329545455 0.81484375 0.775 0.825 0.7694444443181819 0.825 0.7416666670454545 0.81875 0.7222222227272728 0.81484375 0.7222222227272728 0.80703125 0.7222222227272728 0.80390625 0.7416666670454545 0.79765625 0.7513888886363637 0.79375 0.7680555556818182
3 0.85234375 0.8166666670454545 0.85546875 0.8097222227272728 0.85390625 0.7722222227272727 0.8453125 0.7472222227272728 0.8421875 0.7277777772727273 0.8390625 0.7236111113636364 0.8359375 0.7236111113636364 0.82734375 0.7472222227272728 0.82734375 0.7666666670454545 0.84296875 0.8111111113636363 0.85234375 0.8166666670454545
3 0.86015625 0.8694444443181819 0.86953125 0.8805555556818181 0.87265625 0.8902777772727273 0.87890625 0.8930555556818182 0.90078125 0.9194444443181818 0.9046875 0.9097222227272728 0.9015625 0.8875 0.90390625 0.8791666670454545 0.90859375 0.8833333329545455 0.9078125 0.8694444443181819 0.9015625 0.8472222227272728 0.8921875 0.8444444443181819 0.890625 0.8097222227272728 0.8875 0.8055555556818181 0.88359375 0.8055555556818181 0.87578125 0.8305555556818182 0.8640625 0.8486111113636364 0.86328125 0.8625 0.86015625 0.8694444443181819
3 0.91640625 0.8597222227272727 0.92109375 0.8194444443181819 0.9078125 0.7791666670454545 0.9078125 0.7694444443181819 0.90234375 0.7625 0.9 0.7625 0.89140625 0.7833333329545455 0.8890625 0.7986111113636364 0.90703125 0.8583333329545455 0.91640625 0.8597222227272727
3 0.946875 0.8652777772727273 0.953125 0.8861111113636364 0.99296875 0.9222222227272727 0.99921875 0.9111111113636364 0.99921875 0.8805555556818181 0.9921875 0.8625 0.99140625 0.8513888886363636 0.98515625 0.8402777772727272 0.9828125 0.8208333329545455 0.97578125 0.8138888886363637 0.9703125 0.8138888886363637 0.96484375 0.8138888886363637 0.95859375 0.8333333329545455 0.95078125 0.8402777772727272 0.946875 0.8652777772727273
3 0.5796875 0.9180555556818181 0.5828125 0.9236111113636364 0.5796875 0.9388888886363637 0.57890625 0.9625 0.58125 0.9930555556818181 0.58828125 0.9875 0.6 0.9652777772727272 0.60703125 0.9430555556818181 0.60703125 0.9166666670454545 0.6046875 0.9111111113636364 0.60390625 0.8930555556818182 0.60078125 0.8763888886363637 0.596875 0.8708333329545455 0.59296875 0.8708333329545455 0.58984375 0.8777777772727272 0.58984375 0.8875 0.5796875 0.9111111113636364 0.5796875 0.9180555556818181
3 0.6109375 0.9986111113636363 0.634375 0.9986111113636363 0.6375 0.9805555556818181 0.63671875 0.9361111113636363 0.63046875 0.9111111113636364 0.62421875 0.9069444443181819 0.62265625 0.9041666670454545 0.61953125 0.9319444443181819 0.61328125 0.9472222227272727 0.6140625 0.9708333329545455 0.6109375 0.9986111113636363
3 0.66875 0.9694444443181819 0.6609375 0.9472222227272727 0.65703125 0.9472222227272727 0.64453125 0.9805555556818181 0.646875 0.9986111113636363 0.6703125 0.9958333329545455 0.66875 0.9694444443181819
3 0.97890625 0.9986111113636363 0.99921875 0.9986111113636363 0.99921875 0.9472222227272727 0.99453125 0.9472222227272727 0.9921875 0.9569444443181819 0.9796875 0.9777777772727273 0.97734375 0.9875 0.97890625 0.9986111113636363
3 0.94765625 0.9694444443181819 0.94296875 0.9694444443181819 0.9359375 0.9986111113636363 0.95859375 0.9986111113636363 0.95390625 0.9763888886363636 0.94765625 0.9694444443181819
3 0.16022727272727272 0.8204545454545454 0.16477272727272727 0.8238636363636364 0.16590909090909092 0.8329545454545455 0.17386363636363636 0.8454545454545455 0.17386363636363636 0.8511363636363637 0.1784090909090909 0.8602272727272727 0.17613636363636365 0.8670454545454546 0.16818181818181818 0.8636363636363636 0.16136363636363638 0.8636363636363636 0.16022727272727272 0.8590909090909091 0.15454545454545454 0.8568181818181818 0.14772727272727273 0.8454545454545455 0.14772727272727273 0.8363636363636363 0.15227272727272728 0.8318181818181818 0.15568181818181817 0.8227272727272728 0.1590909090909091 0.8204545454545454
3 0.13977272727272727 0.9840909090909091 0.14886363636363636 0.9863636363636363 0.15113636363636362 0.9829545454545454 0.15454545454545454 0.9829545454545454 0.16363636363636364 0.9988636363636364 0.13863636363636364 0.9988636363636364 0.13636363636363635 0.9954545454545455 0.13636363636363635 0.9852272727272727 0.13863636363636364 0.9840909090909091
3 0.2897727272727273 0.6534090909090909 0.2943181818181818 0.6590909090909091 0.29545454545454547 0.6693181818181818 0.2988636363636364 0.6715909090909091 0.2988636363636364 0.6761363636363636 0.30227272727272725 0.6795454545454546 0.30227272727272725 0.6909090909090909 0.29659090909090907 0.7011363636363637 0.2909090909090909 0.7 0.28863636363636364 0.6909090909090909 0.2806818181818182 0.6829545454545455 0.27954545454545454 0.6772727272727272 0.28295454545454546 0.6545454545454545 0.28863636363636364 0.6534090909090909
3 0.8102272727272727 0.6806818181818182 0.8181818181818182 0.6806818181818182 0.821590909090909 0.6840909090909091 0.8238636363636364 0.7011363636363637 0.8272727272727273 0.7056818181818182 0.8295454545454546 0.7238636363636364 0.8318181818181818 0.7272727272727273 0.8318181818181818 0.7397727272727272 0.8284090909090909 0.7443181818181818 0.8272727272727273 0.7375 0.8159090909090909 0.7215909090909091 0.8102272727272727 0.7215909090909091 0.8068181818181818 0.7318181818181818 0.803409090909091 0.7318181818181818 0.803409090909091 0.7204545454545455 0.8102272727272727 0.7034090909090909 0.8079545454545455 0.6920454545454545 0.8079545454545455 0.6840909090909091 0.8102272727272727 0.6818181818181818
3 0.6909090909090909 0.5454545454545454 0.696590909090909 0.5465909090909091 0.7068181818181818 0.5704545454545454 0.7068181818181818 0.5943181818181819 0.7045454545454546 0.6011363636363637 0.7 0.6 0.6852272727272727 0.5625 0.6852272727272727 0.5545454545454546 0.6909090909090909 0.5465909090909091
3 0.5227272727272727 0.49318181818181817 0.5295454545454545 0.49318181818181817 0.5340909090909091 0.49772727272727274 0.5363636363636364 0.5045454545454545 0.5363636363636364 0.5227272727272727 0.5352272727272728 0.5261363636363636 0.5295454545454545 0.5295454545454545 0.525 0.5102272727272728 0.5227272727272727 0.5079545454545454 0.5227272727272727 0.4943181818181818
3 0.1409090909090909 0.8715909090909091 0.14772727272727273 0.8863636363636364 0.14886363636363636 0.8943181818181818 0.15681818181818183 0.9090909090909091 0.15681818181818183 0.9227272727272727 0.15227272727272728 0.9318181818181818 0.14772727272727273 0.9318181818181818 0.13863636363636364 0.9261363636363636 0.13522727272727272 0.9147727272727273 0.12840909090909092 0.9068181818181819 0.11931818181818182 0.8863636363636364 0.11931818181818182 0.884090909090909 0.12272727272727273 0.8852272727272728 0.125 0.8806818181818182 0.12954545454545455 0.8795454545454545 0.13636363636363635 0.8715909090909091 0.13977272727272727 0.8715909090909091
3 0.553409090909091 0.4602272727272727 0.55 0.45 0.553409090909091 0.4465909090909091 0.5568181818181818 0.43636363636363634 0.5647727272727273 0.44545454545454544 0.5647727272727273 0.45795454545454545 0.5613636363636364 0.4693181818181818 0.5545454545454546 0.4602272727272727
3 0.740909090909091 0.6863636363636364 0.7477272727272727 0.6954545454545454 0.75 0.6931818181818182 0.7556818181818182 0.6931818181818182 0.759090909090909 0.696590909090909 0.7625 0.7125 0.7625 0.7420454545454546 0.7613636363636364 0.7465909090909091 0.7579545454545454 0.7454545454545455 0.7534090909090909 0.7352272727272727 0.7329545454545454 0.7147727272727272 0.7340909090909091 0.696590909090909 0.740909090909091 0.6875
3 0.615909090909091 0.9602272727272727 0.6318181818181818 0.9625 0.6329545454545454 0.9659090909090909 0.6318181818181818 0.9772727272727273 0.625 0.9931818181818182 0.625 0.9988636363636364 0.6113636363636363 0.9988636363636364 0.6102272727272727 0.9920454545454546 0.6125 0.9727272727272728 0.6147727272727272 0.9704545454545455 0.615909090909091 0.9613636363636363
3 0.6375 0.6045454545454545 0.6420454545454546 0.6090909090909091 0.6420454545454546 0.6136363636363636 0.6443181818181818 0.615909090909091 0.6443181818181818 0.6420454545454546 0.6420454545454546 0.6465909090909091 0.6329545454545454 0.6443181818181818 0.6261363636363636 0.6318181818181818 0.6261363636363636 0.6170454545454546 0.6363636363636364 0.6056818181818182
3 0.5602272727272727 0.6795454545454546 0.5647727272727273 0.6829545454545455 0.5636363636363636 0.7193181818181819 0.5579545454545455 0.7204545454545455 0.553409090909091 0.7136363636363636 0.55 0.6920454545454545 0.5602272727272727 0.6806818181818182
3 0.7056818181818182 0.6920454545454545 0.7113636363636363 0.6875 0.7125 0.6795454545454546 0.7147727272727272 0.6772727272727272 0.7193181818181819 0.678409090909091 0.7181818181818181 0.7136363636363636 0.7079545454545455 0.7193181818181819 0.7022727272727273 0.7261363636363637 0.7022727272727273 0.7090909090909091 0.7056818181818182 0.6931818181818182
3 0.5784090909090909 0.5272727272727272 0.5818181818181818 0.5272727272727272 0.5897727272727272 0.5590909090909091 0.5886363636363636 0.571590909090909 0.5852272727272727 0.575 0.5806818181818182 0.5704545454545454 0.5738636363636364 0.5477272727272727 0.575 0.5329545454545455 0.5784090909090909 0.5284090909090909
3 0.14772727272727273 0.8431818181818181 0.15568181818181817 0.8545454545454545 0.16136363636363638 0.8534090909090909 0.16477272727272727 0.8556818181818182 0.16477272727272727 0.8704545454545455 0.1715909090909091 0.8875 0.17045454545454544 0.9068181818181819 0.16704545454545455 0.9102272727272728 0.15568181818181817 0.9079545454545455 0.14545454545454545 0.8795454545454545 0.1409090909090909 0.8727272727272727 0.1431818181818182 0.8522727272727273 0.14772727272727273 0.8443181818181819
3 0.9806818181818182 0.9784090909090909 0.9863636363636363 0.9852272727272727 0.9863636363636363 0.9920454545454546 0.9920454545454546 0.9931818181818182 0.9954545454545455 0.9977272727272727 0.9704545454545455 0.9988636363636364 0.9704545454545455 0.9875 0.9761363636363637 0.9852272727272727 0.9806818181818182 0.9795454545454545
3 0.6954545454545454 0.6613636363636364 0.6954545454545454 0.6829545454545455 0.7 0.6920454545454545 0.7079545454545455 0.6886363636363636 0.7079545454545455 0.6863636363636364 0.7125 0.6829545454545455 0.7125 0.678409090909091 0.7193181818181819 0.678409090909091 0.7181818181818181 0.7136363636363636 0.7102272727272727 0.7170454545454545 0.696590909090909 0.7318181818181818 0.6931818181818182 0.7056818181818182 0.6886363636363636 0.7 0.6852272727272727 0.6875 0.6852272727272727 0.6715909090909091 0.6954545454545454 0.6625
3 0.8329545454545455 0.8181818181818182 0.8386363636363636 0.8181818181818182 0.8420454545454545 0.8272727272727273 0.8431818181818181 0.8465909090909091 0.8420454545454545 0.8568181818181818 0.8386363636363636 0.8613636363636363 0.8261363636363637 0.8602272727272727 0.8204545454545454 0.8568181818181818 0.8079545454545455 0.8261363636363637 0.8079545454545455 0.8113636363636364 0.8102272727272727 0.8090909090909091 0.8125 0.8102272727272727 0.8204545454545454 0.8329545454545455 0.8272727272727273 0.8284090909090909 0.8284090909090909 0.821590909090909 0.8329545454545455 0.8193181818181818
3 0.5284090909090909 0.425 0.5329545454545455 0.425 0.5386363636363637 0.43522727272727274 0.5375 0.44431818181818183 0.5284090909090909 0.44431818181818183 0.525 0.43863636363636366 0.5284090909090909 0.42613636363636365
3 0 0.9659090909090909 0.00909090909090909 0.9647727272727272 0.014772727272727272 0.9681818181818181 0.017045454545454544 0.9715909090909091 0.019318181818181818 0.9897727272727272 0.022727272727272728 0.9931818181818182 0.02159090909090909 0.9965909090909091 0.0125 0.9988636363636364 0.00909090909090909 0.9965909090909091 0 0.9965909090909091 0 0.9670454545454545
3 0.7909090909090909 0.6647727272727273 0.7943181818181818 0.6704545454545454 0.803409090909091 0.6704545454545454 0.8056818181818182 0.675 0.8090909090909091 0.678409090909091 0.8147727272727273 0.6795454545454546 0.8159090909090909 0.6829545454545455 0.8147727272727273 0.6909090909090909 0.8090909090909091 0.7022727272727273 0.8068181818181818 0.7204545454545455 0.803409090909091 0.7215909090909091 0.7909090909090909 0.7079545454545455 0.7875 0.7 0.7875 0.6863636363636364 0.7920454545454545 0.6761363636363636 0.7909090909090909 0.6659090909090909
3 0.19886363636363635 0.3409090909090909 0.2034090909090909 0.3488636363636364 0.2034090909090909 0.36704545454545456 0.20113636363636364 0.3704545454545455 0.19090909090909092 0.3715909090909091 0.1875 0.3693181818181818 0.1875 0.3409090909090909 0.18977272727272726 0.3386363636363636 0.19545454545454546 0.3386363636363636 0.19772727272727272 0.3409090909090909
3 0.03636363636363636 0.95 0.04318181818181818 0.946590909090909 0.048863636363636366 0.9488636363636364 0.060227272727272727 0.9784090909090909 0.060227272727272727 0.9954545454545455 0.05454545454545454 0.9988636363636364 0.03409090909090909 0.9988636363636364 0.029545454545454545 0.9954545454545455 0.022727272727272728 0.9943181818181818 0.019318181818181818 0.9704545454545455 0.023863636363636365 0.9625 0.03295454545454545 0.9522727272727273 0.03636363636363636 0.9511363636363637
3 0.11363636363636363 0.8477272727272728 0.11477272727272728 0.8670454545454546 0.1125 0.8704545454545455 0.10568181818181818 0.8704545454545455 0.09886363636363636 0.8602272727272727 0.09545454545454546 0.8579545454545454 0.09090909090909091 0.8590909090909091 0.08977272727272727 0.8534090909090909 0.09090909090909091 0.8420454545454545 0.09545454545454546 0.8386363636363636 0.1 0.8295454545454546 0.10454545454545454 0.8306818181818182 0.1125 0.8477272727272728
3 0.5079545454545454 0.4556818181818182 0.5147727272727273 0.4590909090909091 0.5170454545454546 0.47045454545454546 0.5193181818181818 0.4727272727272727 0.5159090909090909 0.48409090909090907 0.5079545454545454 0.47954545454545455 0.5056818181818182 0.46704545454545454 0.5056818181818182 0.4602272727272727 0.5079545454545454 0.45681818181818185
3 0.35909090909090907 0.5056818181818182 0.36477272727272725 0.5113636363636364 0.3659090909090909 0.5238636363636363 0.36477272727272725 0.55 0.36022727272727273 0.5511363636363636 0.35568181818181815 0.5340909090909091 0.35454545454545455 0.5159090909090909 0.35568181818181815 0.5079545454545454 0.35909090909090907 0.5068181818181818
3 0.32272727272727275 0.6306818181818182 0.3261363636363636 0.6306818181818182 0.32954545454545453 0.6352272727272728 0.3340909090909091 0.6534090909090909 0.33181818181818185 0.6670454545454545 0.32727272727272727 0.6727272727272727 0.32727272727272727 0.6761363636363636 0.32386363636363635 0.6818181818181818 0.3181818181818182 0.6829545454545455 0.3181818181818182 0.6795454545454546 0.32272727272727275 0.678409090909091 0.3261363636363636 0.6704545454545454 0.3261363636363636 0.6659090909090909 0.32272727272727275 0.6625 0.3159090909090909 0.6443181818181818 0.3159090909090909 0.6397727272727273 0.32272727272727275 0.6318181818181818
3 0.65 0.5181818181818182 0.6568181818181819 0.5284090909090909 0.6568181818181819 0.5397727272727273 0.6443181818181818 0.5397727272727273 0.6454545454545455 0.525 0.65 0.5193181818181818
3 0.9784090909090909 0.85 0.9818181818181818 0.8488636363636364 0.9875 0.8522727272727273 0.9897727272727272 0.8556818181818182 0.9897727272727272 0.8636363636363636 0.9943181818181818 0.8681818181818182 0.9965909090909091 0.8772727272727273 0.9977272727272727 0.9113636363636364 0.9965909090909091 0.9193181818181818 0.9931818181818182 0.9227272727272727 0.9886363636363636 0.9215909090909091 0.9829545454545454 0.9125 0.9556818181818182 0.8886363636363637 0.9477272727272728 0.8670454545454546 0.9477272727272728 0.8602272727272727 0.9556818181818182 0.8397727272727272 0.9590909090909091 0.8454545454545455 0.9590909090909091 0.8545454545454545 0.9636363636363636 0.8647727272727272 0.9715909090909091 0.865909090909091 0.9727272727272728 0.8590909090909091 0.9784090909090909 0.8511363636363637
3 0.15113636363636362 0.8465909090909091 0.15454545454545454 0.8556818181818182 0.16136363636363638 0.8534090909090909 0.16477272727272727 0.8556818181818182 0.16477272727272727 0.8715909090909091 0.1693181818181818 0.8795454545454545 0.1715909090909091 0.8897727272727273 0.1715909090909091 0.9045454545454545 0.16704545454545455 0.9102272727272728 0.15568181818181817 0.9113636363636364 0.15454545454545454 0.928409090909091 0.15227272727272728 0.9295454545454546 0.14659090909090908 0.9295454545454546 0.14204545454545456 0.9261363636363636 0.13636363636363635 0.9125 0.13068181818181818 0.9079545454545455 0.1215909090909091 0.8863636363636364 0.13068181818181818 0.8829545454545454 0.1409090909090909 0.8556818181818182 0.14545454545454545 0.8477272727272728 0.14772727272727273 0.8454545454545455 0.15 0.8465909090909091
3 0.5795454545454546 0.45454545454545453 0.5818181818181818 0.45795454545454545 0.5818181818181818 0.47954545454545455 0.5795454545454546 0.48295454545454547 0.5784090909090909 0.4943181818181818 0.575 0.49772727272727274 0.5704545454545454 0.4943181818181818 0.5704545454545454 0.4909090909090909 0.5647727272727273 0.48295454545454547 0.5636363636363636 0.46704545454545454 0.5647727272727273 0.4647727272727273 0.5681818181818182 0.47045454545454546 0.5704545454545454 0.4625 0.575 0.4556818181818182 0.5784090909090909 0.45454545454545453
3 0.7613636363636364 0.6306818181818182 0.7647727272727273 0.634090909090909 0.7670454545454546 0.6431818181818182 0.7670454545454546 0.6727272727272727 0.7659090909090909 0.675 0.7625 0.675 0.7613636363636364 0.6681818181818182 0.7522727272727273 0.6647727272727273 0.7477272727272727 0.6579545454545455 0.7477272727272727 0.6431818181818182 0.75 0.6363636363636364 0.7568181818181818 0.6352272727272728 0.7613636363636364 0.6318181818181818
3 0.014772727272727272 0.8784090909090909 0.019318181818181818 0.8988636363636363 0.019318181818181818 0.9102272727272728 0.017045454545454544 0.9136363636363637 0.013636363636363636 0.9136363636363637 0.0125 0.9113636363636364 0.003409090909090909 0.9113636363636364 0.003409090909090909 0.9045454545454545 0 0.9022727272727272 0.005681818181818182 0.8806818181818182 0.007954545454545454 0.8784090909090909 0.013636363636363636 0.8784090909090909
3 0.8363636363636363 0.8181818181818182 0.8386363636363636 0.8181818181818182 0.8420454545454545 0.8284090909090909 0.8420454545454545 0.8568181818181818 0.8397727272727272 0.8602272727272727 0.8363636363636363 0.8613636363636363 0.8306818181818182 0.8590909090909091 0.8306818181818182 0.8556818181818182 0.821590909090909 0.8465909090909091 0.8181818181818182 0.8386363636363636 0.8272727272727273 0.8318181818181818 0.8306818181818182 0.8227272727272728 0.8363636363636363 0.8193181818181818
3 0.18409090909090908 0.8170454545454545 0.19204545454545455 0.8102272727272727 0.2034090909090909 0.8306818181818182 0.20681818181818182 0.8454545454545455 0.20681818181818182 0.8670454545454546 0.20454545454545456 0.8704545454545455 0.19772727272727272 0.8704545454545455 0.19090909090909092 0.865909090909091 0.175 0.865909090909091 0.17045454545454544 0.8636363636363636 0.16477272727272727 0.8556818181818182 0.15795454545454546 0.8511363636363637 0.15568181818181817 0.8443181818181819 0.15568181818181817 0.8284090909090909 0.1590909090909091 0.8181818181818182 0.16477272727272727 0.8227272727272728 0.16704545454545455 0.8318181818181818 0.17727272727272728 0.8488636363636364 0.17727272727272728 0.8534090909090909 0.1806818181818182 0.8545454545454545 0.18295454545454545 0.8522727272727273 0.18409090909090908 0.8181818181818182
3 0.5431818181818182 0.425 0.5522727272727272 0.4420454545454545 0.5511363636363636 0.45340909090909093 0.5386363636363637 0.44431818181818183 0.5375 0.43636363636363634 0.5431818181818182 0.42613636363636365
3 0.07386363636363637 0.8090909090909091 0.07840909090909091 0.8113636363636364 0.07840909090909091 0.8147727272727273 0.07386363636363637 0.8227272727272728 0.07386363636363637 0.8352272727272727 0.06818181818181818 0.8420454545454545 0.07045454545454545 0.8454545454545455 0.07613636363636364 0.8431818181818181 0.07727272727272727 0.8465909090909091 0.06818181818181818 0.8579545454545454 0.0659090909090909 0.8579545454545454 0.06363636363636363 0.8534090909090909 0.0625 0.8454545454545455 0.0659090909090909 0.8397727272727272 0.06136363636363636 0.8352272727272727 0.05909090909090909 0.825 0.0659090909090909 0.8113636363636364 0.07045454545454545 0.8079545454545455 0.07272727272727272 0.8090909090909091
3 0.09772727272727273 0.775 0.10227272727272728 0.7806818181818181 0.10454545454545454 0.7897727272727273 0.10454545454545454 0.8136363636363636 0.10227272727272728 0.8159090909090909 0.09431818181818181 0.8170454545454545 0.09204545454545454 0.8056818181818182 0.0875 0.8011363636363636 0.0875 0.7897727272727273 0.09090909090909091 0.7806818181818181 0.09772727272727273 0.7761363636363636
3 0.5386363636363637 0.5181818181818182 0.5465909090909091 0.5181818181818182 0.5511363636363636 0.525 0.5477272727272727 0.5318181818181819 0.5363636363636364 0.5397727272727273 0.5329545454545455 0.5397727272727273 0.5352272727272728 0.525 0.5386363636363637 0.5193181818181818
3 0.0625 0.8625 0.06931818181818182 0.8602272727272727 0.07840909090909091 0.8488636363636364 0.08181818181818182 0.8488636363636364 0.08977272727272727 0.8772727272727273 0.07954545454545454 0.9090909090909091 0.07727272727272727 0.9113636363636364 0.06818181818181818 0.9102272727272728 0.06477272727272727 0.9079545454545455 0.060227272727272727 0.8988636363636363 0.05568181818181818 0.8761363636363636 0.05568181818181818 0.8670454545454546 0.0625 0.8636363636363636
3 0.1965909090909091 0.8181818181818182 0.20227272727272727 0.8272727272727273 0.20454545454545456 0.8397727272727272 0.20681818181818182 0.8420454545454545 0.20795454545454545 0.8590909090909091 0.20454545454545456 0.8704545454545455 0.19772727272727272 0.8704545454545455 0.19090909090909092 0.865909090909091 0.18636363636363637 0.8522727272727273 0.18522727272727274 0.8170454545454545 0.1875 0.8125 0.19204545454545455 0.8102272727272727 0.19545454545454546 0.8181818181818182
3 0.4954545454545455 0.4556818181818182 0.5022727272727273 0.4556818181818182 0.5068181818181818 0.46704545454545454 0.5068181818181818 0.47613636363636364 0.5011363636363636 0.47954545454545455 0.4965909090909091 0.47954545454545455 0.4943181818181818 0.4772727272727273 0.49318181818181817 0.46704545454545454 0.49318181818181817 0.4590909090909091 0.4954545454545455 0.45681818181818185
3 0.1159090909090909 0.8852272727272728 0.1215909090909091 0.8920454545454546 0.13636363636363635 0.9329545454545455 0.13636363636363635 0.946590909090909 0.1340909090909091 0.9511363636363637 0.13068181818181818 0.9488636363636364 0.12045454545454545 0.9511363636363637 0.1125 0.9397727272727273 0.1125 0.9147727272727273 0.10795454545454546 0.9 0.10909090909090909 0.8931818181818182 0.11477272727272728 0.8886363636363637 0.11477272727272728 0.8863636363636364
3 0.6443181818181818 0.6647727272727273 0.6477272727272727 0.6704545454545454 0.6522727272727272 0.6704545454545454 0.6556818181818181 0.6659090909090909 0.6590909090909091 0.6670454545454545 0.6613636363636364 0.6761363636363636 0.6602272727272728 0.6818181818181818 0.6636363636363637 0.6909090909090909 0.6613636363636364 0.6988636363636364 0.6602272727272728 0.7261363636363637 0.6568181818181819 0.7261363636363637 0.6534090909090909 0.7170454545454545 0.6375 0.7 0.6375 0.6840909090909091 0.6409090909090909 0.675 0.6409090909090909 0.6681818181818182 0.6431818181818182 0.6659090909090909
3 0.5852272727272727 0.9227272727272727 0.5954545454545455 0.9306818181818182 0.6034090909090909 0.9227272727272727 0.6045454545454545 0.9159090909090909 0.6079545454545454 0.9159090909090909 0.6068181818181818 0.9511363636363637 0.6045454545454545 0.9534090909090909 0.6022727272727273 0.9659090909090909 0.5988636363636364 0.9681818181818181 0.5852272727272727 0.9943181818181818 0.5806818181818182 0.9954545454545455 0.5795454545454546 0.9863636363636363 0.5795454545454546 0.9409090909090909 0.5806818181818182 0.9306818181818182 0.5840909090909091 0.9238636363636363
3 0.2681818181818182 0.6670454545454545 0.2772727272727273 0.6681818181818182 0.27954545454545454 0.6897727272727273 0.2818181818181818 0.6920454545454545 0.27954545454545454 0.6977272727272728 0.2784090909090909 0.6886363636363636 0.2761363636363636 0.6875 0.27045454545454545 0.6931818181818182 0.26704545454545453 0.7022727272727273 0.26590909090909093 0.7193181818181819 0.2590909090909091 0.7227272727272728 0.2556818181818182 0.7204545454545455 0.2556818181818182 0.6931818181818182 0.26022727272727275 0.6852272727272727 0.26022727272727275 0.6795454545454546 0.2681818181818182 0.6681818181818182
3 0.8318181818181818 0.7545454545454545 0.8318181818181818 0.7568181818181818 0.8375 0.7613636363636364 0.8420454545454545 0.7602272727272728 0.8454545454545455 0.7545454545454545 0.8477272727272728 0.7556818181818182 0.8545454545454545 0.7727272727272727 0.8556818181818182 0.7965909090909091 0.8545454545454545 0.8159090909090909 0.8522727272727273 0.8193181818181818 0.8488636363636364 0.8193181818181818 0.8443181818181819 0.8147727272727273 0.8284090909090909 0.7693181818181818 0.8318181818181818 0.7556818181818182
3 0.8238636363636364 0.7181818181818181 0.8318181818181818 0.7272727272727273 0.8295454545454546 0.7568181818181818 0.825 0.759090909090909 0.825 0.740909090909091 0.8204545454545454 0.7340909090909091 0.8193181818181818 0.7272727272727273 0.8204545454545454 0.7215909090909091 0.8238636363636364 0.7193181818181819
3 0.9022727272727272 0.8056818181818182 0.9159090909090909 0.8045454545454546 0.9215909090909091 0.8181818181818182 0.9181818181818182 0.8590909090909091 0.9136363636363637 0.8636363636363636 0.9079545454545455 0.8647727272727272 0.9045454545454545 0.8590909090909091 0.9034090909090909 0.8352272727272727 0.9 0.8318181818181818 0.8977272727272727 0.8147727272727273 0.8977272727272727 0.8079545454545455 0.9022727272727272 0.8068181818181818
3 0.32840909090909093 0.38636363636363635 0.32954545454545453 0.4011363636363636 0.32727272727272727 0.4034090909090909 0.32272727272727275 0.4022727272727273 0.32272727272727275 0.3875 0.32727272727272727 0.38636363636363635
3 0.8 0.75 0.803409090909091 0.7556818181818182 0.8045454545454546 0.7659090909090909 0.8102272727272727 0.775 0.8068181818181818 0.7863636363636364 0.8102272727272727 0.7965909090909091 0.8102272727272727 0.8068181818181818 0.8079545454545455 0.8079545454545455 0.7965909090909091 0.7943181818181818 0.7931818181818182 0.7863636363636364 0.7931818181818182 0.7659090909090909 0.8 0.7511363636363636
3 0.03977272727272727 0.8875 0.04318181818181818 0.8909090909090909 0.05113636363636364 0.8875 0.05568181818181818 0.8977272727272727 0.05568181818181818 0.9045454545454545 0.05 0.9113636363636364 0.05454545454545454 0.9204545454545454 0.05227272727272727 0.9340909090909091 0.04659090909090909 0.9397727272727273 0.03636363636363636 0.9420454545454545 0.03295454545454545 0.9409090909090909 0.03068181818181818 0.9352272727272727 0.03295454545454545 0.8965909090909091 0.03977272727272727 0.8886363636363637
3 0.2875 0.6534090909090909 0.2943181818181818 0.6602272727272728 0.2943181818181818 0.6693181818181818 0.30113636363636365 0.6840909090909091 0.30113636363636365 0.6943181818181818 0.29659090909090907 0.7011363636363637 0.2909090909090909 0.7 0.2875 0.6897727272727273 0.28295454545454546 0.6875 0.2784090909090909 0.6795454545454546 0.28295454545454546 0.6545454545454545 0.2863636363636364 0.6534090909090909
3 0.3181818181818182 0.3534090909090909 0.32045454545454544 0.3613636363636364 0.31931818181818183 0.38181818181818183 0.31363636363636366 0.38181818181818183 0.3125 0.3704545454545455 0.3125 0.3613636363636364 0.3170454545454545 0.35454545454545455
3 0.6681818181818182 0.6204545454545455 0.6715909090909091 0.634090909090909 0.675 0.6386363636363637 0.6795454545454546 0.6363636363636364 0.6863636363636364 0.6477272727272727 0.6863636363636364 0.6636363636363637 0.6829545454545455 0.6761363636363636 0.6715909090909091 0.6761363636363636 0.6693181818181818 0.6727272727272727 0.6613636363636364 0.6693181818181818 0.6602272727272728 0.6386363636363637 0.6625 0.6295454545454545 0.6681818181818182 0.6215909090909091
3 0.05 0.8147727272727273 0.056818181818181816 0.8238636363636364 0.0625 0.8193181818181818 0.0625 0.8159090909090909 0.06704545454545455 0.8102272727272727 0.07272727272727272 0.8090909090909091 0.07727272727272727 0.8113636363636364 0.07386363636363637 0.8204545454545454 0.07272727272727272 0.8363636363636363 0.06931818181818182 0.8397727272727272 0.0715909090909091 0.8454545454545455 0.07386363636363637 0.8409090909090909 0.07613636363636364 0.8420454545454545 0.07727272727272727 0.8477272727272728 0.06818181818181818 0.8602272727272727 0.05795454545454545 0.8590909090909091 0.05454545454545454 0.8636363636363636 0.053409090909090906 0.8488636363636364 0.05113636363636364 0.8454545454545455 0.053409090909090906 0.8397727272727272 0.053409090909090906 0.8204545454545454 0.05 0.8193181818181818 0.05 0.8159090909090909
3 0.7988636363636363 0.75 0.8011363636363636 0.75 0.8045454545454546 0.7636363636363637 0.8079545454545455 0.7670454545454546 0.8181818181818182 0.7715909090909091 0.8238636363636364 0.7704545454545455 0.8238636363636364 0.7738636363636363 0.8204545454545454 0.7738636363636363 0.8170454545454545 0.7772727272727272 0.8170454545454545 0.7909090909090909 0.8113636363636364 0.8090909090909091 0.8079545454545455 0.8090909090909091 0.7977272727272727 0.7965909090909091 0.7931818181818182 0.7852272727272728 0.7931818181818182 0.7659090909090909 0.7988636363636363 0.7511363636363636
3 0.2875 0.6545454545454545 0.29318181818181815 0.6613636363636364 0.2943181818181818 0.6715909090909091 0.30113636363636365 0.6840909090909091 0.30113636363636365 0.6943181818181818 0.2863636363636364 0.7102272727272727 0.2806818181818182 0.7113636363636363 0.2784090909090909 0.7022727272727273 0.27954545454545454 0.6897727272727273 0.2784090909090909 0.6863636363636364 0.275 0.6852272727272727 0.26704545454545453 0.7011363636363637 0.26477272727272727 0.7170454545454545 0.26136363636363635 0.7147727272727272 0.2556818181818182 0.7159090909090909 0.25795454545454544 0.6920454545454545 0.2625 0.6875 0.26590909090909093 0.6738636363636363 0.275 0.6704545454545454 0.2806818181818182 0.6625 0.2818181818181818 0.6556818181818181 0.2863636363636364 0.6545454545454545
3 0.1159090909090909 0.7897727272727273 0.12954545454545455 0.7909090909090909 0.12954545454545455 0.7954545454545454 0.1340909090909091 0.8 0.1340909090909091 0.8068181818181818 0.12727272727272726 0.8113636363636364 0.12386363636363637 0.8204545454545454 0.12272727272727273 0.8284090909090909 0.12727272727272726 0.8295454545454546 0.12727272727272726 0.8329545454545455 0.12272727272727273 0.8363636363636363 0.1215909090909091 0.8454545454545455 0.1125 0.8488636363636364 0.10795454545454546 0.8363636363636363 0.10113636363636364 0.8272727272727273 0.10113636363636364 0.8170454545454545 0.11022727272727273 0.7977272727272727 0.11136363636363636 0.8011363636363636 0.10909090909090909 0.803409090909091 0.10909090909090909 0.8079545454545455 0.1125 0.8125 0.11931818181818182 0.8125 0.125 0.8079545454545455 0.12272727272727273 0.8 0.1159090909090909 0.7954545454545454 0.1159090909090909 0.7909090909090909
3 0.3431818181818182 0.6738636363636363 0.3488636363636364 0.6738636363636363 0.35 0.6772727272727272 0.35454545454545455 0.7113636363636363 0.35454545454545455 0.7170454545454545 0.3488636363636364 0.7295454545454545 0.34545454545454546 0.7295454545454545 0.3409090909090909 0.7204545454545455 0.3409090909090909 0.6772727272727272 0.3431818181818182 0.675
3 0.13295454545454546 0.8056818181818182 0.13295454545454546 0.8102272727272727 0.12727272727272726 0.8147727272727273 0.12954545454545455 0.8295454545454546 0.12386363636363637 0.8443181818181819 0.12045454545454545 0.8477272727272728 0.1159090909090909 0.8477272727272728 0.1125 0.8443181818181819 0.11818181818181818 0.8181818181818182 0.13295454545454546 0.8068181818181818
3 0.3170454545454545 0.6420454545454546 0.31931818181818183 0.6477272727272727 0.32386363636363635 0.6488636363636363 0.32727272727272727 0.6602272727272728 0.32727272727272727 0.6761363636363636 0.3215909090909091 0.6840909090909091 0.3159090909090909 0.6829545454545455 0.31136363636363634 0.678409090909091 0.3 0.6795454545454546 0.3 0.6534090909090909 0.30568181818181817 0.6431818181818182 0.3159090909090909 0.6420454545454546
3 0.04659090909090909 0.7772727272727272 0.05 0.7852272727272728 0.05 0.7954545454545454 0.04659090909090909 0.803409090909091 0.04659090909090909 0.8102272727272727 0.05113636363636364 0.8238636363636364 0.05 0.8318181818181818 0.048863636363636366 0.8295454545454546 0.03977272727272727 0.8295454545454546 0.03636363636363636 0.8261363636363637 0.03068181818181818 0.8136363636363636 0.03068181818181818 0.803409090909091 0.028409090909090908 0.8011363636363636 0.03068181818181818 0.7954545454545454 0.03068181818181818 0.7852272727272728 0.0375 0.7795454545454545 0.045454545454545456 0.7784090909090909
3 0.7193181818181819 0.6022727272727273 0.7238636363636364 0.5965909090909091 0.7284090909090909 0.5988636363636364 0.7306818181818182 0.6045454545454545 0.7352272727272727 0.6204545454545455 0.7386363636363636 0.6511363636363636 0.7386363636363636 0.6659090909090909 0.7363636363636363 0.6693181818181818 0.7329545454545454 0.6693181818181818 0.7272727272727273 0.6636363636363637 0.7227272727272728 0.6625 0.7204545454545455 0.6590909090909091 0.7204545454545455 0.6420454545454546 0.7181818181818181 0.6329545454545454 0.7181818181818181 0.6102272727272727 0.7227272727272728 0.6068181818181818 0.7204545454545455 0.6034090909090909
3 0.8681818181818182 0.8431818181818181 0.8727272727272727 0.8431818181818181 0.8761363636363636 0.8590909090909091 0.8806818181818182 0.8647727272727272 0.8852272727272728 0.8590909090909091 0.8852272727272728 0.8522727272727273 0.8875 0.8488636363636364 0.9011363636363636 0.85 0.9034090909090909 0.8636363636363636 0.8897727272727273 0.8670454545454546 0.8863636363636364 0.8761363636363636 0.8886363636363637 0.8784090909090909 0.8988636363636363 0.8784090909090909 0.8988636363636363 0.8863636363636364 0.9045454545454545 0.8977272727272727 0.9045454545454545 0.9147727272727273 0.9 0.9215909090909091 0.8852272727272728 0.9 0.8727272727272727 0.8897727272727273 0.875 0.8681818181818182 0.8681818181818182 0.8636363636363636 0.8636363636363636 0.8568181818181818 0.8647727272727272 0.8488636363636364 0.8681818181818182 0.8443181818181819
3 0.32045454545454544 0.7181818181818181 0.32840909090909093 0.7181818181818181 0.33181818181818185 0.7284090909090909 0.33181818181818185 0.7397727272727272 0.3340909090909091 0.7431818181818182 0.3340909090909091 0.7659090909090909 0.32954545454545453 0.7693181818181818 0.3261363636363636 0.7693181818181818 0.32386363636363635 0.7659090909090909 0.32045454545454544 0.7511363636363636 0.32045454545454544 0.7295454545454545 0.3181818181818182 0.7272727272727273 0.3181818181818182 0.7204545454545455 0.32045454545454544 0.7193181818181819
3 0.5625 0.5375 0.5579545454545455 0.5329545454545455 0.5590909090909091 0.5170454545454546 0.5670454545454545 0.5170454545454546 0.5693181818181818 0.5215909090909091 0.571590909090909 0.5397727272727273 0.5681818181818182 0.5409090909090909 0.5636363636363636 0.5375
3 0.3301136363636364 0.3028409090909091 0.010227272727272727 0.016477272727272726
3 0.7147727272727272 0.571590909090909 0.7215909090909091 0.5852272727272727 0.7215909090909091 0.5897727272727272 0.7272727272727273 0.5977272727272728 0.7272727272727273 0.6011363636363637 0.7215909090909091 0.6079545454545454 0.7193181818181819 0.625 0.7147727272727272 0.6284090909090909 0.7068181818181818 0.6261363636363636 0.7056818181818182 0.615909090909091 0.7056818181818182 0.5965909090909091 0.7090909090909091 0.5852272727272727 0.7079545454545455 0.5761363636363637 0.7136363636363636 0.571590909090909
3 0.05568181818181818 0.7681818181818182 0.06136363636363636 0.7727272727272727 0.06136363636363636 0.7772727272727272 0.06477272727272727 0.7795454545454545 0.06477272727272727 0.7920454545454545 0.060227272727272727 0.7840909090909091 0.05909090909090909 0.7965909090909091 0.053409090909090906 0.7943181818181818 0.04659090909090909 0.8068181818181818 0.04318181818181818 0.7965909090909091 0.04772727272727273 0.7886363636363637 0.04772727272727273 0.775 0.05 0.7715909090909091 0.05568181818181818 0.7693181818181818
3 0.5738636363636364 0.4556818181818182 0.5772727272727273 0.4556818181818182 0.5784090909090909 0.45795454545454545 0.5772727272727273 0.4693181818181818 0.5738636363636364 0.4727272727272727 0.5727272727272728 0.4784090909090909 0.575 0.4954545454545455 0.5727272727272728 0.4965909090909091 0.5681818181818182 0.4943181818181818 0.5602272727272727 0.47613636363636364 0.5613636363636364 0.4625 0.5693181818181818 0.46136363636363636 0.5738636363636364 0.45681818181818185
3 0.5602272727272727 0.48068181818181815 0.5647727272727273 0.4909090909090909 0.5647727272727273 0.5034090909090909 0.5670454545454545 0.5079545454545454 0.5647727272727273 0.5159090909090909 0.5579545454545455 0.5170454545454546 0.5511363636363636 0.5136363636363637 0.5431818181818182 0.5147727272727273 0.5409090909090909 0.5136363636363637 0.5375 0.5045454545454545 0.5375 0.4875 0.5397727272727273 0.48295454545454547 0.5477272727272727 0.4909090909090909 0.5545454545454546 0.4909090909090909 0.5602272727272727 0.4818181818181818
3 0.07613636363636364 0.7056818181818182 0.08181818181818182 0.7056818181818182 0.09204545454545454 0.7181818181818181 0.09431818181818181 0.7227272727272728 0.09431818181818181 0.7386363636363636 0.08977272727272727 0.7420454545454546 0.08068181818181819 0.740909090909091 0.0715909090909091 0.7454545454545455 0.06477272727272727 0.7454545454545455 0.05568181818181818 0.7522727272727273 0.05 0.7522727272727273 0.045454545454545456 0.7420454545454546 0.045454545454545456 0.7295454545454545 0.04772727272727273 0.7227272727272728 0.056818181818181816 0.7181818181818181 0.06363636363636363 0.7272727272727273 0.06818181818181818 0.7306818181818182 0.07045454545454545 0.7295454545454545 0.075 0.7238636363636364 0.07613636363636364 0.7068181818181818
3 0.6988636363636364 0.6363636363636364 0.7022727272727273 0.6363636363636364 0.7068181818181818 0.6465909090909091 0.7068181818181818 0.6625 0.7045454545454546 0.6522727272727272 0.7011363636363637 0.6534090909090909 0.6988636363636364 0.6625 0.6931818181818182 0.6625 0.6920454545454545 0.6579545454545455 0.6954545454545454 0.65 0.6954545454545454 0.6431818181818182 0.6988636363636364 0.6375
3 0.6988636363636364 0.5602272727272727 0.7034090909090909 0.5647727272727273 0.7068181818181818 0.5761363636363637 0.7068181818181818 0.5954545454545455 0.7045454545454546 0.6011363636363637 0.7 0.6011363636363637 0.6909090909090909 0.5784090909090909 0.6897727272727273 0.5636363636363636 0.6943181818181818 0.5647727272727273 0.6977272727272728 0.5613636363636364
3 0.26022727272727275 0.6261363636363636 0.26704545454545453 0.6397727272727273 0.26704545454545453 0.6659090909090909 0.26136363636363635 0.678409090909091 0.2556818181818182 0.6772727272727272 0.2545454545454545 0.675 0.25227272727272726 0.6602272727272728 0.2534090909090909 0.6522727272727272 0.25113636363636366 0.6454545454545455 0.2534090909090909 0.6295454545454545 0.2556818181818182 0.6261363636363636 0.2590909090909091 0.6261363636363636
3 0.28295454545454546 0.6590909090909091 0.2863636363636364 0.6659090909090909 0.2840909090909091 0.675 0.2818181818181818 0.6761363636363636 0.2818181818181818 0.6829545454545455 0.28863636363636364 0.6863636363636364 0.29204545454545455 0.6988636363636364 0.2897727272727273 0.7068181818181818 0.28295454545454546 0.7136363636363636 0.27954545454545454 0.7102272727272727 0.2784090909090909 0.6886363636363636 0.275 0.6875 0.26704545454545453 0.7022727272727273 0.26704545454545453 0.7159090909090909 0.26477272727272727 0.7193181818181819 0.2556818181818182 0.7193181818181819 0.2545454545454545 0.7136363636363636 0.2556818181818182 0.696590909090909 0.26590909090909093 0.6727272727272727 0.26931818181818185 0.6681818181818182 0.2772727272727273 0.6670454545454545 0.28295454545454546 0.6602272727272728
3 0.08522727272727272 0.9454545454545454 0.08977272727272727 0.95 0.09545454545454546 0.9625 0.09431818181818181 0.9761363636363637 0.1 0.9875 0.1 0.9988636363636364 0.06818181818181818 0.9988636363636364 0.06704545454545455 0.9704545454545455 0.0715909090909091 0.95 0.07840909090909091 0.9420454545454545 0.08181818181818182 0.9420454545454545 0.08409090909090909 0.9454545454545454
2 0.215625 0.7013888886363636 0.23828125 0.7041666670454545 0.2453125 0.6847222227272728 0.23046875 0.6541666670454545 0.21953125 0.6527777772727272 0.19921875 0.6388888886363636 0.1609375 0.65 0.15234375 0.6611111113636364 0.1484375 0.6736111113636364 0.15 0.7069444443181819 0.16796875 0.725 0.21328125 0.7069444443181819 0.215625 0.7013888886363636