3 0.7545454545454545 0.39034090909090907 0.06818181818181818 0.058522727272727275
2 0.42613636363636365 0.8340909090909091 0.2119318181818182 0.2431818181818182
3 0.5670454545454545 0.3744318181818182 0.06477272727272727 0.06534090909090909
2 0.90625 0.6602272727272728 0.1875 0.18181818181818182
2 0.7948863636363637 0.5028409090909091 0.15568181818181817 0.14147727272727273
3 0.1806818181818182 0.4318181818181818 0.06931818181818182 0.06136363636363636
3 0.5943181818181819 0.22443181818181818 0.029545454545454545 0.07102272727272728
3 0.8181818181818182 0.4346590909090909 0.061931818181818185 0.06363636363636363
3 0.5517045454545455 0.2278409090909091 0.02727272727272727 0.06363636363636363
3 0.48409090909090907 0.26534090909090907 0.023295454545454546 0.06931818181818182
3 0.7460227272727272 0.18806818181818183 0.025 0.05965909090909091
3 0.5193181818181818 0.23806818181818182 0.019318181818181818 0.056818181818181816
3 0.68125 0.19943181818181818 0.026704545454545453 0.05397727272727273
3 0.11193181818181819 0.09943181818181818 0.036931818181818184 0.056818181818181816
3 0.43068181818181817 0.12443181818181819 0.020454545454545454 0.056818181818181816
3 0.6238636363636364 0.45738636363636365 0.06931818181818182 0.06534090909090909
3 0.42159090909090907 0.3840909090909091 0.06079545454545455 0.06818181818181818
3 0.17386363636363636 0.3130681818181818 0.02727272727272727 0.07102272727272728
3 0.675 0.42556818181818185 0.0625 0.06818181818181818
3 0.46193181818181817 0.20738636363636365 0.019318181818181818 0.05965909090909091
3 0.6045454545454545 0.02784090909090909 0.031818181818181815 0.05568181818181818
3 0.7068181818181818 0.14772727272727273 0.01875 0.056818181818181816
2 0.3482954545454545 0.4556818181818182 0.20909090909090908 0.2556818181818182
3 0.12897727272727272 0.3153409090909091 0.01875 0.08636363636363636
2 0.16988636363636364 0.04431818181818182 0.06306818181818181 0.08068181818181819
2 0.8454545454545455 0.11306818181818182 0.12272727272727273 0.11818181818181818