5 0.515625 0.6402777772727273 0.525 0.6819444443181819 0.5359375 0.6888888886363637 0.53984375 0.6972222227272727 0.55703125 0.7013888886363636 0.5734375 0.6916666670454545 0.6625 0.7027777772727273 0.6875 0.7027777772727273 0.6953125 0.6972222227272727 0.7203125 0.7097222227272727 0.7328125 0.7027777772727273 0.7625 0.7 0.76796875 0.6916666670454545 0.77109375 0.6111111113636364 0.753125 0.5152777772727273 0.74375 0.4944444443181818 0.7171875 0.4861111113636364 0.7109375 0.46805555568181817 0.70078125 0.4638888886363636 0.69609375 0.45416666704545455 0.6984375 0.4319444443181818 0.69296875 0.4180555556818182 0.5015625 0.3944444443181818 0.48046875 0.39722222272727276 0.471875 0.40972222272727277 0.465625 0.47777777727272724 0.46171875 0.4930555556818182 0.4671875 0.6291666670454545 0.490625 0.6402777772727273 0.496875 0.6361111113636364 0.515625 0.6402777772727273
5 0 0.7833333329545455 0.01484375 0.7875 0.03359375 0.8027777772727273 0.0375 0.8125 0.04765625 0.8055555556818181 0.05703125 0.8152777772727272 0.0625 0.8083333329545455 0.1015625 0.8152777772727272 0.12734375 0.825 0.15234375 0.8527777772727273 0.17421875 0.8555555556818181 0.18828125 0.8402777772727272 0.2125 0.8361111113636364 0.22421875 0.8111111113636363 0.24140625 0.7555555556818181 0.240625 0.7347222227272727 0.23515625 0.7180555556818181 0.22890625 0.6763888886363636 0.19921875 0.6111111113636364 0.153125 0.5972222227272728 0.1296875 0.6069444443181818 0.03203125 0.5791666670454546 0.01875 0.5791666670454546 0.01640625 0.6013888886363636 0.00390625 0.6111111113636364 0.003125 0.6236111113636363 0 0.6277777772727272 0 0.7833333329545455
3 0.45681818181818185 0.09772727272727273 0.4602272727272727 0.10795454545454546 0.46136363636363636 0.13295454545454546 0.4590909090909091 0.14545454545454545 0.4556818181818182 0.14659090909090908 0.45340909090909093 0.1625 0.45 0.1590909090909091 0.4511363636363636 0.1340909090909091 0.44886363636363635 0.1159090909090909 0.4556818181818182 0.09886363636363636
3 0.37727272727272726 0.475 0.3806818181818182 0.475 0.3840909090909091 0.47954545454545455 0.38636363636363635 0.48977272727272725 0.39204545454545453 0.4965909090909091 0.39204545454545453 0.5011363636363636 0.40454545454545454 0.5113636363636364 0.4068181818181818 0.5170454545454546 0.40795454545454546 0.5318181818181819 0.40454545454545454 0.5397727272727273 0.39886363636363636 0.5443181818181818 0.39090909090909093 0.5409090909090909 0.3840909090909091 0.5329545454545455 0.37727272727272726 0.5352272727272728 0.36704545454545456 0.5340909090909091 0.36363636363636365 0.5386363636363637 0.35795454545454547 0.5397727272727273 0.3431818181818182 0.5397727272727273 0.3386363636363636 0.5375 0.3340909090909091 0.5261363636363636 0.3352272727272727 0.5034090909090909 0.33181818181818185 0.4954545454545455 0.3352272727272727 0.4863636363636364 0.3386363636363636 0.4863636363636364 0.3431818181818182 0.49204545454545456 0.3522727272727273 0.4954545454545455 0.35454545454545455 0.49772727272727274 0.35795454545454547 0.5136363636363637 0.36477272727272725 0.5238636363636363 0.36477272727272725 0.5295454545454545 0.3693181818181818 0.5329545454545455 0.3704545454545455 0.5284090909090909 0.36818181818181817 0.5227272727272727 0.375 0.4965909090909091 0.37386363636363634 0.48409090909090907 0.37727272727272726 0.47613636363636364
3 0.5034090909090909 0.04659090909090909 0.013068181818181817 0.028977272727272727
3 0.7454545454545455 0.2056818181818182 0.7488636363636364 0.2056818181818182 0.7488636363636364 0.21477272727272728 0.7522727272727273 0.21704545454545454 0.7534090909090909 0.22840909090909092 0.7568181818181818 0.2340909090909091 0.7556818181818182 0.2545454545454545 0.7522727272727273 0.26590909090909093 0.7454545454545455 0.26477272727272727 0.740909090909091 0.2545454545454545 0.7363636363636363 0.25113636363636366 0.7386363636363636 0.2340909090909091 0.7375 0.21704545454545454 0.7397727272727272 0.21022727272727273 0.7454545454545455 0.20681818181818182
3 0.6329545454545454 0.11818181818181818 0.6375 0.12272727272727273 0.6409090909090909 0.14659090909090908 0.6409090909090909 0.16363636363636364 0.6375 0.1715909090909091 0.6329545454545454 0.1693181818181818 0.625 0.15113636363636362 0.6261363636363636 0.12954545454545455 0.6284090909090909 0.1215909090909091 0.6329545454545454 0.11931818181818182
3 0.6511363636363636 0.2727272727272727 0.6511363636363636 0.2681818181818182 0.6534090909090909 0.26590909090909093 0.6545454545454545 0.24204545454545454 0.6568181818181819 0.23522727272727273 0.6636363636363637 0.22840909090909092 0.6670454545454545 0.22840909090909092 0.6693181818181818 0.2375 0.6693181818181818 0.27954545454545454 0.6647727272727273 0.2875 0.6556818181818181 0.27386363636363636 0.6522727272727272 0.2727272727272727
3 0.5295454545454545 0.12727272727272726 0.5329545454545455 0.1340909090909091 0.5340909090909091 0.15113636363636362 0.5329545454545455 0.18295454545454545 0.5284090909090909 0.18295454545454545 0.5227272727272727 0.16136363636363638 0.5181818181818182 0.15795454545454546 0.5204545454545455 0.15 0.5193181818181818 0.1340909090909091 0.5204545454545455 0.13068181818181818 0.5284090909090909 0.12727272727272726
3 0.5261363636363636 0.04659090909090909 0.5284090909090909 0.04772727272727273 0.5261363636363636 0.05113636363636364 0.5295454545454545 0.05227272727272727 0.5295454545454545 0.07045454545454545 0.5261363636363636 0.08522727272727272 0.5227272727272727 0.0875 0.5193181818181818 0.08295454545454546 0.5170454545454546 0.07272727272727272 0.5181818181818182 0.06136363636363636 0.5261363636363636 0.053409090909090906 0.5261363636363636 0.04772727272727273
3 0.553409090909091 0.32954545454545453 0.5556818181818182 0.32954545454545453 0.5590909090909091 0.3340909090909091 0.5647727272727273 0.35 0.5738636363636364 0.36477272727272725 0.5761363636363637 0.3715909090909091 0.5761363636363637 0.3840909090909091 0.5738636363636364 0.38977272727272727 0.571590909090909 0.39204545454545453 0.5659090909090909 0.39204545454545453 0.5568181818181818 0.3840909090909091 0.5375 0.38295454545454544 0.5318181818181819 0.3840909090909091 0.5272727272727272 0.39090909090909093 0.5204545454545455 0.39090909090909093 0.5147727272727273 0.38181818181818183 0.5159090909090909 0.35454545454545455 0.5215909090909091 0.3431818181818182 0.5272727272727272 0.34545454545454546 0.5295454545454545 0.3522727272727273 0.5397727272727273 0.3625 0.5443181818181818 0.37272727272727274 0.55 0.37386363636363634 0.553409090909091 0.3704545454545455 0.553409090909091 0.3306818181818182
3 0.7477272727272727 0.10454545454545454 0.7522727272727273 0.10909090909090909 0.759090909090909 0.10795454545454546 0.7647727272727273 0.11136363636363636 0.7727272727272727 0.11136363636363636 0.7772727272727272 0.10568181818181818 0.7840909090909091 0.10909090909090909 0.7909090909090909 0.13977272727272727 0.7897727272727273 0.15 0.7863636363636364 0.15227272727272728 0.7818181818181819 0.15 0.7784090909090909 0.13636363636363635 0.775 0.1340909090909091 0.7602272727272728 0.13295454545454546 0.7602272727272728 0.13068181818181818 0.7556818181818182 0.12727272727272726 0.75 0.12727272727272726 0.7443181818181818 0.1318181818181818 0.740909090909091 0.1318181818181818 0.7375 0.12840909090909092 0.7352272727272727 0.12386363636363637 0.7352272727272727 0.11136363636363636 0.740909090909091 0.10568181818181818 0.7465909090909091 0.10454545454545454
3 0.30113636363636365 0.3488636363636364 0.30568181818181817 0.3488636363636364 0.31022727272727274 0.35568181818181815 0.31363636363636366 0.3704545454545455 0.3215909090909091 0.37727272727272726 0.3261363636363636 0.38636363636363635 0.32727272727272727 0.3965909090909091 0.3215909090909091 0.4068181818181818 0.3159090909090909 0.40795454545454546 0.30568181818181817 0.3977272727272727 0.30227272727272725 0.3977272727272727 0.2988636363636364 0.4011363636363636 0.2852272727272727 0.39886363636363636 0.2772727272727273 0.40795454545454546 0.26931818181818185 0.40795454545454546 0.2636363636363636 0.4011363636363636 0.26022727272727275 0.38181818181818183 0.2625 0.36022727272727273 0.26931818181818185 0.3625 0.2761363636363636 0.3704545454545455 0.2863636363636364 0.37386363636363634 0.2909090909090909 0.3784090909090909 0.29659090909090907 0.3704545454545455 0.29545454545454547 0.35568181818181815 0.30113636363636365 0.35
3 0.6727272727272727 0.22386363636363638 0.6863636363636364 0.2215909090909091 0.6943181818181818 0.22840909090909092 0.6977272727272728 0.2545454545454545 0.6943181818181818 0.26022727272727275 0.6954545454545454 0.2727272727272727 0.6920454545454545 0.2784090909090909 0.6886363636363636 0.2784090909090909 0.6852272727272727 0.275 0.6829545454545455 0.26590909090909093 0.678409090909091 0.26477272727272727 0.675 0.2590909090909091 0.675 0.2556818181818182 0.678409090909091 0.25227272727272726 0.678409090909091 0.22954545454545455 0.6738636363636363 0.22386363636363638
3 0.7159090909090909 0.21818181818181817 0.7215909090909091 0.21818181818181817 0.7284090909090909 0.22954545454545455 0.7306818181818182 0.23977272727272728 0.7295454545454545 0.275 0.7227272727272728 0.2761363636363636 0.7136363636363636 0.26590909090909093 0.7068181818181818 0.2636363636363636 0.7090909090909091 0.22386363636363638 0.7159090909090909 0.21931818181818183
3 0.5045454545454545 0.12840909090909092 0.5068181818181818 0.13295454545454546 0.5068181818181818 0.1693181818181818 0.5022727272727273 0.1784090909090909 0.49772727272727274 0.175 0.4943181818181818 0.13977272727272727 0.4954545454545455 0.13068181818181818 0.49772727272727274 0.12840909090909092 0.5034090909090909 0.12840909090909092
3 0.47954545454545455 0.15568181818181817 0.4875 0.1534090909090909 0.48977272727272725 0.16136363636363638 0.48977272727272725 0.20681818181818182 0.4875 0.21136363636363636 0.48409090909090907 0.21136363636363636 0.48068181818181815 0.19886363636363635 0.475 0.1943181818181818 0.475 0.16136363636363638 0.47954545454545455 0.15681818181818183
3 0.13295454545454546 0.4875 0.14431818181818182 0.4875 0.15227272727272728 0.5011363636363636 0.15795454545454546 0.5045454545454545 0.1590909090909091 0.5136363636363637 0.1625 0.5181818181818182 0.1625 0.5295454545454545 0.16477272727272727 0.5352272727272728 0.16477272727272727 0.5397727272727273 0.1590909090909091 0.5477272727272727 0.1534090909090909 0.5477272727272727 0.14886363636363636 0.5443181818181818 0.13295454545454546 0.5454545454545454 0.125 0.5420454545454545 0.1215909090909091 0.5215909090909091 0.12386363636363637 0.5181818181818182 0.12613636363636363 0.5238636363636363 0.12954545454545455 0.5227272727272727 0.12840909090909092 0.5181818181818182 0.1318181818181818 0.5147727272727273 0.13295454545454546 0.509090909090909 0.12727272727272726 0.5011363636363636 0.12613636363636363 0.4954545454545455 0.12727272727272726 0.49204545454545456 0.13295454545454546 0.48863636363636365
3 0.48068181818181815 0.7034090909090909 0.4863636363636364 0.7056818181818182 0.4875 0.7215909090909091 0.4965909090909091 0.7397727272727272 0.49886363636363634 0.7534090909090909 0.5022727272727273 0.7556818181818182 0.5068181818181818 0.7659090909090909 0.5079545454545454 0.775 0.5068181818181818 0.7863636363636364 0.5022727272727273 0.7909090909090909 0.4965909090909091 0.7909090909090909 0.48522727272727273 0.7795454545454545 0.47954545454545455 0.7784090909090909 0.4784090909090909 0.7670454545454546 0.47045454545454546 0.7465909090909091 0.4715909090909091 0.740909090909091 0.4681818181818182 0.7306818181818182 0.475 0.7272727272727273 0.48068181818181815 0.7045454545454546
3 0.35568181818181815 0.375 0.36363636363636365 0.3806818181818182 0.3693181818181818 0.3806818181818182 0.37727272727272726 0.3931818181818182 0.38181818181818183 0.4068181818181818 0.3840909090909091 0.40795454545454546 0.38977272727272727 0.39431818181818185 0.39090909090909093 0.3784090909090909 0.39431818181818185 0.37272727272727274 0.3977272727272727 0.37272727272727274 0.4022727272727273 0.3795454545454545 0.4068181818181818 0.39431818181818185 0.4159090909090909 0.4 0.4193181818181818 0.4090909090909091 0.4193181818181818 0.42272727272727273 0.4147727272727273 0.4318181818181818 0.40795454545454546 0.4318181818181818 0.3977272727272727 0.4193181818181818 0.3886363636363636 0.42613636363636365 0.38522727272727275 0.42613636363636365 0.3840909090909091 0.4238636363636364 0.37272727272727274 0.4238636363636364 0.3715909090909091 0.42613636363636365 0.36363636363636365 0.42727272727272725 0.36022727272727273 0.42613636363636365 0.3534090909090909 0.4147727272727273 0.3534090909090909 0.3795454545454545 0.35568181818181815 0.37613636363636366
3 0.8397727272727272 0.4022727272727273 0.8420454545454545 0.4022727272727273 0.8488636363636364 0.4113636363636364 0.8522727272727273 0.41818181818181815 0.8522727272727273 0.4238636363636364 0.8613636363636363 0.4420454545454545 0.8613636363636363 0.4511363636363636 0.8545454545454545 0.4647727272727273 0.8477272727272728 0.4659090909090909 0.8386363636363636 0.45681818181818185 0.8272727272727273 0.45795454545454545 0.821590909090909 0.45454545454545453 0.8102272727272727 0.45340909090909093 0.8056818181818182 0.44772727272727275 0.7977272727272727 0.42727272727272725 0.8 0.42045454545454547 0.8 0.40795454545454546 0.8056818181818182 0.40795454545454546 0.8102272727272727 0.4147727272727273 0.8147727272727273 0.4159090909090909 0.8147727272727273 0.4193181818181818 0.8352272727272727 0.4420454545454545 0.8386363636363636 0.4329545454545455 0.8352272727272727 0.4125 0.8397727272727272 0.4034090909090909
3 0.16818181818181818 0.35568181818181815 0.17045454545454544 0.35568181818181815 0.18181818181818182 0.36704545454545456 0.18181818181818182 0.37272727272727274 0.19204545454545455 0.3931818181818182 0.19204545454545455 0.3977272727272727 0.1715909090909091 0.39431818181818185 0.15795454545454546 0.3840909090909091 0.15568181818181817 0.3784090909090909 0.16022727272727272 0.3693181818181818 0.16022727272727272 0.36477272727272725 0.1625 0.36022727272727273 0.16818181818181818 0.3568181818181818
3 0.43863636363636366 0.10568181818181818 0.4431818181818182 0.11704545454545455 0.4420454545454545 0.15 0.43863636363636366 0.15681818181818183 0.4318181818181818 0.14431818181818182 0.4318181818181818 0.1159090909090909 0.4329545454545455 0.11022727272727273 0.43863636363636366 0.10681818181818181
3 0.4602272727272727 0.12272727272727273 0.4715909090909091 0.12272727272727273 0.46704545454545454 0.16363636363636364 0.4602272727272727 0.1625 0.4590909090909091 0.15795454545454546 0.45795454545454545 0.14204545454545456 0.4602272727272727 0.1409090909090909 0.46136363636363636 0.1340909090909091 0.4590909090909091 0.12954545454545455 0.4602272727272727 0.12386363636363637
3 0.5125 0.09659090909090909 0.5159090909090909 0.10568181818181818 0.5136363636363637 0.1715909090909091 0.5102272727272728 0.1715909090909091 0.5102272727272728 0.1590909090909091 0.5079545454545454 0.15681818181818183 0.5056818181818182 0.1340909090909091 0.5022727272727273 0.12954545454545455 0.5034090909090909 0.10454545454545454 0.5056818181818182 0.09886363636363636 0.5113636363636364 0.09659090909090909
3 0.5477272727272727 0.16590909090909092 0.5477272727272727 0.13068181818181818 0.5545454545454546 0.12727272727272726 0.5590909090909091 0.12840909090909092 0.5613636363636364 0.13863636363636364 0.5613636363636364 0.17613636363636365 0.5556818181818182 0.1784090909090909 0.5488636363636363 0.16590909090909092
3 0.46704545454545454 0.3488636363636364 0.4693181818181818 0.3488636363636364 0.4738636363636364 0.35568181818181815 0.475 0.3693181818181818 0.48295454545454547 0.37272727272727274 0.48295454545454547 0.37613636363636366 0.48977272727272725 0.38636363636363635 0.48977272727272725 0.39204545454545453 0.4727272727272727 0.39204545454545453 0.4659090909090909 0.4011363636363636 0.45681818181818185 0.4011363636363636 0.45227272727272727 0.40795454545454546 0.4431818181818182 0.4090909090909091 0.4329545454545455 0.4090909090909091 0.4284090909090909 0.4034090909090909 0.425 0.39204545454545453 0.4284090909090909 0.3659090909090909 0.43636363636363634 0.3625 0.44431818181818183 0.375 0.44431818181818183 0.38295454545454544 0.45454545454545453 0.39545454545454545 0.4625 0.38295454545454544 0.4625 0.36477272727272725 0.46704545454545454 0.35
3 0.7636363636363637 0.9204545454545454 0.7693181818181818 0.9318181818181818 0.7738636363636363 0.9352272727272727 0.7738636363636363 0.9409090909090909 0.7772727272727272 0.9477272727272728 0.7772727272727272 0.9670454545454545 0.7897727272727273 0.9863636363636363 0.7886363636363637 0.9965909090909091 0.7863636363636364 0.9988636363636364 0.7534090909090909 0.9988636363636364 0.7488636363636364 0.9954545454545455 0.740909090909091 0.9954545454545455 0.740909090909091 0.990909090909091 0.7431818181818182 0.9886363636363636 0.7420454545454546 0.9852272727272727 0.75 0.9761363636363637 0.75 0.9602272727272727 0.7545454545454545 0.9568181818181818 0.7545454545454545 0.9477272727272728 0.7579545454545454 0.9397727272727273 0.7579545454545454 0.9227272727272727 0.7625 0.9204545454545454
3 0.6681818181818182 0.10454545454545454 0.6693181818181818 0.12613636363636363 0.6670454545454545 0.1340909090909091 0.6670454545454545 0.1534090909090909 0.6613636363636364 0.1625 0.6556818181818181 0.1625 0.6522727272727272 0.15113636363636362 0.6511363636363636 0.125 0.6590909090909091 0.11931818181818182 0.6613636363636364 0.11136363636363636 0.6670454545454545 0.10568181818181818
3 0.6090909090909091 0.1215909090909091 0.6113636363636363 0.12272727272727273 0.6147727272727272 0.13295454545454546 0.6147727272727272 0.1693181818181818 0.6090909090909091 0.17272727272727273 0.6034090909090909 0.1590909090909091 0.5988636363636364 0.15681818181818183 0.5977272727272728 0.15227272727272728 0.6011363636363637 0.1375 0.6 0.13068181818181818 0.5988636363636364 0.12954545454545455 0.5965909090909091 0.13295454545454546 0.5977272727272728 0.1409090909090909 0.5943181818181819 0.1409090909090909 0.5954545454545455 0.125 0.6079545454545454 0.12272727272727273
3 0.5681818181818182 0.1693181818181818 0.5681818181818182 0.16136363636363638 0.5738636363636364 0.14545454545454545 0.575 0.12954545454545455 0.5772727272727273 0.125 0.5806818181818182 0.12272727272727273 0.5863636363636363 0.125 0.5886363636363636 0.12954545454545455 0.5897727272727272 0.14659090909090908 0.5897727272727272 0.16704545454545455 0.5863636363636363 0.1784090909090909 0.5829545454545455 0.1784090909090909 0.5761363636363637 0.1625 0.5727272727272728 0.1625 0.5681818181818182 0.17045454545454544
3 0.6454545454545455 0.11818181818181818 0.6522727272727272 0.11704545454545455 0.6545454545454545 0.1215909090909091 0.6545454545454545 0.13295454545454546 0.6568181818181819 0.13636363636363635 0.6545454545454545 0.1590909090909091 0.6522727272727272 0.15454545454545454 0.6431818181818182 0.15113636363636362 0.6375 0.12045454545454545 0.6409090909090909 0.1215909090909091 0.6454545454545455 0.11931818181818182
2 0.07109375 0.5069444443181819 0.078125 0.4930555556818182 0.0875 0.4861111113636364 0.09921875 0.45416666704545455 0.12421875 0.4458333329545454 0.13125 0.4638888886363636 0.1296875 0.46805555568181817 0.14765625 0.4875 0.159375 0.5125 0.17109375 0.5166666670454546 0.18515625 0.5041666670454545 0.18828125 0.4930555556818182 0.2 0.49027777727272726 0.20625 0.4819444443181818 0.215625 0.4625 0.21640625 0.45 0.21171875 0.4236111113636364 0.19921875 0.40277777727272723 0.165625 0.39166666704545455 0.12421875 0.3625 0.05546875 0.36527777727272726 0.04140625 0.3833333329545454 0.02734375 0.4305555556818182 0.02890625 0.46944444431818183 0.0421875 0.49027777727272726 0.06171875 0.5083333329545454 0.07109375 0.5069444443181819
2 0.7 0.4569444443181818 0.715625 0.47222222272727277 0.72109375 0.48333333295454545 0.778125 0.5305555556818182 0.78984375 0.5291666670454546 0.80078125 0.5194444443181818 0.809375 0.5027777772727272 0.8109375 0.47777777727272724 0.80546875 0.44861111136363635 0.79453125 0.4236111113636364 0.7828125 0.41388888863636364 0.7609375 0.40694444431818183 0.7390625 0.38611111136363635 0.725 0.37916666704545454 0.66796875 0.3805555556818182 0.653125 0.4013888886363636 0.6515625 0.4111111113636364 0.6953125 0.41527777727272724 0.7015625 0.4319444443181818 0.7 0.4569444443181818