3 0.20397727272727273 0.3494318181818182 0.020454545454545454 0.04602272727272727
3 0.13636363636363635 0.31363636363636366 0.03068181818181818 0.038636363636363635
3 0.6318181818181818 0.5039772727272728 0.028977272727272727 0.05568181818181818
3 0.6744318181818182 0.5278409090909091 0.025 0.05284090909090909
3 0.32897727272727273 0.3164772727272727 0.028409090909090908 0.04147727272727273
3 0.24431818181818182 0.3403409090909091 0.028977272727272727 0.04147727272727273
3 0.7255681818181818 0.5556818181818182 0.026704545454545453 0.05568181818181818
3 0.5579545454545455 0.7840909090909091 0.06079545454545455 0.1125
3 0.30056818181818185 0.3255681818181818 0.024431818181818183 0.04318181818181818
3 0.7875 0.5244318181818182 0.01875 0.056818181818181816
3 0.27443181818181817 0.33352272727272725 0.02556818181818182 0.04715909090909091
3 0.7073863636363636 0.540340909090909 0.021022727272727273 0.06136363636363636
3 0.675 0.5056818181818182 0.023295454545454546 0.06931818181818182
3 0.3886363636363636 0.2943181818181818 0.02556818181818182 0.04431818181818182
3 0.8198863636363637 0.49772727272727274 0.021022727272727273 0.05965909090909091
3 0.7017045454545454 0.9352272727272727 0.06420454545454546 0.12102272727272727
3 0.7715909090909091 0.5568181818181818 0.02159090909090909 0.06931818181818182
3 0.8761363636363636 0.2806818181818182 0.028977272727272727 0.05
3 0.11136363636363636 0.32272727272727275 0.02556818181818182 0.04318181818181818
3 0.019318181818181818 0.3744318181818182 0.036931818181818184 0.05113636363636364