3 0.2431818181818182 0.9289772727272727 0.036931818181818184 0.10568181818181818
2 0.13011363636363638 0.9215909090909091 0.14147727272727273 0.15397727272727274
2 0.26704545454545453 0.7431818181818182 0.09090909090909091 0.15284090909090908
3 0.38693181818181815 0.6181818181818182 0.01818181818181818 0.04431818181818182
2 0.39602272727272725 0.4681818181818182 0.05454545454545454 0.11931818181818182
2 0.35113636363636364 0.5664772727272728 0.060227272727272727 0.10568181818181818
2 0.45340909090909093 0.5539772727272727 0.05056818181818182 0.10852272727272727
2 0.36022727272727273 0.8056818181818182 0.13920454545454544 0.3028409090909091
2 0.43920454545454546 0.4028409090909091 0.042045454545454546 0.09431818181818181
2 0.4505681818181818 0.48465909090909093 0.04375 0.07784090909090909
2 0.4375 0.9590909090909091 0.08125 0.08181818181818182