3 0.42954545454545456 0.727840909090909 0.08579545454545455 0.1
2 0.42556818181818185 0.8647727272727272 0.24375 0.26534090909090907
3 0.3613636363636364 0.49318181818181817 0.06931818181818182 0.07784090909090909
2 0.08125 0.6568181818181819 0.1625 0.1721590909090909
3 0.46761363636363634 0.16477272727272727 0.019318181818181818 0.05397727272727273
3 0.4943181818181818 0.16193181818181818 0.017045454545454544 0.05397727272727273
2 0.33181818181818185 0.4005681818181818 0.16193181818181818 0.1431818181818182
2 0.14204545454545456 0.5193181818181818 0.18409090909090908 0.15568181818181817
2 0.6392045454545454 0.4335227272727273 0.18125 0.16136363636363638
3 0.6221590909090909 0.17102272727272727 0.01818181818181818 0.05
3 0.5147727272727273 0.15681818181818183 0.017045454545454544 0.05284090909090909
3 0.6863636363636364 0.15681818181818183 0.01818181818181818 0.058522727272727275
3 0.5392045454545454 0.15568181818181817 0.021022727272727273 0.05
3 0.028409090909090908 0.4778409090909091 0.056818181818181816 0.08636363636363636
2 0.5857954545454546 0.5522727272727272 0.1875 0.17102272727272727
3 0.43920454545454546 0.13522727272727272 0.024431818181818183 0.056818181818181816
2 0.95 0.4727272727272727 0.1 0.1318181818181818
3 0.6551136363636364 0.1590909090909091 0.016477272727272726 0.04602272727272727
3 0.5630681818181819 0.15738636363636363 0.014772727272727272 0.048863636363636366
2 0.04431818181818182 0.41306818181818183 0.08806818181818182 0.14602272727272728
3 0.5909090909090909 0.16022727272727272 0.016477272727272726 0.05397727272727273
2 0.4011363636363636 0.040340909090909094 0.06818181818181818 0.08068181818181819
2 0.8454545454545455 0.11534090909090909 0.12272727272727273 0.11363636363636363