3 0.8255681818181818 0.6306818181818182 0.051704545454545454 0.09147727272727273
3 0.6829545454545455 0.5630681818181819 0.04431818181818182 0.0875
3 0.7482954545454545 0.6193181818181818 0.045454545454545456 0.08352272727272728
3 0.44488636363636364 0.9085227272727273 0.04147727272727273 0.13636363636363635
3 0.7227272727272728 0.5181818181818182 0.048295454545454544 0.08068181818181819
3 0.4125 0.7511363636363636 0.029545454545454545 0.1028409090909091
2 0.5170454545454546 0.9090909090909091 0.1534090909090909 0.17897727272727273
3 0.8755681818181819 0.4289772727272727 0.048295454545454544 0.05568181818181818
3 0.9494318181818182 0.7034090909090909 0.05795454545454545 0.07386363636363637
3 0.9801136363636364 0.7772727272727272 0.03977272727272727 0.09602272727272727
2 0.25738636363636364 0.5681818181818182 0.09318181818181819 0.175
3 0.4869318181818182 0.39375 0.029545454545454545 0.0625
2 0.34375 0.7585227272727273 0.10454545454545454 0.20852272727272728
3 0.40511363636363634 0.5244318181818182 0.016477272727272726 0.06818181818181818
3 0.45738636363636365 0.7869318181818182 0.02556818181818182 0.09318181818181819
2 0.5670454545454545 0.4727272727272727 0.10852272727272727 0.14602272727272728
3 0.28806818181818183 0.27443181818181817 0.01818181818181818 0.04602272727272727
3 0.9306818181818182 0.2369318181818182 0.017045454545454544 0.040340909090909094
3 0.43125 0.6130681818181818 0.025 0.08181818181818182
3 0.01875 0.11306818181818182 0.0125 0.040340909090909094
3 0.1159090909090909 0.2431818181818182 0.015909090909090907 0.04431818181818182
3 0.15625 0.31931818181818183 0.01875 0.06363636363636363
3 0.1693181818181818 0.5414772727272728 0.020454545454545454 0.06931818181818182
3 0.051704545454545454 0.18181818181818182 0.013068181818181817 0.04715909090909091
3 0.08977272727272727 0.2255681818181818 0.015909090909090907 0.05113636363636364
3 0.08011363636363636 0.1744318181818182 0.014772727272727272 0.04318181818181818
3 0.3346590909090909 0.18522727272727274 0.022727272727272728 0.05965909090909091
2 0.4017045454545455 0.3528409090909091 0.08977272727272727 0.13068181818181818
3 0.8301136363636363 0.2215909090909091 0.014772727272727272 0.0375
2 0.8613636363636363 0.8289772727272727 0.23522727272727273 0.33352272727272725
3 0.13977272727272727 0.2869318181818182 0.020454545454545454 0.04318181818181818
3 0.8880681818181818 0.7130681818181818 0.05227272727272727 0.07386363636363637
2 0.5096590909090909 0.3164772727272727 0.08806818181818182 0.13636363636363635
3 0.90625 0.2318181818181818 0.017045454545454544 0.038636363636363635
3 0.5755681818181818 0.4028409090909091 0.026704545454545453 0.06136363636363636
3 0.45454545454545453 0.33181818181818185 0.026704545454545453 0.06931818181818182
3 0.06306818181818181 0.3664772727272727 0.03295454545454545 0.058522727272727275
3 0.16875 0.5181818181818182 0.025 0.09431818181818181