3 0.4943181818181818 0.6994318181818182 0.04318181818181818 0.12102272727272727
3 0.7448863636363636 0.4119318181818182 0.033522727272727273 0.0846590909090909
3 0.4994318181818182 0.9022727272727272 0.061931818181818185 0.1625
3 0.6448863636363636 0.4198863636363636 0.03806818181818182 0.0875
3 0.8125 0.36818181818181817 0.03579545454545455 0.08068181818181819
3 0.8573863636363637 0.3619318181818182 0.031818181818181815 0.07386363636363637
3 0.36875 0.9181818181818182 0.05 0.15852272727272726
3 0.6755681818181818 0.4125 0.026704545454545453 0.075
3 0.6011363636363637 0.36306818181818185 0.02727272727272727 0.07386363636363637
3 0.5505681818181818 0.32272727272727275 0.03977272727272727 0.07613636363636364
3 0.48295454545454547 0.30113636363636365 0.029545454545454545 0.08863636363636364
3 0.7068181818181818 0.4005681818181818 0.029545454545454545 0.07613636363636364
3 0.7801136363636364 0.3789772727272727 0.036931818181818184 0.08068181818181819
3 0.4289772727272727 0.22613636363636364 0.029545454545454545 0.06136363636363636
3 0.3494318181818182 0.6056818181818182 0.03920454545454546 0.11647727272727272
3 0.017045454545454544 0.3653409090909091 0.03409090909090909 0.06931818181818182
3 0.38295454545454544 0.30568181818181817 0.03125 0.08352272727272728
2 0.35397727272727275 0.4119318181818182 0.10909090909090909 0.17897727272727273
3 0.4909090909090909 0.18522727272727274 0.019318181818181818 0.056818181818181816
2 0.48806818181818185 0.08522727272727272 0.07727272727272727 0.12102272727272727
3 0.26193181818181815 0.5022727272727273 0.03068181818181818 0.10113636363636364
3 0.12954545454545455 0.1630681818181818 0.05568181818181818 0.07386363636363637
3 0.5119318181818182 0.5931818181818181 0.03920454545454546 0.12215909090909091
3 0.2318181818181818 0.22443181818181818 0.026704545454545453 0.07386363636363637
3 0.28295454545454546 0.21647727272727274 0.019318181818181818 0.05568181818181818
3 0.2852272727272727 0.11193181818181819 0.017045454545454544 0.04318181818181818
2 0.3755681818181818 0.1494318181818182 0.08181818181818182 0.10965909090909091
2 0.4113636363636364 0.04318181818181818 0.06818181818181818 0.08636363636363636
3 0.5102272727272728 0.24147727272727273 0.03295454545454545 0.06931818181818182
3 0.24545454545454545 0.2897727272727273 0.023295454545454546 0.07897727272727273
3 0.3068181818181818 0.16647727272727272 0.023295454545454546 0.06931818181818182
3 0.32272727272727275 0.6869318181818181 0.03579545454545455 0.08181818181818182
3 0.7125 0.21818181818181817 0.026704545454545453 0.06647727272727273
3 0.5511363636363636 0.07443181818181818 0.019318181818181818 0.056818181818181816