2 0.25681818181818183 0.5522727272727272 0.17329545454545456 0.15397727272727274
2 0.8630681818181818 0.5653409090909091 0.17045454545454544 0.15568181818181817
3 0.7806818181818181 0.4431818181818182 0.06818181818181818 0.07784090909090909
3 0.8488636363636364 0.3403409090909091 0.04147727272727273 0.07784090909090909
2 0.08579545454545455 0.42159090909090907 0.16818181818181818 0.1403409090909091
3 0.7005681818181818 0.19943181818181818 0.026704545454545453 0.06818181818181818
3 0.5306818181818181 0.21988636363636363 0.03579545454545455 0.06534090909090909
3 0.6454545454545455 0.21022727272727273 0.02556818181818182 0.056818181818181816
3 0.48295454545454547 0.2056818181818182 0.03806818181818182 0.06136363636363636
2 0.4017045454545455 0.4278409090909091 0.16193181818181818 0.15852272727272726
3 0.5704545454545454 0.20909090909090908 0.029545454545454545 0.06818181818181818
3 0.6693181818181818 0.19488636363636364 0.024431818181818183 0.05965909090909091
2 0.9130681818181818 0.22840909090909092 0.11931818181818182 0.14886363636363636
2 0.7840909090909091 0.16818181818181818 0.1159090909090909 0.13068181818181818
2 0.8454545454545455 0.11534090909090909 0.12272727272727273 0.10852272727272727
3 0.5875 0.1744318181818182 0.01875 0.06534090909090909
2 0.6244318181818181 0.03238636363636364 0.09204545454545454 0.06477272727272727
3 0.55625 0.06875 0.01875 0.0625
3 0.6255681818181819 0.17784090909090908 0.01875 0.06363636363636363
2 0.51875 0.06931818181818182 0.06875 0.09431818181818181
3 0.5142045454545454 0.1693181818181818 0.019318181818181818 0.05568181818181818