3 0.8284090909090909 0.22897727272727272 0.04943181818181818 0.058522727272727275
3 0.9255681818181818 0.2715909090909091 0.051704545454545454 0.05397727272727273
3 0.19147727272727272 0.23977272727272728 0.025 0.07386363636363637
3 0.5357954545454545 0.7073863636363636 0.04431818181818182 0.12386363636363637
3 0.3789772727272727 0.6448863636363636 0.04375 0.12613636363636363
3 0.44545454545454544 0.8965909090909091 0.05056818181818182 0.15397727272727274
3 0.6181818181818182 0.2119318181818182 0.021022727272727273 0.05965909090909091
3 0.7971590909090909 0.3789772727272727 0.03977272727272727 0.08068181818181819
3 0.4744318181818182 0.1630681818181818 0.024431818181818183 0.05397727272727273
2 0.4431818181818182 0.3403409090909091 0.09204545454545454 0.13863636363636364
2 0.3130681818181818 0.41875 0.1 0.1625
3 0.44431818181818183 0.5193181818181818 0.03920454545454546 0.10568181818181818
3 0.7380681818181818 0.32727272727272727 0.025 0.07102272727272728
3 0.58125 0.21306818181818182 0.025 0.0625
3 0.03295454545454545 0.4414772727272727 0.06477272727272727 0.075
3 0.21931818181818183 0.07784090909090909 0.017045454545454544 0.04431818181818182
3 0.6545454545454545 0.21647727272727274 0.02159090909090909 0.058522727272727275
3 0.2056818181818182 0.11818181818181818 0.017045454545454544 0.05
3 0.75 0.2539772727272727 0.029545454545454545 0.06363636363636363
3 0.6948863636363637 0.27443181818181817 0.033522727272727273 0.06818181818181818
3 0.5556818181818182 0.2369318181818182 0.021022727272727273 0.056818181818181816
2 0.27102272727272725 0.13068181818181818 0.06704545454545455 0.09147727272727273
3 0.6255681818181819 0.9806818181818182 0.05056818181818182 0.038636363636363635
3 0.5392045454545454 0.06931818181818182 0.016477272727272726 0.04431818181818182
3 0.16704545454545455 0.05738636363636364 0.013068181818181817 0.048863636363636366
3 0.3721590909090909 0.04431818181818182 0.016477272727272726 0.04715909090909091
3 0.5119318181818182 0.15056818181818182 0.03068181818181818 0.056818181818181816
3 0.9823863636363637 0.30227272727272725 0.021022727272727273 0.04318181818181818
2 0.29829545454545453 0.05 0.05454545454545454 0.075
3 0.5920454545454545 0.18181818181818182 0.014204545454545454 0.05568181818181818
2 0.45625 0.06647727272727273 0.07329545454545454 0.11647727272727272
3 0.42272727272727273 0.09147727272727273 0.015909090909090907 0.05568181818181818
2 0.49829545454545454 0.04659090909090909 0.07329545454545454 0.09318181818181819
3 0.35454545454545455 0.03068181818181818 0.015909090909090907 0.04147727272727273