2 0.93125 0.522159090909091 0.1375 0.23863636363636365
3 0.32045454545454544 0.3568181818181818 0.03125 0.1
2 0.3261363636363636 0.19943181818181818 0.07102272727272728 0.10681818181818181
3 0.5545454545454546 0.12272727272727273 0.01875 0.056818181818181816
3 0.2119318181818182 0.02159090909090909 0.01818181818181818 0.04318181818181818
2 0.48806818181818185 0.08693181818181818 0.07954545454545454 0.11534090909090909
3 0.509090909090909 0.019886363636363636 0.025 0.03977272727272727
2 0.40738636363636366 0.04147727272727273 0.06704545454545455 0.08295454545454546
2 0.18011363636363636 0.06477272727272727 0.04772727272727273 0.10113636363636364
3 0.2159090909090909 0.19943181818181818 0.01875 0.07897727272727273
2 0.8454545454545455 0.11534090909090909 0.12329545454545454 0.11647727272727272
3 0.5329545454545455 0.10568181818181818 0.022727272727272728 0.05568181818181818