3 0.959659090909091 0.4960227272727273 0.05397727272727273 0.058522727272727275
3 0.7488636363636364 0.8244318181818182 0.07727272727272727 0.08181818181818182
3 0.12954545454545455 0.5960227272727273 0.06420454545454546 0.058522727272727275
3 0.39431818181818185 0.8193181818181818 0.0875 0.08068181818181819
3 0.5732954545454545 0.8340909090909091 0.08579545454545455 0.09318181818181819
3 0.9022727272727272 0.6068181818181818 0.05795454545454545 0.06136363636363636
3 0.7181818181818181 0.4994318181818182 0.04318181818181818 0.07102272727272728
3 0.19772727272727272 0.8352272727272727 0.08409090909090909 0.07613636363636364
3 0.9306818181818182 0.2369318181818182 0.017045454545454544 0.04318181818181818
3 0.2721590909090909 0.7772727272727272 0.07443181818181818 0.07102272727272728
3 0.12954545454545455 0.7744318181818182 0.07840909090909091 0.06818181818181818
3 0.49829545454545454 0.9022727272727272 0.09204545454545454 0.09602272727272727
3 0.2056818181818182 0.6602272727272728 0.07443181818181818 0.06818181818181818
3 0.4056818181818182 0.4119318181818182 0.021022727272727273 0.056818181818181816
3 0.44375 0.4556818181818182 0.01875 0.06363636363636363
3 0.9721590909090909 0.7556818181818182 0.05397727272727273 0.06931818181818182
2 0.36363636363636365 0.7056818181818182 0.15397727272727274 0.14431818181818182
3 0.03125 0.8619318181818182 0.0625 0.08181818181818182
3 0.4971590909090909 0.42272727272727273 0.021022727272727273 0.05397727272727273
3 0.37670454545454546 0.3840909090909091 0.024431818181818183 0.056818181818181816
3 0.4732954545454545 0.45284090909090907 0.02159090909090909 0.06363636363636363
3 0.6630681818181818 0.509090909090909 0.029545454545454545 0.0625
3 0.5767045454545454 0.30568181818181817 0.03295454545454545 0.04431818181818182
3 0.03068181818181818 0.6931818181818182 0.06079545454545455 0.06647727272727273
3 0.8295454545454546 0.2159090909090909 0.014204545454545454 0.048863636363636366
3 0.5352272727272728 0.2318181818181818 0.03295454545454545 0.04431818181818182
3 0.61875 0.49772727272727274 0.025 0.06534090909090909
3 0.5625 0.4647727272727273 0.0375 0.07102272727272728
3 0.2255681818181818 0.5994318181818182 0.056818181818181816 0.06534090909090909
3 0.7431818181818182 0.6136363636363636 0.04318181818181818 0.06136363636363636
3 0.8892045454545454 0.23068181818181818 0.016477272727272726 0.038636363636363635
3 0.3477272727272727 0.3477272727272727 0.01875 0.06534090909090909
3 0.5130681818181818 0.39034090909090907 0.01818181818181818 0.05568181818181818
3 0.41875 0.6465909090909091 0.06875 0.07386363636363637
3 0.5835227272727272 0.4056818181818182 0.020454545454545454 0.05568181818181818
2 0.43125 0.2727272727272727 0.08125 0.10681818181818181
3 0.8517045454545454 0.22443181818181818 0.019318181818181818 0.03465909090909091
3 0.3255681818181818 0.32840909090909093 0.019318181818181818 0.05113636363636364
2 0.27443181818181817 0.22272727272727272 0.06306818181818181 0.0903409090909091
2 0.3664772727272727 0.2994318181818182 0.07045454545454545 0.09602272727272727
2 0.7159090909090909 0.2278409090909091 0.07272727272727272 0.07215909090909091