3 0.8130681818181819 0.5977272727272728 0.024431818181818183 0.0625
3 0.8482954545454545 0.5755681818181818 0.017045454545454544 0.056818181818181816
3 0.20397727272727273 0.35056818181818183 0.020454545454545454 0.04318181818181818
3 0.05056818181818182 0.39034090909090907 0.020454545454545454 0.05
3 0.7647727272727273 0.5744318181818182 0.01875 0.06534090909090909
3 0.2431818181818182 0.34147727272727274 0.02556818181818182 0.04147727272727273
3 0.12386363636363637 0.3710227272727273 0.022727272727272728 0.04715909090909091
3 0.1494318181818182 0.26931818181818185 0.014204545454545454 0.04431818181818182
3 0.27443181818181817 0.3352272727272727 0.02556818181818182 0.04318181818181818
3 0.10681818181818181 0.37272727272727274 0.024431818181818183 0.04602272727272727
3 0.08181818181818182 0.37613636363636366 0.022727272727272728 0.038636363636363635