3 0.5125 0.016477272727272726 0.025 0.03295454545454545
3 0.35056818181818183 0.18806818181818183 0.02556818181818182 0.07102272727272728
3 0.6068181818181818 0.07897727272727273 0.03125 0.075
3 0.2857954545454545 0.32443181818181815 0.03068181818181818 0.09318181818181819
3 0.36704545454545456 0.4590909090909091 0.03125 0.09886363636363636
3 0.4096590909090909 0.39602272727272725 0.028977272727272727 0.09147727272727273
3 0.5409090909090909 0.07897727272727273 0.022727272727272728 0.07215909090909091
3 0.35454545454545455 0.31022727272727274 0.02727272727272727 0.056818181818181816
3 0.014772727272727272 0.22272727272727272 0.029545454545454545 0.06818181818181818
3 0.29829545454545453 0.03977272727272727 0.014772727272727272 0.05113636363636364
3 0.22329545454545455 0.09318181818181819 0.019318181818181818 0.06647727272727273
3 0.08295454545454546 0.15852272727272726 0.026704545454545453 0.05
3 0.24829545454545454 0.1630681818181818 0.020454545454545454 0.056818181818181816
3 0.23579545454545456 0.29318181818181815 0.019318181818181818 0.04431818181818182
3 0.25681818181818183 0.06875 0.019318181818181818 0.0625
3 0.6454545454545455 0.15056818181818182 0.019318181818181818 0.048863636363636366
3 0.2340909090909091 0.26647727272727273 0.026704545454545453 0.09431818181818181
3 0.17954545454545454 0.07443181818181818 0.019318181818181818 0.06818181818181818
2 0.6068181818181818 0.1630681818181818 0.10056818181818182 0.13465909090909092
3 0.04431818181818182 0.2005681818181818 0.031818181818181815 0.04602272727272727