2 0.5051136363636364 0.6869318181818181 0.08806818181818182 0.1318181818181818
3 0.6579545454545455 0.5119318181818182 0.025 0.05397727272727273
3 0.20397727272727273 0.3494318181818182 0.020454545454545454 0.048863636363636366
2 0.5494318181818182 0.4318181818181818 0.07045454545454545 0.09431818181818181
3 0.8630681818181818 0.5323863636363636 0.023295454545454546 0.06534090909090909
3 0.05056818181818182 0.39034090909090907 0.020454545454545454 0.04715909090909091
3 0.08125 0.3693181818181818 0.020454545454545454 0.05
3 0.8244318181818182 0.5994318181818182 0.020454545454545454 0.06818181818181818
2 0.775 0.5005681818181819 0.0625 0.11818181818181818
2 0.3744318181818182 0.5227272727272727 0.08125 0.12897727272727272
3 0.8375 0.5306818181818181 0.01875 0.05568181818181818
2 0.7517045454545455 0.3744318181818182 0.05227272727272727 0.08181818181818182
3 0.2431818181818182 0.3403409090909091 0.026704545454545453 0.04431818181818182
3 0.12386363636363637 0.3698863636363636 0.022727272727272728 0.05113636363636364
3 0.6670454545454545 0.4869318181818182 0.013068181818181817 0.05965909090909091
3 0.10681818181818181 0.3710227272727273 0.024431818181818183 0.04715909090909091
3 0.8 0.5556818181818182 0.01875 0.058522727272727275
3 0.8539772727272728 0.5028409090909091 0.01875 0.05568181818181818