2 0.7170454545454545 0.8744318181818181 0.21647727272727274 0.20681818181818182
3 0.5545454545454546 0.4869318181818182 0.029545454545454545 0.07386363636363637
2 0.39886363636363636 0.6619318181818182 0.16647727272727272 0.17613636363636365
2 0.6193181818181818 0.7119318181818182 0.17727272727272728 0.14602272727272728
3 0.6869318181818181 0.5431818181818182 0.03295454545454545 0.075
3 0.9306818181818182 0.2369318181818182 0.017045454545454544 0.040340909090909094
3 0.6193181818181818 0.48352272727272727 0.026704545454545453 0.06136363636363636
3 0.8301136363636363 0.21818181818181817 0.014772727272727272 0.04431818181818182
3 0.12954545454545455 0.6244318181818181 0.0625 0.07897727272727273
3 0.3301136363636364 0.33693181818181817 0.022727272727272728 0.05397727272727273
3 0.6460227272727272 0.46988636363636366 0.023295454545454546 0.05965909090909091
2 0.26022727272727275 0.48068181818181815 0.11079545454545454 0.13352272727272727
3 0.4659090909090909 0.4414772727272727 0.02159090909090909 0.06363636363636363
3 0.90625 0.23238636363636364 0.017045454545454544 0.040340909090909094
3 0.8517045454545454 0.22215909090909092 0.020454545454545454 0.038636363636363635
2 0.2369318181818182 0.35909090909090907 0.07670454545454546 0.10681818181818181
2 0.42556818181818185 0.4431818181818182 0.07272727272727272 0.15568181818181817
3 0.04431818181818182 0.8653409090909091 0.08863636363636364 0.08068181818181819
3 0.5818181818181818 0.4818181818181818 0.024431818181818183 0.06647727272727273
3 0.09318181818181819 0.7994318181818182 0.05454545454545454 0.07897727272727273
3 0.8897727272727273 0.22727272727272727 0.014204545454545454 0.040340909090909094
3 0.01875 0.4056818181818182 0.0375 0.05568181818181818
2 0.5034090909090909 0.38522727272727275 0.08920454545454545 0.11818181818181818
2 0.73125 0.3130681818181818 0.10454545454545454 0.09318181818181819
3 0.54375 0.39147727272727273 0.01875 0.058522727272727275
2 0.4369318181818182 0.31022727272727274 0.07954545454545454 0.1125
3 0.7346590909090909 0.5511363636363636 0.056818181818181816 0.1028409090909091
2 0.5261363636363636 0.3164772727272727 0.08181818181818182 0.11931818181818182
3 0.7710227272727272 0.19602272727272727 0.03409090909090909 0.033522727272727273