3 0.6886363636363636 0.4778409090909091 0.04147727272727273 0.06931818181818182
3 0.740909090909091 0.5164772727272727 0.04943181818181818 0.08068181818181819
2 0.71875 0.9068181818181819 0.21875 0.1806818181818182
3 0.020454545454545454 0.8693181818181818 0.04090909090909091 0.08352272727272728
2 0.78125 0.7977272727272727 0.20170454545454544 0.17613636363636365
3 0.011931818181818182 0.6829545454545455 0.023863636363636365 0.0659090909090909
2 0.4318181818181818 0.7011363636363637 0.1693181818181818 0.175
3 0.2369318181818182 0.602840909090909 0.03125 0.08068181818181819
3 0.8295454545454546 0.21477272727272728 0.014204545454545454 0.05113636363636364
3 0.6465909090909091 0.4403409090909091 0.0375 0.06647727272727273
3 0.5318181818181819 0.24034090909090908 0.024431818181818183 0.038636363636363635
2 0.3181818181818182 0.42556818181818185 0.08806818181818182 0.10397727272727272
3 0.11022727272727273 0.6556818181818181 0.028409090909090908 0.07215909090909091
2 0.2409090909090909 0.4681818181818182 0.09147727272727273 0.12215909090909091
3 0.07443181818181818 0.45625 0.022727272727272728 0.0625
3 0.6181818181818182 0.4744318181818182 0.025 0.06818181818181818
3 0.9306818181818182 0.2369318181818182 0.017045454545454544 0.04318181818181818
3 0.8897727272727273 0.22897727272727272 0.014204545454545454 0.04431818181818182
3 0.029545454545454545 0.3977272727272727 0.05454545454545454 0.056818181818181816
3 0.017613636363636363 0.7886363636363637 0.035227272727272725 0.1028409090909091
3 0.075 0.7 0.03579545454545455 0.075
3 0.044886363636363634 0.24147727272727273 0.014772727272727272 0.05568181818181818
2 0.5772727272727273 0.4994318181818182 0.11420454545454546 0.17613636363636365
3 0.9107954545454545 0.23068181818181818 0.014204545454545454 0.04715909090909091
3 0.21420454545454545 0.3039772727272727 0.019318181818181818 0.06931818181818182
3 0.04147727272727273 0.6494318181818182 0.02159090909090909 0.08181818181818182
2 0.3534090909090909 0.22840909090909092 0.058522727272727275 0.07613636363636364
3 0.5045454545454545 0.4335227272727273 0.029545454545454545 0.1
3 0.8494318181818182 0.22443181818181818 0.019318181818181818 0.040340909090909094
3 0.3409090909090909 0.17272727272727273 0.016477272727272726 0.04318181818181818
2 0.27045454545454545 0.22272727272727272 0.0659090909090909 0.0903409090909091
2 0.15 0.32443181818181815 0.0625 0.09318181818181819
2 0.44545454545454544 0.25227272727272726 0.07329545454545454 0.10113636363636364
3 0.038636363636363635 0.19715909090909092 0.011931818181818182 0.03636363636363636
3 0.10681818181818181 0.5994318181818182 0.024431818181818183 0.07102272727272728
2 0.45738636363636365 0.3119318181818182 0.08522727272727272 0.10397727272727272
2 0.3034090909090909 0.19318181818181818 0.05227272727272727 0.07784090909090909
3 0.5579545454545455 0.3965909090909091 0.017045454545454544 0.040340909090909094