3 0.6642045454545454 0.35568181818181815 0.03977272727272727 0.05
3 0.6698863636363637 0.4914772727272727 0.04318181818181818 0.07215909090909091
2 0.4056818181818182 0.9471590909090909 0.1494318181818182 0.1
3 0.3744318181818182 0.3130681818181818 0.026704545454545453 0.048863636363636366
2 0.5113636363636364 0.6119318181818182 0.09772727272727273 0.20681818181818182
3 0.4284090909090909 0.24772727272727274 0.024431818181818183 0.04318181818181818
3 0.6397727272727273 0.4318181818181818 0.03409090909090909 0.05568181818181818
3 0.17556818181818182 0.3778409090909091 0.023295454545454546 0.06931818181818182
3 0.2005681818181818 0.2869318181818182 0.017045454545454544 0.05113636363636364
2 0.8159090909090909 0.6943181818181818 0.175 0.23068181818181818
3 0.21363636363636362 0.1744318181818182 0.014772727272727272 0.05397727272727273
3 0.98125 0.7744318181818182 0.0375 0.06534090909090909
3 0.48011363636363635 0.35568181818181815 0.024431818181818183 0.07215909090909091
3 0.0659090909090909 0.26022727272727275 0.015909090909090907 0.056818181818181816
3 0.19090909090909092 0.4630681818181818 0.024431818181818183 0.056818181818181816
3 0.5329545454545455 0.35568181818181815 0.02556818181818182 0.05284090909090909
3 0.5130681818181818 0.2715909090909091 0.023295454545454546 0.04602272727272727
3 0.44545454545454544 0.3085227272727273 0.021022727272727273 0.05284090909090909
2 0.26193181818181815 0.5022727272727273 0.08295454545454546 0.12897727272727272
2 0.45170454545454547 0.4056818181818182 0.09318181818181819 0.14147727272727273
3 0.8289772727272727 0.21477272727272728 0.014204545454545454 0.048863636363636366
3 0.5994318181818182 0.41818181818181815 0.026704545454545453 0.06136363636363636
3 0.4318181818181818 0.49772727272727274 0.02556818181818182 0.09886363636363636
3 0.8909090909090909 0.22897727272727272 0.013068181818181817 0.04431818181818182
3 0.15738636363636363 0.27443181818181817 0.014772727272727272 0.048863636363636366
3 0.020454545454545454 0.6886363636363636 0.03579545454545455 0.05284090909090909
3 0.225 0.2528409090909091 0.017045454545454544 0.05
3 0.9306818181818182 0.2369318181818182 0.017045454545454544 0.040340909090909094
3 0.8806818181818182 0.6880681818181819 0.03295454545454545 0.07102272727272728
3 0.05454545454545454 0.38977272727272727 0.028409090909090908 0.05965909090909091
3 0.9113636363636364 0.2340909090909091 0.014772727272727272 0.040340909090909094
3 0.32045454545454544 0.4431818181818182 0.021022727272727273 0.07215909090909091
3 0.1784090909090909 0.32897727272727273 0.021022727272727273 0.05284090909090909
3 0.2869318181818182 0.3431818181818182 0.017045454545454544 0.04715909090909091
2 0.34204545454545454 0.22897727272727272 0.06931818181818182 0.09431818181818181
2 0.24659090909090908 0.36022727272727273 0.06704545454545455 0.10397727272727272
2 0.5630681818181819 0.44431818181818183 0.10795454545454546 0.13068181818181818
2 0.12443181818181819 0.3886363636363636 0.07329545454545454 0.15284090909090908
3 0.85 0.22443181818181818 0.01875 0.040340909090909094
3 0.35113636363636364 0.17784090909090908 0.021022727272727273 0.05284090909090909
2 0.4823863636363636 0.2869318181818182 0.07272727272727272 0.1125
3 0.19375 0.21988636363636363 0.014204545454545454 0.040340909090909094