2 0.5517045454545455 0.5994318181818182 0.1125 0.14602272727272728
2 0.6948863636363637 0.7960227272727273 0.11193181818181819 0.2471590909090909
2 0.6738636363636363 0.6369318181818182 0.08977272727272727 0.1625
2 0.7664772727272727 0.5034090909090909 0.06875 0.1375
2 0.7039772727272727 0.45284090909090907 0.0625 0.0971590909090909
3 0.20397727272727273 0.3494318181818182 0.020454545454545454 0.04602272727272727
3 0.05056818181818182 0.3880681818181818 0.020454545454545454 0.04602272727272727
3 0.08181818181818182 0.3710227272727273 0.022727272727272728 0.04715909090909091
2 0.8170454545454545 0.4198863636363636 0.04318181818181818 0.0846590909090909
3 0.10681818181818181 0.3715909090909091 0.021022727272727273 0.04602272727272727
3 0.38693181818181815 0.29318181818181815 0.019318181818181818 0.038636363636363635
3 0.2409090909090909 0.34147727272727274 0.022727272727272728 0.04147727272727273
3 0.023295454545454546 0.36818181818181817 0.025 0.058522727272727275
3 0.12386363636363637 0.3715909090909091 0.021022727272727273 0.048863636363636366
3 0.16875 0.2869318181818182 0.0125 0.03465909090909091
3 0.32443181818181815 0.3181818181818182 0.023295454545454546 0.04431818181818182