3 0.09090909090909091 0.3664772727272727 0.022727272727272728 0.05568181818181818
3 0.12727272727272726 0.3653409090909091 0.01875 0.05
3 0.15681818181818183 0.36306818181818185 0.014204545454545454 0.04602272727272727
3 0.048295454545454544 0.3835227272727273 0.023295454545454546 0.05
3 0.6386363636363637 0.5039772727272728 0.02727272727272727 0.06931818181818182
3 0.6102272727272727 0.5289772727272727 0.03295454545454545 0.058522727272727275
3 0.31875 0.31931818181818183 0.026704545454545453 0.04431818181818182
3 0.9176136363636364 0.31022727272727274 0.011931818181818182 0.040340909090909094
2 0.8119318181818181 0.5460227272727273 0.061931818181818185 0.13863636363636364
3 0.20511363636363636 0.3494318181818182 0.024431818181818183 0.04602272727272727
2 0.7181818181818181 0.42556818181818185 0.0625 0.11534090909090909
3 0.36363636363636365 0.2994318181818182 0.028977272727272727 0.04318181818181818
3 0.30454545454545456 0.28238636363636366 0.02556818181818182 0.048863636363636366
3 0.6551136363636364 0.48068181818181815 0.01818181818181818 0.05284090909090909
2 0.8704545454545455 0.43863636363636366 0.045454545454545456 0.1
3 0.8568181818181818 0.5619318181818181 0.024431818181818183 0.0846590909090909