2 0.6625 0.7431818181818182 0.1875 0.3085227272727273
2 0.5784090909090909 0.8869318181818182 0.18806818181818183 0.22102272727272726
3 0.6920454545454545 0.43068181818181817 0.048295454545454544 0.08352272727272728
2 0.38181818181818183 0.4431818181818182 0.10681818181818181 0.16647727272727272
3 0.5142045454545454 0.1630681818181818 0.022727272727272728 0.056818181818181816
3 0.8818181818181818 0.38238636363636364 0.03920454545454546 0.07386363636363637
3 0.73125 0.40852272727272726 0.03125 0.07784090909090909
3 0.7676136363636363 0.3210227272727273 0.04318181818181818 0.08863636363636364
3 0.8079545454545455 0.4028409090909091 0.03295454545454545 0.07784090909090909
3 0.8426136363636364 0.3977272727272727 0.031818181818181815 0.06818181818181818
3 0.6005681818181818 0.20681818181818182 0.024431818181818183 0.06363636363636363
2 0.2625 0.18806818181818183 0.075 0.11534090909090909
3 0.6380681818181818 0.1744318181818182 0.023295454545454546 0.05965909090909091
3 0.48068181818181815 0.15568181818181817 0.021022727272727273 0.05568181818181818
2 0.9125 0.23068181818181818 0.11875 0.1471590909090909
3 0.42272727272727273 0.7153409090909091 0.04375 0.11931818181818182
2 0.3392045454545455 0.08693181818181818 0.06875 0.09318181818181819
3 0.5744318181818182 0.20738636363636365 0.021022727272727273 0.0625
2 0.2005681818181818 0.04943181818181818 0.056818181818181816 0.09318181818181819
3 0.725 0.22102272727272726 0.025 0.06647727272727273
3 0.11193181818181819 0.3806818181818182 0.056818181818181816 0.07215909090909091
3 0.31931818181818183 0.4903409090909091 0.03295454545454545 0.11363636363636363
3 0.20227272727272727 0.24034090909090908 0.025 0.07784090909090909
3 0.6295454545454545 0.30568181818181817 0.023295454545454546 0.06363636363636363
2 0.6494318181818182 0.05625 0.04431818181818182 0.1125
3 0.4119318181818182 0.09943181818181818 0.020454545454545454 0.05113636363636364
3 0.014204545454545454 0.37272727272727274 0.028409090909090908 0.06818181818181818
3 0.24943181818181817 0.33181818181818185 0.02727272727272727 0.05284090909090909
3 0.2431818181818182 0.5119318181818182 0.02556818181818182 0.09318181818181819