3 0.8068181818181818 0.6193181818181818 0.023295454545454546 0.06931818181818182
3 0.20397727272727273 0.35113636363636364 0.020454545454545454 0.04715909090909091
3 0.7005681818181818 0.5261363636363636 0.024431818181818183 0.06136363636363636
2 0.7943181818181818 0.45227272727272727 0.051704545454545454 0.10113636363636364
3 0.08181818181818182 0.3693181818181818 0.022727272727272728 0.05284090909090909
3 0.6693181818181818 0.4994318181818182 0.019318181818181818 0.048863636363636366
3 0.05056818181818182 0.3880681818181818 0.020454545454545454 0.04602272727272727
3 0.10568181818181818 0.3710227272727273 0.022727272727272728 0.04715909090909091
3 0.25681818181818183 0.3340909090909091 0.019318181818181818 0.05113636363636364
3 0.2409090909090909 0.3380681818181818 0.022727272727272728 0.04318181818181818
3 0.29375 0.3255681818181818 0.0125 0.04318181818181818
3 0.8119318181818181 0.5869318181818182 0.019318181818181818 0.08181818181818182
3 0.2767045454545455 0.3340909090909091 0.024431818181818183 0.04602272727272727
3 0.14375 0.36818181818181817 0.0125 0.05
3 0.12272727272727273 0.36818181818181817 0.020454545454545454 0.05284090909090909