2 0.7494318181818181 0.9056818181818181 0.21704545454545454 0.18352272727272728
3 0.38238636363636364 0.6193181818181818 0.05227272727272727 0.08068181818181819
3 0.6573863636363636 0.5147727272727273 0.028977272727272727 0.07386363636363637
3 0.15625 0.3215909090909091 0.023295454545454546 0.056818181818181816
3 0.4659090909090909 0.4318181818181818 0.017045454545454544 0.06136363636363636
2 0.6863636363636364 0.6619318181818182 0.17272727272727273 0.1903409090909091
3 0.42159090909090907 0.509090909090909 0.04375 0.08181818181818182
3 0.6107954545454546 0.40397727272727274 0.020454545454545454 0.06931818181818182
3 0.9306818181818182 0.2369318181818182 0.017045454545454544 0.040340909090909094
3 0.06875 0.1784090909090909 0.014204545454545454 0.05113636363636364
3 0.5011363636363636 0.4244318181818182 0.021022727272727273 0.056818181818181816
2 0.2636363636363636 0.42727272727272725 0.10852272727272727 0.12613636363636363
3 0.43863636363636366 0.4369318181818182 0.022727272727272728 0.06534090909090909
3 0.5306818181818181 0.42215909090909093 0.019318181818181818 0.06136363636363636
3 0.8301136363636363 0.21988636363636363 0.014772727272727272 0.040340909090909094
3 0.5909090909090909 0.41818181818181815 0.016477272727272726 0.05568181818181818
3 0.9056818181818181 0.23522727272727273 0.01818181818181818 0.03465909090909091
3 0.01818181818181818 0.05738636363636364 0.010795454545454546 0.03465909090909091
2 0.4068181818181818 0.35568181818181815 0.08295454545454546 0.11931818181818182
2 0.4244318181818182 0.29772727272727273 0.08125 0.1125
3 0.28011363636363634 0.11931818181818182 0.011931818181818182 0.03068181818181818
2 0.4948863636363636 0.3181818181818182 0.07897727272727273 0.10852272727272727
3 0.8897727272727273 0.22897727272727272 0.014204545454545454 0.04147727272727273