3 0.48579545454545453 0.7914772727272728 0.08693181818181818 0.09431818181818181
3 0.4744318181818182 0.39488636363636365 0.06420454545454546 0.06534090909090909
3 0.8590909090909091 0.18522727272727274 0.04659090909090909 0.0625
3 0.07670454545454546 0.3806818181818182 0.0625 0.06647727272727273
3 0.06818181818181818 0.5971590909090909 0.08579545454545455 0.08863636363636364
3 0.15738636363636363 0.4056818181818182 0.061931818181818185 0.06647727272727273
2 0.4238636363636364 0.5505681818181818 0.1630681818181818 0.15681818181818183
3 0.4943181818181818 0.1590909090909091 0.017045454545454544 0.05113636363636364
3 0.6454545454545455 0.4380681818181818 0.07272727272727272 0.07102272727272728
3 0.5596590909090909 0.15568181818181817 0.016477272727272726 0.05568181818181818
3 0.19943181818181818 0.3755681818181818 0.04772727272727273 0.06818181818181818
3 0.7892045454545454 0.3119318181818182 0.05056818181818182 0.09318181818181819
3 0.5244318181818182 0.17784090909090908 0.020454545454545454 0.05284090909090909
3 0.6642045454545454 0.19318181818181818 0.019318181818181818 0.05568181818181818
2 0.06818181818181818 0.5034090909090909 0.13579545454545455 0.1625
3 0.46875 0.16818181818181818 0.01875 0.058522727272727275
3 0.5375 0.15568181818181817 0.01875 0.05568181818181818
2 0.2767045454545455 0.4369318181818182 0.16818181818181818 0.1431818181818182
3 0.8323863636363636 0.32443181818181815 0.03068181818181818 0.06534090909090909
3 0.7039772727272727 0.4056818181818182 0.05909090909090909 0.06931818181818182
3 0.63125 0.18409090909090908 0.01875 0.05397727272727273
3 0.4426136363636364 0.1380681818181818 0.021022727272727273 0.056818181818181816
3 0.5977272727272728 0.2028409090909091 0.020454545454545454 0.058522727272727275
3 0.6920454545454545 0.21647727272727274 0.024431818181818183 0.05568181818181818
3 0.6789772727272727 0.2556818181818182 0.023295454545454546 0.05284090909090909
3 0.3130681818181818 0.3664772727272727 0.061931818181818185 0.06647727272727273
3 0.6982954545454545 0.16193181818181818 0.01875 0.056818181818181816
3 0.9863636363636363 0.4431818181818182 0.02727272727272727 0.04431818181818182
3 0.9875 0.02727272727272727 0.025 0.05113636363636364
3 0.41875 0.10909090909090909 0.01875 0.048863636363636366
3 0.7204545454545455 0.22102272727272726 0.028409090909090908 0.05
3 0.6102272727272727 0.1846590909090909 0.02159090909090909 0.06136363636363636
3 0.7431818181818182 0.3181818181818182 0.03295454545454545 0.06931818181818182
3 0.6545454545454545 0.10852272727272727 0.016477272727272726 0.04147727272727273
3 0.7068181818181818 0.31931818181818183 0.029545454545454545 0.06647727272727273