2 0.6170454545454546 0.6056818181818182 0.10056818181818182 0.26931818181818185
2 0.6039772727272728 0.26022727272727275 0.11420454545454546 0.17102272727272727
3 0.6801136363636363 0.1028409090909091 0.033522727272727273 0.05284090909090909
2 0.53125 0.3840909090909091 0.08125 0.20397727272727273
3 0.9142045454545454 0.5494318181818182 0.056818181818181816 0.10681818181818181
3 0.7051136363636363 0.2818181818181818 0.031818181818181815 0.06931818181818182
3 0.017045454545454544 0.3653409090909091 0.03409090909090909 0.06647727272727273
3 0.7596590909090909 0.2994318181818182 0.03977272727272727 0.07102272727272728
3 0.9789772727272728 0.2551136363636364 0.042045454545454546 0.05568181818181818
3 0.6443181818181818 0.15568181818181817 0.031818181818181815 0.06647727272727273
3 0.275 0.3380681818181818 0.025 0.0625
3 0.3488636363636364 0.4198863636363636 0.02727272727272727 0.06534090909090909
2 0.48011363636363635 0.11818181818181818 0.07556818181818181 0.10568181818181818
2 0.2721590909090909 0.17784090909090908 0.07102272727272728 0.11363636363636363
3 0.5375 0.07556818181818181 0.025 0.04602272727272727
3 0.2625 0.10340909090909091 0.023295454545454546 0.0375
3 0.32443181818181815 0.48522727272727273 0.026704545454545453 0.08181818181818182
3 0.20625 0.19488636363636364 0.01875 0.05113636363636364
2 0.5732954545454545 0.13693181818181818 0.09659090909090909 0.10681818181818181
3 0.32272727272727275 0.6130681818181818 0.025 0.07613636363636364
3 0.17954545454545454 0.10852272727272727 0.017045454545454544 0.04147727272727273
2 0.48920454545454545 0.056818181818181816 0.07102272727272728 0.1028409090909091
2 0.29204545454545455 0.05909090909090909 0.056818181818181816 0.0846590909090909
3 0.008522727272727272 0.4193181818181818 0.017045454545454544 0.04715909090909091
3 0.13522727272727272 0.00909090909090909 0.014204545454545454 0.01818181818181818
2 0.39886363636363636 0.040340909090909094 0.06477272727272727 0.08068181818181819
3 0.5892045454545455 0.08522727272727272 0.02159090909090909 0.021022727272727273
3 0.16420454545454546 0.01875 0.017045454545454544 0.0375