3 0.7579545454545454 0.3835227272727273 0.04431818181818182 0.05284090909090909
3 0.7056818181818182 0.3778409090909091 0.042045454545454546 0.05568181818181818
2 0.425 0.5710227272727273 0.15 0.15568181818181817
3 0.6619318181818182 0.39431818181818185 0.03295454545454545 0.06136363636363636
3 0.9306818181818182 0.2369318181818182 0.01818181818181818 0.04318181818181818
2 0.8107954545454545 0.7568181818181818 0.18409090909090908 0.2056818181818182
3 0.6125 0.4193181818181818 0.03125 0.06931818181818182
3 0.3698863636363636 0.38181818181818183 0.022727272727272728 0.05568181818181818
3 0.525 0.43522727272727274 0.03125 0.056818181818181816
3 0.45170454545454547 0.4244318181818182 0.022727272727272728 0.06534090909090909
3 0.12613636363636363 0.21306818181818182 0.016477272727272726 0.05113636363636364
3 0.8295454545454546 0.21647727272727274 0.014772727272727272 0.05
3 0.0125 0.4005681818181818 0.025 0.048863636363636366
3 0.8892045454545454 0.23068181818181818 0.015909090909090907 0.04147727272727273
3 0.40454545454545454 0.3806818181818182 0.023295454545454546 0.05284090909090909
3 0.49375 0.4119318181818182 0.025 0.056818181818181816
2 0.26420454545454547 0.4022727272727273 0.09147727272727273 0.1375
3 0.5630681818181819 0.4346590909090909 0.031818181818181815 0.06363636363636363
3 0.006818181818181818 0.07443181818181818 0.008522727272727272 0.03465909090909091
3 0.26420454545454547 0.2096590909090909 0.019318181818181818 0.05
2 0.6676136363636364 0.2556818181818182 0.09602272727272727 0.06931818181818182
3 0.17329545454545456 0.23068181818181818 0.022727272727272728 0.033522727272727273
2 0.8755681818181819 0.42556818181818185 0.10568181818181818 0.10113636363636364
3 0.6267045454545455 0.38181818181818183 0.019318181818181818 0.04715909090909091
2 0.3079545454545455 0.17727272727272728 0.06306818181818181 0.07613636363636364