3 0.30170454545454545 0.3215909090909091 0.02159090909090909 0.04602272727272727
3 0.11079545454545454 0.3181818181818182 0.02556818181818182 0.04431818181818182
3 0.6482954545454546 0.5119318181818182 0.024431818181818183 0.056818181818181816
3 0.35170454545454544 0.4602272727272727 0.03579545454545455 0.05113636363636364
3 0.32670454545454547 0.3164772727272727 0.023295454545454546 0.04147727272727273
3 0.59375 0.5522727272727272 0.023295454545454546 0.0625
3 0.7755681818181818 0.5869318181818182 0.021022727272727273 0.05965909090909091
3 0.024431818181818183 0.3693181818181818 0.025 0.05
3 0.38920454545454547 0.2943181818181818 0.025 0.04431818181818182
3 0.04431818181818182 0.32443181818181815 0.031818181818181815 0.04602272727272727
3 0.5130681818181818 0.3977272727272727 0.020454545454545454 0.05113636363636364
3 0.18409090909090908 0.3039772727272727 0.023295454545454546 0.03068181818181818
2 0.8806818181818182 0.4198863636363636 0.05795454545454545 0.12386363636363637
3 0.1630681818181818 0.30568181818181817 0.026704545454545453 0.04147727272727273
3 0.55625 0.3494318181818182 0.025 0.04318181818181818
3 0.15 0.29602272727272727 0.01875 0.04147727272727273
2 0.7505681818181819 0.5215909090909091 0.06818181818181818 0.12897727272727272
3 0.8426136363636364 0.5443181818181818 0.028977272727272727 0.08352272727272728
2 0.8176136363636364 0.3806818181818182 0.10397727272727272 0.23068181818181818
3 0.8119318181818181 0.5840909090909091 0.02556818181818182 0.09318181818181819
3 0.8693181818181818 0.5602272727272727 0.017045454545454544 0.056818181818181816
2 0.7505681818181819 0.36477272727272725 0.048295454545454544 0.07897727272727273