3 0.7380681818181818 0.13068181818181818 0.03806818181818182 0.05284090909090909
3 0.6 0.14772727272727273 0.01875 0.05397727272727273
3 0.6619318181818182 0.04147727272727273 0.020454545454545454 0.04715909090909091
3 0.6988636363636364 0.22215909090909092 0.022727272727272728 0.06136363636363636
3 0.6744318181818182 0.2318181818181818 0.019318181818181818 0.058522727272727275
3 0.5289772727272727 0.22443181818181818 0.023295454545454546 0.06818181818181818
3 0.6431818181818182 0.23522727272727273 0.03068181818181818 0.06534090909090909
3 0.55 0.16193181818181818 0.01875 0.05965909090909091
3 0.7295454545454545 0.21988636363636363 0.022727272727272728 0.06534090909090909
3 0.49375 0.15681818181818183 0.01875 0.058522727272727275
3 0.5721590909090909 0.14602272727272728 0.019318181818181818 0.058522727272727275
3 0.053409090909090906 0.18522727272727274 0.04602272727272727 0.06534090909090909
3 0.46875 0.15681818181818183 0.01875 0.06363636363636363
3 0.6232954545454545 0.1380681818181818 0.017045454545454544 0.04318181818181818
3 0.6454545454545455 0.13693181818181818 0.020454545454545454 0.04602272727272727
3 0.44545454545454544 0.13977272727272727 0.01875 0.05965909090909091
3 0.5198863636363636 0.15056818181818182 0.021022727272727273 0.05397727272727273
2 0.40397727272727274 0.044886363636363634 0.06931818181818182 0.08977272727272727