3 0.7244318181818182 0.6681818181818182 0.06647727272727273 0.07784090909090909
3 0.6846590909090909 0.5789772727272727 0.060227272727272727 0.06931818181818182
3 0.9306818181818182 0.2369318181818182 0.017045454545454544 0.04318181818181818
3 0.2869318181818182 0.5289772727272727 0.042045454545454546 0.06931818181818182
3 0.9568181818181818 0.7306818181818182 0.07556818181818181 0.08068181818181819
3 0.5823863636363636 0.5727272727272728 0.05397727272727273 0.07386363636363637
3 0.33693181818181817 0.4119318181818182 0.03068181818181818 0.05397727272727273
3 0.036931818181818184 0.16818181818181818 0.013068181818181817 0.04147727272727273
3 0.8301136363636363 0.21477272727272728 0.014772727272727272 0.05113636363636364
3 0.8897727272727273 0.22897727272727272 0.014204545454545454 0.04147727272727273
2 0.47670454545454544 0.5818181818181818 0.14545454545454545 0.15568181818181817
3 0.06136363636363636 0.18352272727272728 0.014772727272727272 0.04147727272727273
3 0.4431818181818182 0.41818181818181815 0.026704545454545453 0.06136363636363636
3 0.5920454545454545 0.4153409090909091 0.03295454545454545 0.06647727272727273
3 0.3721590909090909 0.3806818181818182 0.022727272727272728 0.05568181818181818
3 0.5232954545454546 0.4119318181818182 0.03125 0.05965909090909091
3 0.4625 0.3880681818181818 0.01875 0.056818181818181816
3 0.08636363636363636 0.13068181818181818 0.014772727272727272 0.033522727272727273
3 0.40454545454545454 0.3806818181818182 0.02159090909090909 0.05
3 0.03409090909090909 0.3755681818181818 0.03409090909090909 0.056818181818181816
3 0.019318181818181818 0.40511363636363634 0.038636363636363635 0.053409090909090906
3 0.37329545454545454 0.22443181818181818 0.013068181818181817 0.0375
2 0.18806818181818183 0.2755681818181818 0.06647727272727273 0.08181818181818182
3 0.8693181818181818 0.23068181818181818 0.020454545454545454 0.033522727272727273
2 0.27954545454545454 0.22897727272727272 0.05454545454545454 0.07784090909090909
3 0.35170454545454544 0.3119318181818182 0.020454545454545454 0.048863636363636366
3 0.4909090909090909 0.3494318181818182 0.01818181818181818 0.04602272727272727
2 0.7306818181818182 0.3153409090909091 0.10397727272727272 0.09431818181818181