2 0.8676136363636363 0.5369318181818182 0.19772727272727272 0.1903409090909091
3 0.5289772727272727 0.2255681818181818 0.023295454545454546 0.06818181818181818
2 0.4954545454545455 0.32443181818181815 0.1409090909090909 0.14886363636363636
3 0.6397727272727273 0.23238636363636364 0.029545454545454545 0.06534090909090909
3 0.4914772727272727 0.19318181818181818 0.02159090909090909 0.06363636363636363
3 0.6659090909090909 0.23068181818181818 0.02556818181818182 0.06931818181818182
3 0.15795454545454546 0.27443181818181817 0.022727272727272728 0.06534090909090909
3 0.13636363636363635 0.14659090909090908 0.02727272727272727 0.05397727272727273
3 0.5494318181818182 0.16022727272727272 0.017045454545454544 0.05965909090909091
3 0.6977272727272728 0.22102272727272726 0.020454545454545454 0.058522727272727275
3 0.02556818181818182 0.4193181818181818 0.05056818181818182 0.06931818181818182
3 0.6005681818181818 0.1494318181818182 0.017045454545454544 0.05397727272727273
3 0.46875 0.15965909090909092 0.01875 0.06136363636363636
3 0.7147727272727272 0.21022727272727273 0.01875 0.056818181818181816
3 0.6386363636363637 0.1403409090909091 0.02727272727272727 0.058522727272727275
3 0.10909090909090909 0.16363636363636364 0.03920454545454546 0.06363636363636363
3 0.030113636363636363 0.36022727272727273 0.036931818181818184 0.0625
3 0.35511363636363635 0.025 0.022727272727272728 0.05
2 0.40454545454545454 0.04659090909090909 0.06931818181818182 0.09318181818181819
3 0.44431818181818183 0.13693181818181818 0.020454545454545454 0.05965909090909091
3 0.5732954545454545 0.044886363636363634 0.017045454545454544 0.05113636363636364
3 0.5068181818181818 0.15056818181818182 0.020454545454545454 0.056818181818181816