3 0.33181818181818185 0.29545454545454547 0.3340909090909091 0.29659090909090907 0.33636363636363636 0.30454545454545456 0.3375 0.3159090909090909 0.3375 0.325 0.3340909090909091 0.33181818181818185 0.32954545454545453 0.3340909090909091 0.32272727272727275 0.33181818181818185 0.3181818181818182 0.3261363636363636 0.3170454545454545 0.31931818181818183 0.3181818181818182 0.2988636363636364 0.32045454545454544 0.29772727272727273 0.32840909090909093 0.30454545454545456 0.3306818181818182 0.29659090909090907
3 0.6477272727272727 0.5681818181818182 0.6511363636363636 0.5681818181818182 0.6568181818181819 0.5727272727272728 0.6647727272727273 0.5738636363636364 0.6670454545454545 0.5840909090909091 0.6647727272727273 0.5954545454545455 0.6579545454545455 0.6068181818181818 0.6465909090909091 0.6193181818181818 0.6409090909090909 0.6193181818181818 0.6375 0.6125 0.6375 0.5988636363636364 0.6431818181818182 0.5761363636363637 0.6477272727272727 0.5693181818181818
3 0.056818181818181816 0.3170454545454545 0.06136363636363636 0.32840909090909093 0.060227272727272727 0.3443181818181818 0.05568181818181818 0.3443181818181818 0.05227272727272727 0.3409090909090909 0.04318181818181818 0.34204545454545454 0.03409090909090909 0.3386363636363636 0.03068181818181818 0.33295454545454545 0.03068181818181818 0.31477272727272726 0.035227272727272725 0.29318181818181815 0.042045454545454546 0.2852272727272727 0.048863636363636366 0.29545454545454547 0.05 0.3079545454545455 0.05568181818181818 0.3170454545454545
3 0.7568181818181818 0.7875 0.7647727272727273 0.7965909090909091 0.7625 0.8284090909090909 0.759090909090909 0.8465909090909091 0.7545454545454545 0.8579545454545454 0.7454545454545455 0.8704545454545455 0.7431818181818182 0.8704545454545455 0.740909090909091 0.8647727272727272 0.740909090909091 0.8363636363636363 0.7477272727272727 0.8022727272727272 0.7477272727272727 0.7909090909090909 0.7511363636363636 0.7863636363636364 0.7556818181818182 0.7875
3 0.3886363636363636 0.2784090909090909 0.39431818181818185 0.2852272727272727 0.39431818181818185 0.3034090909090909 0.3806818181818182 0.30227272727272725 0.3784090909090909 0.3 0.3784090909090909 0.2863636363636364 0.3806818181818182 0.27954545454545454 0.3875 0.2784090909090909
3 0.375 0.2340909090909091 0.3795454545454545 0.2340909090909091 0.3965909090909091 0.2431818181818182 0.39545454545454545 0.25227272727272726 0.39090909090909093 0.25795454545454544 0.37386363636363634 0.25795454545454544 0.37272727272727274 0.2375 0.375 0.23522727272727273
3 0.019318181818181818 0.34545454545454546 0.019318181818181818 0.35 0.022727272727272728 0.3534090909090909 0.03409090909090909 0.3522727272727273 0.035227272727272725 0.36477272727272725 0.03295454545454545 0.38181818181818183 0.025 0.38636363636363635 0.019318181818181818 0.39431818181818185 0.015909090909090907 0.39545454545454545 0.013636363636363636 0.37272727272727274 0.015909090909090907 0.3693181818181818 0.017045454545454544 0.35795454545454547 0.015909090909090907 0.3465909090909091 0.01818181818181818 0.34545454545454546
3 0.5045454545454545 0.5931818181818181 0.5102272727272728 0.5920454545454545 0.5136363636363637 0.5977272727272728 0.5136363636363637 0.6079545454545454 0.509090909090909 0.634090909090909 0.5068181818181818 0.6375 0.49318181818181817 0.6420454545454546 0.49204545454545456 0.6443181818181818 0.48409090909090907 0.6420454545454546 0.48068181818181815 0.6465909090909091 0.47613636363636364 0.6477272727272727 0.47045454545454546 0.6477272727272727 0.4659090909090909 0.6386363636363637 0.46704545454545454 0.6170454545454546 0.4772727272727273 0.5988636363636364 0.48068181818181815 0.5954545454545455 0.48409090909090907 0.5954545454545455 0.4943181818181818 0.6011363636363637 0.5045454545454545 0.5943181818181819
3 0 0.35568181818181815 0.0022727272727272726 0.35568181818181815 0.005681818181818182 0.36022727272727273 0.004545454545454545 0.3795454545454545 0.0022727272727272726 0.38977272727272727 0 0.39090909090909093 0 0.3568181818181818
3 0.7625 0.7431818181818182 0.7670454545454546 0.7431818181818182 0.7738636363636363 0.7772727272727272 0.7670454545454546 0.7965909090909091 0.7647727272727273 0.8272727272727273 0.7613636363636364 0.8409090909090909 0.7488636363636364 0.8670454545454546 0.7431818181818182 0.8704545454545455 0.740909090909091 0.8647727272727272 0.740909090909091 0.8329545454545455 0.75 0.7863636363636364 0.7477272727272727 0.7818181818181819 0.7477272727272727 0.7727272727272727 0.7579545454545454 0.7568181818181818 0.7625 0.7443181818181818
3 0 0.2909090909090909 0.011363636363636364 0.29659090909090907 0.017045454545454544 0.3159090909090909 0.017045454545454544 0.325 0.007954545454545454 0.32840909090909093 0 0.32727272727272727 0 0.29204545454545455
3 0.6829545454545455 0.5761363636363637 0.6863636363636364 0.5795454545454546 0.6920454545454545 0.6079545454545454 0.6920454545454545 0.6227272727272727 0.6863636363636364 0.6386363636363637 0.6772727272727272 0.65 0.6693181818181818 0.6568181818181819 0.6613636363636364 0.6545454545454545 0.6579545454545455 0.65 0.6568181818181819 0.6352272727272728 0.6579545454545455 0.6227272727272727 0.6659090909090909 0.6125 0.6704545454545454 0.5931818181818181 0.675 0.5840909090909091 0.6818181818181818 0.5772727272727273
7 0.6125 0.7805555556818181 0.596875 0.7611111113636364 0.5359375 0.7236111113636364 0.5234375 0.7194444443181819 0.50859375 0.7222222227272728 0.421875 0.8375 0.38984375 0.8694444443181819 0.29140625 0.9930555556818181 0.2890625 0.9986111113636363 0.596875 0.9986111113636363 0.609375 0.8805555556818181 0.6125 0.7805555556818181