3 0.225 0.8539772727272728 0.05625 0.07215909090909091
3 0.7676136363636363 0.8130681818181819 0.02727272727272727 0.0875
2 0.75 0.5880681818181818 0.0875 0.12102272727272727
3 0.6721590909090909 0.48522727272727273 0.01818181818181818 0.05113636363636364
3 0.07102272727272728 0.95625 0.06079545454545455 0.0875
3 0.13920454545454544 0.8602272727272727 0.058522727272727275 0.07102272727272728
2 0.5869318181818182 0.8352272727272727 0.09375 0.14602272727272728
3 0.4193181818181818 0.7323863636363637 0.03068181818181818 0.06534090909090909
3 0.4346590909090909 0.5931818181818181 0.01818181818181818 0.058522727272727275
3 0.18920454545454546 0.6181818181818182 0.04375 0.05284090909090909
3 0.6170454545454546 0.7181818181818181 0.03806818181818182 0.08068181818181819
3 0.17556818181818182 0.8306818181818182 0.03068181818181818 0.06647727272727273
3 0.39943181818181817 0.7681818181818182 0.022727272727272728 0.06931818181818182
3 0.35454545454545455 0.8181818181818182 0.051704545454545454 0.07215909090909091
3 0.275 0.6119318181818182 0.029545454545454545 0.06818181818181818
3 0.08920454545454545 0.9005681818181818 0.04375 0.07386363636363637
3 0.6693181818181818 0.7352272727272727 0.051704545454545454 0.08181818181818182
3 0.01818181818181818 0.9568181818181818 0.03579545454545455 0.08352272727272728
2 0.23068181818181818 0.4102272727272727 0.06818181818181818 0.07386363636363637
3 0.39943181818181817 0.4153409090909091 0.0125 0.03068181818181818
3 0.3494318181818182 0.3443181818181818 0.014204545454545454 0.04431818181818182
3 0.3744318181818182 0.3744318181818182 0.0125 0.040340909090909094
3 0.024431818181818183 0.8664772727272727 0.048295454545454544 0.06363636363636363
3 0.23863636363636365 0.6136363636363636 0.03068181818181818 0.05
3 0.38636363636363635 0.6823863636363636 0.021022727272727273 0.0625
3 0.5761363636363637 0.5869318181818182 0.022727272727272728 0.05397727272727273
2 0.76875 0.9346590909090909 0.08125 0.125
3 0.3744318181818182 0.5806818181818182 0.03125 0.06931818181818182
3 0.24431818181818182 0.7852272727272728 0.024431818181818183 0.06534090909090909
3 0.09318181818181819 0.6835227272727272 0.03579545454545455 0.06136363636363636
2 0.4732954545454545 0.5619318181818181 0.058522727272727275 0.0903409090909091
2 0.5659090909090909 0.4159090909090909 0.04659090909090909 0.0625
0 0.2863636363636364 0.12215909090909091 0.06818181818181818 0.15