2 0.5244318181818182 0.6840909090909091 0.1431818181818182 0.24602272727272728
2 0.6306818181818182 0.28806818181818183 0.10454545454545454 0.15113636363636362
3 0.6630681818181818 0.6278409090909091 0.028977272727272727 0.0971590909090909
2 0.6892045454545455 0.21818181818181817 0.11306818181818182 0.15568181818181817
2 0.49318181818181817 0.10852272727272727 0.08181818181818182 0.12215909090909091
3 0.27102272727272725 0.4715909090909091 0.028409090909090908 0.09318181818181819
3 0.8596590909090909 0.38181818181818183 0.04318181818181818 0.06647727272727273
2 0.897159090909091 0.20397727272727273 0.13522727272727272 0.13636363636363635
2 0.3392045454545455 0.1215909090909091 0.06875 0.09318181818181819
3 0.31931818181818183 0.24488636363636362 0.024431818181818183 0.05965909090909091
3 0.19488636363636364 0.035227272727272725 0.021022727272727273 0.056818181818181816
2 0.8977272727272727 0.5931818181818181 0.19090909090909092 0.2943181818181818
3 0.010227272727272727 0.47897727272727275 0.020454545454545454 0.1028409090909091
3 0.010795454545454546 0.39488636363636365 0.021022727272727273 0.048863636363636366
3 0.2534090909090909 0.12443181818181819 0.021022727272727273 0.04318181818181818
2 0.8448863636363636 0.10397727272727272 0.12443181818181819 0.09431818181818181
3 0.2539772727272727 0.2159090909090909 0.01875 0.048863636363636366