2 0.5113636363636364 0.7556818181818182 0.17102272727272727 0.31136363636363634
2 0.5698863636363637 0.5505681818181818 0.14431818181818182 0.20113636363636364
3 0.5761363636363637 0.16818181818181818 0.021022727272727273 0.05568181818181818
3 0.6323863636363637 0.8028409090909091 0.05397727272727273 0.13068181818181818
3 0.5568181818181818 0.21363636363636362 0.021022727272727273 0.06363636363636363
2 0.40795454545454546 0.26022727272727275 0.09602272727272727 0.1403409090909091
3 0.4647727272727273 0.14659090909090908 0.01875 0.056818181818181816
3 0.5267045454545455 0.2318181818181818 0.025 0.058522727272727275
2 0.3170454545454545 0.3477272727272727 0.08295454545454546 0.13465909090909092
3 0.7306818181818182 0.23068181818181818 0.036931818181818184 0.06647727272727273
3 0.4318181818181818 0.11534090909090909 0.019318181818181818 0.05
3 0.696590909090909 0.16818181818181818 0.015909090909090907 0.058522727272727275
3 0.6232954545454545 0.19943181818181818 0.03068181818181818 0.06534090909090909
3 0.7130681818181818 0.16818181818181818 0.01818181818181818 0.05568181818181818
3 0.49318181818181817 0.1715909090909091 0.020454545454545454 0.056818181818181816
2 0.35795454545454547 0.12897727272727272 0.06704545454545455 0.09431818181818181
2 0.8454545454545455 0.11193181818181819 0.1215909090909091 0.12102272727272727
2 0.6460227272727272 0.14602272727272728 0.09659090909090909 0.13636363636363635
2 0.29261363636363635 0.05227272727272727 0.05568181818181818 0.10113636363636364
2 0.21988636363636363 0.06818181818181818 0.058522727272727275 0.09431818181818181
3 0.007386363636363636 0.42215909090909093 0.014772727272727272 0.08863636363636364