2 0.9171875 0.9819444443181818 0.93203125 0.9986111113636363 0.99921875 0.9986111113636363 0.99921875 0.9194444443181818 0.95625 0.8763888886363637 0.9234375 0.8541666670454545 0.90859375 0.8527777772727273 0.89453125 0.8611111113636364 0.87578125 0.9 0.8765625 0.9375 0.88984375 0.9652777772727272 0.896875 0.9722222227272728 0.9171875 0.9819444443181818
2 0.73671875 0.9666666670454545 0.74375 0.9902777772727273 0.7734375 0.9944444443181819 0.79609375 0.9875 0.80625 0.9736111113636364 0.8078125 0.9444444443181819 0.790625 0.9083333329545455 0.78671875 0.8916666670454545 0.775 0.8861111113636364 0.7703125 0.8666666670454545 0.7484375 0.8375 0.7203125 0.8166666670454545 0.70546875 0.8166666670454545 0.696875 0.8222222227272727 0.68203125 0.8513888886363636 0.68046875 0.8847222227272727 0.6890625 0.9208333329545455 0.7171875 0.9388888886363637 0.73671875 0.9666666670454545
3 0.8383437499999999 0.975 0.8469374999999999 0.9791666670454545 0.861 0.9986111113636363 0.86725 0.9916666670454545 0.8656874999999999 0.9694444443181819 0.8688125 0.9625 0.86334375 0.9375 0.85553125 0.9111111113636364 0.8430312499999999 0.8916666670454545 0.8328749999999999 0.8861111113636364 0.82584375 0.8916666670454545 0.82428125 0.9055555556818181 0.81803125 0.9194444443181818 0.81803125 0.9416666670454545 0.82584375 0.9625 0.83365625 0.9638888886363636 0.8383437499999999 0.975
3 0.86725 0.8569444443181818 0.8774062499999999 0.8597222227272727 0.8781874999999999 0.8194444443181819 0.86725 0.7819444443181819 0.85553125 0.7652777772727273 0.8524062499999999 0.7791666670454545 0.8422499999999999 0.7861111113636364 0.8430312499999999 0.7972222227272727 0.8375625 0.8069444443181819 0.8422499999999999 0.8319444443181819 0.86725 0.8569444443181818
3 0.8820937499999999 0.7680555556818182 0.8680312499999999 0.7416666670454545 0.8602187499999999 0.7597222227272727 0.8617812499999999 0.775 0.8797499999999999 0.825 0.88834375 0.8263888886363636 0.8820937499999999 0.7680555556818182
3 0.9172499999999999 0.8388888886363636 0.9070937499999999 0.8111111113636363 0.90240625 0.8111111113636363 0.8930312499999999 0.825 0.8906875 0.8305555556818182 0.8914687499999999 0.8569444443181818 0.9172499999999999 0.85 0.9172499999999999 0.8388888886363636
3 0.9511363636363637 0.8340909090909091 0.9545454545454546 0.8363636363636363 0.9545454545454546 0.8477272727272728 0.9590909090909091 0.8590909090909091 0.9568181818181818 0.865909090909091 0.9602272727272727 0.8727272727272727 0.9590909090909091 0.8784090909090909 0.9534090909090909 0.8772727272727273 0.946590909090909 0.8693181818181818 0.9261363636363636 0.8568181818181818 0.9204545454545454 0.8465909090909091 0.9227272727272727 0.8352272727272727 0.9306818181818182 0.8352272727272727 0.9386363636363636 0.8431818181818181 0.9431818181818182 0.8329545454545455 0.95 0.8340909090909091
3 0.9511363636363637 0.7715909090909091 0.9545454545454546 0.775 0.9568181818181818 0.7965909090909091 0.9647727272727272 0.8 0.9693181818181819 0.8125 0.9693181818181819 0.8386363636363636 0.9738636363636364 0.8488636363636364 0.975 0.8579545454545454 0.975 0.8647727272727272 0.9715909090909091 0.8715909090909091 0.9625 0.8693181818181818 0.9556818181818182 0.8352272727272727 0.9454545454545454 0.8284090909090909 0.9409090909090909 0.8193181818181818 0.9409090909090909 0.7977272727272727 0.9443181818181818 0.7886363636363637 0.9443181818181818 0.7784090909090909 0.9454545454545454 0.7727272727272727 0.9477272727272728 0.7704545454545455 0.95 0.7715909090909091
3 0.990909090909091 0.8602272727272727 0.9943181818181818 0.865909090909091 0.9954545454545455 0.8818181818181818 0.9988636363636364 0.8829545454545454 0.9988636363636364 0.9170454545454545 0.9954545454545455 0.9159090909090909 0.9954545454545455 0.9125 0.9886363636363636 0.9079545454545455 0.9806818181818182 0.8977272727272727 0.9829545454545454 0.8715909090909091 0.9863636363636363 0.8625 0.9897727272727272 0.8602272727272727
6 0.6564671875000001 0.7242277772727272 0.6650609375000001 0.7367277772727272 0.6720921875000001 0.7645055556818182 0.6924046875000001 0.77145 0.7025609375 0.7853388886363636 0.7080296875000001 0.7867277772727272 0.7181859375 0.8047833329545455 0.7205296875 0.8158944443181818 0.7299046875 0.8228388886363636 0.7650609375 0.8256166670454546 0.7861546875000001 0.8131166670454546 0.7845921875 0.7311722227272728 0.7783421875000001 0.70895 0.7580296875000001 0.6756166670454546 0.7291234375000001 0.6492277772727272 0.7189671875000001 0.64645 0.6947484375 0.6270055556818183 0.6556859375 0.6395055556818182 0.6588109375000001 0.6672833329545454 0.6549046875000001 0.6853388886363636 0.6549046875000001 0.7158944443181818 0.6564671875000001 0.7242277772727272
1 0.6390625 0.9180555556818181 0.64453125 0.8777777772727272 0.6421875 0.8347222227272727 0.63671875 0.8333333329545455 0.62734375 0.8541666670454545 0.62734375 0.8763888886363637 0.63125 0.8875 0.63046875 0.9069444443181819 0.6390625 0.9180555556818181
2 0.57890625 0.7472222227272728 0.60078125 0.7875 0.6296875 0.7847222227272728 0.646875 0.7763888886363636 0.64921875 0.7555555556818181 0.646875 0.7388888886363636 0.6375 0.7291666670454545 0.62265625 0.6958333329545455 0.60859375 0.6819444443181819 0.5984375 0.6763888886363636 0.57421875 0.6805555556818181 0.56484375 0.7111111113636364 0.56484375 0.7402777772727273 0.5671875 0.7472222227272728 0.5703125 0.7513888886363637 0.57890625 0.7472222227272728
3 0.61484375 0.6888888886363637 0.615625 0.6888888886363637 0.61796875 0.6930555556818181 0.621875 0.6958333329545455 0.6265625 0.7041666670454545 0.6265625 0.7055555556818182 0.6296875 0.7055555556818182 0.6296875 0.7083333329545455 0.63046875 0.7041666670454545 0.6296875 0.6930555556818181 0.628125 0.6902777772727272 0.62734375 0.6902777772727272 0.6234375 0.6805555556818181 0.6234375 0.675 0.62265625 0.6736111113636364 0.621875 0.6680555556818181 0.6203125 0.6652777772727273 0.61640625 0.6652777772727273 0.61484375 0.6680555556818181 0.61484375 0.6722222227272727 0.61171875 0.6805555556818181 0.61171875 0.6847222227272728 0.61484375 0.6888888886363637
3 0.5784090909090909 0.6880681818181819 0.0005681818181818182 0.0011363636363636363
3 0.5602272727272727 0.6477272727272727 0.5647727272727273 0.6477272727272727 0.571590909090909 0.6727272727272727 0.571590909090909 0.6909090909090909 0.5670454545454545 0.6977272727272728 0.5670454545454545 0.7022727272727273 0.5647727272727273 0.7068181818181818 0.5613636363636364 0.7068181818181818 0.5579545454545455 0.7022727272727273 0.5556818181818182 0.6920454545454545 0.5579545454545455 0.6738636363636363 0.5556818181818182 0.6659090909090909 0.5579545454545455 0.6636363636363637 0.5602272727272727 0.6488636363636363
3 0.575 0.678409090909091 0.5727272727272728 0.6670454545454545 0.5681818181818182 0.6625 0.5659090909090909 0.6534090909090909 0.5659090909090909 0.6352272727272728 0.5681818181818182 0.6295454545454545 0.5727272727272728 0.6272727272727273 0.5772727272727273 0.6284090909090909 0.5806818181818182 0.6352272727272728 0.5875 0.6670454545454545 0.5863636363636363 0.678409090909091 0.5818181818181818 0.678409090909091 0.5784090909090909 0.6818181818181818 0.5761363636363637 0.678409090909091
3 0.61171875 0.6541666670454545 0.6125 0.6611111113636364 0.615625 0.6652777772727273 0.6203125 0.6652777772727273 0.621875 0.6666666670454545 0.62265625 0.6694444443181818 0.6265625 0.6611111113636364 0.62734375 0.6361111113636364 0.6234375 0.6166666670454545 0.6234375 0.6125 0.621875 0.6097222227272727 0.6203125 0.6027777772727273 0.61875 0.6013888886363636 0.61640625 0.6027777772727273 0.61484375 0.6055555556818181 0.6109375 0.6194444443181819 0.60859375 0.6236111113636363 0.60859375 0.6430555556818182 0.61171875 0.6541666670454545
3 0.58671875 0.6111111113636364 0.58828125 0.6166666670454545 0.58984375 0.6166666670454545 0.590625 0.6180555556818181 0.5953125 0.6180555556818181 0.59921875 0.6222222227272728 0.60234375 0.6222222227272728 0.603125 0.6194444443181819 0.603125 0.6125 0.60234375 0.6111111113636364 0.60234375 0.5972222227272728 0.59921875 0.5902777772727272 0.5984375 0.5819444443181819 0.596875 0.5791666670454546 0.5953125 0.5694444443181819 0.59375 0.5652777772727272 0.5921875 0.5625 0.5875 0.5625 0.5859375 0.5694444443181819 0.58359375 0.575 0.5828125 0.5819444443181819 0.58046875 0.5902777772727272 0.58203125 0.6013888886363636 0.58671875 0.6111111113636364
3 0.62109375 0.5958333329545455 0.62265625 0.6 0.62421875 0.6013888886363636 0.6265625 0.6013888886363636 0.6296875 0.6041666670454545 0.6375 0.5944444443181819 0.6375 0.5888888886363636 0.6359375 0.5847222227272727 0.63515625 0.5791666670454546 0.6359375 0.5777777772727273 0.63125 0.5680555556818182 0.6296875 0.5625 0.6265625 0.5625 0.62578125 0.5638888886363637 0.62421875 0.5638888886363637 0.621875 0.5694444443181819 0.621875 0.5763888886363636 0.62109375 0.5777777772727273 0.6203125 0.5847222227272727 0.62109375 0.5958333329545455
2 0.5171875 0.6888888886363637 0.53125 0.6833333329545455 0.53203125 0.6680555556818181 0.52890625 0.6513888886363636 0.515625 0.6236111113636363 0.5078125 0.6152777772727273 0.496875 0.6097222227272727 0.484375 0.6111111113636364 0.478125 0.6194444443181819 0.4734375 0.6416666670454545 0.4734375 0.6638888886363636 0.490625 0.6791666670454545 0.4953125 0.6888888886363637 0.5171875 0.6888888886363637
2 0.56484375 0.6375 0.5671875 0.6305555556818181 0.5765625 0.6319444443181819 0.58125 0.6402777772727273 0.58671875 0.6361111113636364 0.58828125 0.625 0.584375 0.6194444443181819 0.57890625 0.5944444443181819 0.5640625 0.5722222227272727 0.5546875 0.5652777772727272 0.5390625 0.5638888886363637 0.52890625 0.5791666670454546 0.52734375 0.6083333329545455 0.53125 0.6208333329545455 0.55703125 0.6430555556818182 0.56484375 0.6375
2 0.57734375 0.5805555556818182 0.578125 0.5597222227272728 0.55859375 0.525 0.5390625 0.5222222227272727 0.53359375 0.5430555556818182 0.534375 0.5638888886363637 0.5546875 0.5638888886363637 0.57421875 0.5819444443181819 0.57734375 0.5805555556818182
2 0.45625 0.5916666670454545 0.45546875 0.5666666670454545 0.44453125 0.5375 0.425 0.5263888886363636 0.415625 0.5291666670454546 0.41171875 0.5375 0.41171875 0.5666666670454545 0.415625 0.5805555556818182 0.43125 0.5944444443181819 0.45625 0.5916666670454545
2 0.47045454545454546 0.5181818181818182 0.48522727272727273 0.5147727272727273 0.48977272727272725 0.5181818181818182 0.49204545454545456 0.5261363636363636 0.49886363636363634 0.5295454545454545 0.5056818181818182 0.5511363636363636 0.5113636363636364 0.5602272727272727 0.5113636363636364 0.575 0.5079545454545454 0.5795454545454546 0.48295454545454547 0.5795454545454546 0.47954545454545455 0.5625 0.48068181818181815 0.5465909090909091 0.4784090909090909 0.5363636363636364 0.4681818181818182 0.5318181818181819 0.46704545454545454 0.5284090909090909 0.4681818181818182 0.5204545454545455 0.47045454545454546 0.5193181818181818
2 0.484375 0.5152777772727273 0.4890625 0.5194444443181818 0.49296875 0.525 0.496875 0.5277777772727272 0.5046875 0.5430555556818182 0.51328125 0.5430555556818182 0.5140625 0.5416666670454545 0.5125 0.5194444443181818 0.51015625 0.5111111113636364 0.50390625 0.4986111113636364 0.49375 0.48888888863636365 0.48828125 0.4875 0.4875 0.4861111113636364 0.48671875 0.4875 0.47734375 0.48888888863636365 0.47421875 0.4930555556818182 0.4734375 0.49583333295454546 0.4734375 0.5125 0.47421875 0.5138888886363636 0.484375 0.5152777772727273
3 0.51953125 0.4944444443181818 0.51953125 0.5027777772727272 0.5203125 0.5041666670454545 0.52109375 0.5138888886363636 0.52265625 0.5180555556818182 0.52421875 0.5194444443181818 0.52734375 0.5194444443181818 0.52890625 0.5166666670454546 0.53125 0.5083333329545454 0.53125 0.5013888886363637 0.5296875 0.49583333295454546 0.528125 0.4930555556818182 0.5265625 0.4847222227272728 0.52578125 0.48333333295454545 0.521875 0.4819444443181818 0.521875 0.4875 0.52109375 0.48888888863636365 0.52109375 0.4916666670454546 0.51953125 0.4944444443181818
3 0.7984375 0.7472222227272728 0.796875 0.75 0.8 0.7597222227272727 0.8 0.7680555556818182 0.803125 0.7680555556818182 0.8078125 0.775 0.81484375 0.7791666670454545 0.8203125 0.7875 0.8203125 0.7902777772727273 0.82421875 0.7916666670454545 0.8265625 0.7847222227272728 0.8265625 0.775 0.82421875 0.7680555556818182 0.82421875 0.7652777772727273 0.82265625 0.7625 0.82109375 0.7444444443181819 0.81796875 0.7305555556818181 0.8140625 0.725 0.8125 0.725 0.81171875 0.7222222227272728 0.81328125 0.7194444443181819 0.8109375 0.7152777772727272 0.80859375 0.7138888886363636 0.8109375 0.7097222227272727 0.81015625 0.7083333329545455 0.80859375 0.7125 0.80703125 0.7097222227272727 0.8078125 0.7166666670454545 0.803125 0.7194444443181819 0.80078125 0.7263888886363636 0.8015625 0.7291666670454545 0.80078125 0.7361111113636364 0.79921875 0.7402777772727273 0.7984375 0.7472222227272728
1 0.94375 0.6861111113636363 0.93984375 0.6666666670454545 0.934375 0.6638888886363636 0.92578125 0.6861111113636363 0.925 0.7208333329545455 0.92734375 0.7305555556818181 0.9359375 0.7319444443181818 0.94375 0.6861111113636363
2 0.38125 0.5194444443181818 0.38203125 0.5208333329545455 0.3828125 0.5305555556818182 0.38671875 0.5361111113636364 0.38984375 0.5375 0.39296875 0.5430555556818182 0.39921875 0.5430555556818182 0.4 0.5444444443181818 0.40703125 0.5430555556818182 0.4109375 0.5375 0.41640625 0.5222222227272727 0.415625 0.5138888886363636 0.41015625 0.5027777772727272 0.4078125 0.4944444443181818 0.40625 0.4930555556818182 0.39921875 0.4916666670454546 0.3984375 0.49027777727272726 0.39609375 0.49027777727272726 0.39375 0.4861111113636364 0.390625 0.4861111113636364 0.3875 0.4916666670454546 0.38359375 0.4930555556818182 0.38203125 0.49722222272727273 0.38203125 0.5013888886363637 0.38046875 0.5083333329545454 0.38125 0.5097222227272727 0.38125 0.5194444443181818
2 0.41015625 0.4986111113636364 0.41953125 0.5166666670454546 0.42109375 0.5166666670454546 0.4234375 0.5208333329545455 0.425 0.5222222227272727 0.42890625 0.5222222227272727 0.43515625 0.5180555556818182 0.43671875 0.5208333329545455 0.4453125 0.5194444443181818 0.44765625 0.5152777772727273 0.44609375 0.5083333329545454 0.44609375 0.4986111113636364 0.44375 0.4916666670454546 0.44375 0.4875 0.43359375 0.47083333295454544 0.42890625 0.46944444431818183 0.428125 0.46805555568181817 0.41640625 0.46805555568181817 0.41171875 0.47222222272727277 0.409375 0.47777777727272724 0.40859375 0.4805555556818182 0.40859375 0.48888888863636365 0.41015625 0.4930555556818182 0.41015625 0.4986111113636364
2 0.40703125 0.4847222227272728 0.4140625 0.46666666704545456 0.41015625 0.44722222272727274 0.3984375 0.4361111113636364 0.3828125 0.44027777727272727 0.3828125 0.46666666704545456 0.3875 0.46805555568181817 0.39375 0.48333333295454545 0.40703125 0.4847222227272728
2 0.42890625 0.46527777727272723 0.42890625 0.4513888886363636 0.42265625 0.43472222272727273 0.4078125 0.4305555556818182 0.403125 0.4361111113636364 0.41015625 0.4458333329545454 0.41640625 0.46527777727272723 0.42890625 0.46527777727272723
3 0.446875 0.4569444443181818 0.4453125 0.48333333295454545 0.453125 0.4875 0.45234375 0.45972222272727276 0.446875 0.4569444443181818
3 0.37272727272727274 0.4602272727272727 0.375 0.4715909090909091 0.37613636363636366 0.4727272727272727 0.37727272727272726 0.47045454545454546 0.3784090909090909 0.475 0.37727272727272726 0.48409090909090907 0.3795454545454545 0.48977272727272725 0.3784090909090909 0.4943181818181818 0.375 0.4909090909090909 0.37272727272727274 0.48295454545454547 0.37272727272727274 0.46136363636363636
3 0.36818181818181817 0.45340909090909093 0.3715909090909091 0.4602272727272727 0.3715909090909091 0.48295454545454547 0.36818181818181817 0.4818181818181818 0.3659090909090909 0.4727272727272727 0.3659090909090909 0.45795454545454545 0.36818181818181817 0.45454545454545453
2 0.3375 0.4847222227272728 0.33828125 0.4861111113636364 0.33828125 0.49027777727272726 0.3390625 0.49027777727272726 0.34140625 0.4944444443181818 0.3484375 0.5 0.3578125 0.5 0.35859375 0.4986111113636364 0.3625 0.4986111113636364 0.3625 0.49722222272727273 0.3640625 0.4944444443181818 0.3640625 0.4819444443181818 0.3625 0.47638888863636364 0.3625 0.46944444431818183 0.3609375 0.46527777727272723 0.3609375 0.4625 0.35859375 0.4583333329545454 0.3546875 0.45416666704545455 0.35234375 0.45416666704545455 0.3515625 0.4527777772727272 0.3421875 0.4527777772727272 0.34140625 0.45416666704545455 0.3390625 0.45416666704545455 0.3375 0.4569444443181818 0.33671875 0.45972222272727276 0.33671875 0.47638888863636364 0.3375 0.47777777727272724 0.3375 0.4847222227272728
2 0.32265625 0.4444444443181818 0.32265625 0.45 0.32421875 0.4555555556818182 0.325 0.4555555556818182 0.32734375 0.45972222272727276 0.328125 0.45972222272727276 0.33125 0.46527777727272723 0.33125 0.46666666704545456 0.33515625 0.4625 0.33515625 0.4569444443181818 0.33828125 0.4513888886363636 0.34375 0.4513888886363636 0.346875 0.44861111136363635 0.346875 0.4444444443181818 0.34453125 0.4361111113636364 0.34453125 0.43333333295454546 0.34296875 0.42777777727272726 0.34140625 0.425 0.33671875 0.42083333295454545 0.328125 0.42083333295454545 0.32734375 0.4222222227272728 0.32421875 0.4236111113636364 0.32265625 0.42638888863636365 0.32265625 0.43333333295454546 0.321875 0.43472222272727273 0.321875 0.4430555556818182 0.32265625 0.4444444443181818
2 0.29921875 0.4430555556818182 0.315625 0.4430555556818182 0.3171875 0.44027777727272727 0.3171875 0.4319444443181818 0.31640625 0.4305555556818182 0.31640625 0.42777777727272726 0.31484375 0.4236111113636364 0.31484375 0.42083333295454545 0.31171875 0.41527777727272724 0.30859375 0.41388888863636364 0.3078125 0.4125 0.30234375 0.4125 0.3015625 0.41388888863636364 0.2984375 0.41527777727272724 0.2953125 0.42083333295454545 0.2953125 0.43333333295454546 0.29765625 0.44166666704545454 0.29921875 0.4430555556818182
2 0.3703125 0.4305555556818182 0.3703125 0.4375 0.3734375 0.44166666704545454 0.375 0.44166666704545454 0.37578125 0.4430555556818182 0.37890625 0.4430555556818182 0.3796875 0.4444444443181818 0.38046875 0.4430555556818182 0.3828125 0.4430555556818182 0.38359375 0.44027777727272727 0.3859375 0.4375 0.3953125 0.43472222272727273 0.39453125 0.42777777727272726 0.3921875 0.4194444443181818 0.390625 0.4166666670454546 0.3859375 0.4125 0.38359375 0.4125 0.3828125 0.4111111113636364 0.378125 0.4111111113636364 0.37734375 0.4125 0.375 0.4125 0.3734375 0.41388888863636364 0.37109375 0.4180555556818182 0.37109375 0.42083333295454545 0.36953125 0.42638888863636365 0.36953125 0.4291666670454546 0.3703125 0.4305555556818182
1 0.40234375 0.6513888886363636 0.4109375 0.6555555556818181 0.4125 0.6152777772727273 0.4046875 0.6013888886363636 0.40078125 0.6055555556818181 0.4015625 0.6375 0.4109375 0.6375 0.4109375 0.6444444443181819 0.40234375 0.6513888886363636
1 0.16484375 0.9125 0.16796875 0.9013888886363636 0.1734375 0.9027777772727272 0.17578125 0.8541666670454545 0.1734375 0.8402777772727272 0.16796875 0.8319444443181819 0.16015625 0.8444444443181819 0.15859375 0.8555555556818181 0.16171875 0.875 0.16171875 0.9 0.16484375 0.9125
1 0.2 0.7930555556818181 0.20234375 0.7888888886363636 0.203125 0.7472222227272728 0.19609375 0.7263888886363636 0.19140625 0.7236111113636364 0.1890625 0.7277777772727273 0.190625 0.7541666670454545 0.19609375 0.7916666670454545 0.2 0.7930555556818181
1 0.18125 0.7888888886363636 0.18828125 0.7944444443181818 0.18671875 0.7527777772727272 0.178125 0.7347222227272727 0.1734375 0.7375 0.171875 0.7541666670454545 0.175 0.775 0.178125 0.7736111113636364 0.18125 0.7888888886363636
3 0.34765625 0.44861111136363635 0.353125 0.4513888886363636 0.35546875 0.4388888886363636 0.35078125 0.4236111113636364 0.34765625 0.4222222227272728 0.34609375 0.425 0.353125 0.4319444443181818 0.34609375 0.4375 0.34765625 0.44861111136363635
3 0.271875 0.39861111136363636 0.27109375 0.41388888863636364 0.275 0.41527777727272724 0.27734375 0.4 0.271875 0.39861111136363636
2 0.3203125 0.3944444443181818 0.31640625 0.38611111136363635 0.309375 0.3833333329545454 0.3046875 0.3888888886363636 0.30390625 0.40277777727272723 0.30625 0.40972222272727277 0.31953125 0.4111111113636364 0.3203125 0.3944444443181818
2 0.2984375 0.4111111113636364 0.296875 0.3902777772727272 0.2890625 0.38472222272727274 0.28359375 0.39166666704545455 0.28125 0.39722222272727276 0.2828125 0.4125 0.2890625 0.41527777727272724 0.2984375 0.4111111113636364
2 0.35703125 0.41527777727272724 0.35546875 0.39861111136363636 0.34609375 0.3902777772727272 0.334375 0.3930555556818182 0.33515625 0.41388888863636364 0.3453125 0.425 0.34921875 0.42777777727272726 0.35703125 0.41527777727272724
2 0.26640625 0.3680555556818182 0.25859375 0.36388888863636365 0.25390625 0.3680555556818182 0.253125 0.3875 0.26484375 0.3888888886363636 0.26875 0.38472222272727274 0.26640625 0.3680555556818182
2 0.321875 0.3694444443181818 0.31484375 0.36388888863636365 0.309375 0.36527777727272726 0.30859375 0.37777777727272727 0.3234375 0.39166666704545455 0.325 0.37777777727272727 0.321875 0.3694444443181818
2 0.3 0.3736111113636364 0.2875 0.3694444443181818 0.2859375 0.3736111113636364 0.28828125 0.38472222272727274 0.3015625 0.3902777772727272 0.3 0.3736111113636364