2 0.5806818181818182 0.9022727272727272 0.11818181818181818 0.1903409090909091
2 0.5943181818181819 0.6840909090909091 0.10568181818181818 0.2125
2 0.3130681818181818 0.8335227272727272 0.12670454545454546 0.23863636363636365
3 0.7193181818181819 0.8244318181818182 0.03295454545454545 0.10397727272727272
3 0.5051136363636364 0.27443181818181817 0.028977272727272727 0.048863636363636366
3 0.7079545454545455 0.39488636363636365 0.04602272727272727 0.05965909090909091
3 0.10227272727272728 0.5823863636363636 0.04659090909090909 0.07613636363636364
3 0.42159090909090907 0.7823863636363636 0.03125 0.10113636363636364
3 0.93125 0.2369318181818182 0.017045454545454544 0.040340909090909094
3 0.44375 0.8744318181818181 0.03579545454545455 0.10397727272727272
3 0.50625 0.8397727272727272 0.03125 0.09886363636363636
3 0.4431818181818182 0.26590909090909093 0.022727272727272728 0.048863636363636366
2 0.2255681818181818 0.43522727272727274 0.08125 0.12897727272727272
2 0.4659090909090909 0.4090909090909091 0.10340909090909091 0.1431818181818182
3 0.08295454545454546 0.18693181818181817 0.014772727272727272 0.04602272727272727
2 0.8255681818181818 0.4056818181818182 0.1318181818181818 0.125
3 0.8897727272727273 0.23068181818181818 0.015909090909090907 0.03636363636363636
3 0.35568181818181815 0.4068181818181818 0.04318181818181818 0.05568181818181818
3 0.016477272727272726 0.4005681818181818 0.03295454545454545 0.06534090909090909
3 0.39602272727272725 0.4744318181818182 0.03125 0.06818181818181818
3 0.2545454545454545 0.9431818181818182 0.03806818181818182 0.11363636363636363
3 0.5693181818181818 0.36818181818181817 0.026704545454545453 0.03068181818181818
3 0.15568181818181817 0.11931818181818182 0.013068181818181817 0.04431818181818182
3 0.6846590909090909 0.9636363636363636 0.03977272727272727 0.07215909090909091
3 0.3619318181818182 0.2119318181818182 0.013068181818181817 0.0375
3 0.8301136363636363 0.22443181818181818 0.014772727272727272 0.031818181818181815
3 0.8607954545454546 0.2255681818181818 0.03409090909090909 0.040340909090909094
2 0.73125 0.3153409090909091 0.10454545454545454 0.09431818181818181
2 0.3176136363636364 0.24772727272727274 0.06647727272727273 0.09602272727272727
3 0.4193181818181818 0.4414772727272727 0.029545454545454545 0.058522727272727275
2 0.1534090909090909 0.29318181818181815 0.05397727272727273 0.08068181818181819
3 0.2863636363636364 0.20909090909090908 0.011931818181818182 0.03465909090909091