3 0.8551136363636364 0.7306818181818182 0.06477272727272727 0.10568181818181818
3 0.78125 0.6465909090909091 0.051704545454545454 0.0903409090909091
3 0.6909090909090909 0.5005681818181819 0.042045454545454546 0.06534090909090909
3 0.4681818181818182 0.6056818181818182 0.024431818181818183 0.08352272727272728
3 0.8886363636363637 0.8886363636363637 0.06931818181818182 0.125
3 0.014204545454545454 0.6022727272727273 0.028409090909090908 0.0659090909090909
3 0.5670454545454545 0.4869318181818182 0.028977272727272727 0.06818181818181818
3 0.6380681818181818 0.49772727272727274 0.03920454545454546 0.06534090909090909
3 0.12840909090909092 0.2556818181818182 0.016477272727272726 0.04715909090909091
2 0.2119318181818182 0.49772727272727274 0.08068181818181819 0.1318181818181818
3 0.8284090909090909 0.5994318181818182 0.04147727272727273 0.06534090909090909
2 0.6448863636363636 0.5960227272727273 0.12102272727272727 0.175
3 0.9306818181818182 0.2369318181818182 0.017045454545454544 0.04318181818181818
3 0.5818181818181818 0.3880681818181818 0.017045454545454544 0.056818181818181816
3 0.4869318181818182 0.39602272727272725 0.020454545454545454 0.058522727272727275
2 0.3704545454545455 0.9511363636363637 0.12102272727272727 0.0971590909090909
3 0.42556818181818185 0.27443181818181817 0.014772727272727272 0.05397727272727273
3 0.44772727272727275 0.30625 0.025 0.0625
3 0.9431818181818182 0.8977272727272727 0.05568181818181818 0.10681818181818181
3 0.5267045454545455 0.3806818181818182 0.016477272727272726 0.04715909090909091
3 0.5517045454545455 0.4119318181818182 0.03409090909090909 0.07102272727272728
3 0.8301136363636363 0.2159090909090909 0.014772727272727272 0.048863636363636366
2 0.45738636363636365 0.43068181818181817 0.09602272727272727 0.15
3 0.06704545454545455 0.16193181818181818 0.010227272727272727 0.031818181818181815
3 0.2806818181818182 0.2369318181818182 0.01818181818181818 0.0625
3 0.9056818181818181 0.2340909090909091 0.01818181818181818 0.040340909090909094
3 0.8897727272727273 0.22897727272727272 0.014204545454545454 0.04147727272727273
3 0.8545454545454545 0.22443181818181818 0.025 0.040340909090909094
2 0.22329545454545455 0.29318181818181815 0.05909090909090909 0.08068181818181819
3 0.5056818181818182 0.38522727272727275 0.014772727272727272 0.05397727272727273
3 0.7630681818181818 0.2028409090909091 0.023295454545454546 0.03068181818181818