3 0.7789772727272727 0.5505681818181818 0.07840909090909091 0.10681818181818181
3 0.6261363636363636 0.4153409090909091 0.056818181818181816 0.08636363636363636
3 0.325 0.10568181818181818 0.023295454545454546 0.058522727272727275
3 0.36875 0.15738636363636363 0.025 0.06534090909090909
3 0.41704545454545455 0.16022727272727272 0.029545454545454545 0.05113636363636364
2 0.4869318181818182 0.38693181818181815 0.13579545454545455 0.16818181818181818
3 0.78125 0.3119318181818182 0.0375 0.07613636363636364
2 0.56875 0.21988636363636363 0.1 0.15965909090909092
3 0.24602272727272728 0.2761363636363636 0.026704545454545453 0.07215909090909091
3 0.010795454545454546 0.39431818181818185 0.02159090909090909 0.05568181818181818
3 0.8068181818181818 0.10568181818181818 0.03295454545454545 0.05284090909090909
2 0.6488636363636363 0.22897727272727272 0.09602272727272727 0.13352272727272727
3 0.6505681818181818 0.04147727272727273 0.025 0.04431818181818182
3 0.18125 0.026136363636363635 0.014772727272727272 0.05227272727272727
3 0.04147727272727273 0.21363636363636362 0.0375 0.06363636363636363
2 0.7107954545454546 0.2119318181818182 0.10397727272727272 0.1403409090909091
3 0.014772727272727272 0.6306818181818182 0.029545454545454545 0.04431818181818182
3 0.23863636363636365 0.10397727272727272 0.021022727272727273 0.05
3 0.6994318181818182 0.12897727272727272 0.019318181818181818 0.04431818181818182
3 0.5369318181818182 0.12556818181818183 0.017045454545454544 0.0375
2 0.49204545454545456 0.11988636363636364 0.08125 0.12386363636363637
2 0.41875 0.05568181818181818 0.075 0.11136363636363636
3 0.68125 0.9806818181818182 0.09375 0.03636363636363636
2 0.30170454545454545 0.2034090909090909 0.08125 0.09886363636363636
2 0.5102272727272728 0.06647727272727273 0.07840909090909091 0.1028409090909091
3 0.9875 0.02727272727272727 0.025 0.048863636363636366
3 0.9846590909090909 0.3806818181818182 0.03068181818181818 0.11363636363636363