2 0.38522727272727275 0.8755681818181819 0.17954545454545454 0.2431818181818182
3 0.7818181818181819 0.6414772727272727 0.051704545454545454 0.08352272727272728
3 0.175 0.5443181818181818 0.06079545454545455 0.075
2 0.9517045454545454 0.8806818181818182 0.09431818181818181 0.23352272727272727
3 0.5494318181818182 0.36818181818181817 0.02556818181818182 0.05568181818181818
3 0.3931818181818182 0.2431818181818182 0.020454545454545454 0.04431818181818182
3 0.6806818181818182 0.49318181818181817 0.03920454545454546 0.06931818181818182
3 0.6357954545454545 0.33693181818181817 0.03806818181818182 0.05397727272727273
3 0.375 0.45397727272727273 0.0375 0.06363636363636363
3 0.01875 0.10056818181818182 0.0125 0.040340909090909094
3 0.93125 0.2369318181818182 0.017045454545454544 0.040340909090909094
2 0.6323863636363637 0.5136363636363637 0.11477272727272728 0.15284090909090908
3 0.12272727272727273 0.2556818181818182 0.017045454545454544 0.058522727272727275
3 0.07670454545454546 0.11534090909090909 0.013068181818181817 0.033522727272727273
3 0.11704545454545455 0.3255681818181818 0.023295454545454546 0.056818181818181816
3 0.21818181818181817 0.17784090909090908 0.014772727272727272 0.04431818181818182
3 0.0625 0.1943181818181818 0.014204545454545454 0.05568181818181818
3 0.5 0.21647727272727274 0.03125 0.038636363636363635
3 0.8892045454545454 0.23068181818181818 0.014772727272727272 0.038636363636363635
3 0.1744318181818182 0.3886363636363636 0.017045454545454544 0.05
3 0.13238636363636364 0.3744318181818182 0.021022727272727273 0.07102272727272728
3 0.8301136363636363 0.22443181818181818 0.014772727272727272 0.03465909090909091
3 0.25170454545454546 0.2369318181818182 0.014772727272727272 0.04318181818181818
3 0.36306818181818185 0.22272727272727272 0.019318181818181818 0.04602272727272727
3 0.48863636363636365 0.35397727272727275 0.03068181818181818 0.07215909090909091
3 0.28920454545454544 0.3306818181818182 0.025 0.05568181818181818
3 0.43579545454545454 0.29318181818181815 0.021022727272727273 0.06647727272727273
2 0.4375 0.3880681818181818 0.09545454545454546 0.14886363636363636
3 0.04943181818181818 0.11647727272727272 0.011931818181818182 0.03068181818181818
3 0.35170454545454544 0.3977272727272727 0.03125 0.05397727272727273
3 0.32329545454545455 0.3664772727272727 0.03295454545454545 0.06647727272727273
3 0.06818181818181818 0.3568181818181818 0.021022727272727273 0.05568181818181818
3 0.8596590909090909 0.2278409090909091 0.033522727272727273 0.038636363636363635
3 0.29375 0.1590909090909091 0.01875 0.04602272727272727
2 0.31931818181818183 0.2806818181818182 0.06875 0.09431818181818181
3 0.3039772727272727 0.1784090909090909 0.015909090909090907 0.0375