3 0.7085227272727272 0.7528409090909091 0.08125 0.09431818181818181
3 0.7420454545454546 0.4068181818181818 0.04375 0.05568181818181818
3 0.5642045454545455 0.7619318181818182 0.07670454545454546 0.09318181818181819
3 0.4659090909090909 0.5755681818181818 0.05568181818181818 0.0846590909090909
3 0.6255681818181819 0.6539772727272727 0.06420454545454546 0.08068181818181819
3 0.9306818181818182 0.2369318181818182 0.01818181818181818 0.040340909090909094
3 0.06875 0.2056818181818182 0.01875 0.058522727272727275
3 0.8909090909090909 0.22897727272727272 0.016477272727272726 0.04147727272727273
3 0.48579545454545453 0.5005681818181819 0.02727272727272727 0.06818181818181818
3 0.7125 0.49318181818181817 0.04375 0.06931818181818182
3 0.32045454545454544 0.2778409090909091 0.017045454545454544 0.04715909090909091
3 0.026704545454545453 0.09147727272727273 0.010795454545454546 0.04147727272727273
3 0.18693181818181817 0.21363636363636362 0.020454545454545454 0.05
3 0.08238636363636363 0.1494318181818182 0.014772727272727272 0.04318181818181818
3 0.35568181818181815 0.3306818181818182 0.017045454545454544 0.05284090909090909
3 0.6386363636363637 0.5181818181818182 0.028977272727272727 0.06931818181818182
3 0.44772727272727275 0.42556818181818185 0.026704545454545453 0.06818181818181818
3 0.8301136363636363 0.21818181818181817 0.016477272727272726 0.04147727272727273
2 0.32840909090909093 0.5198863636363636 0.11306818181818182 0.15965909090909092
3 0.8556818181818182 0.22443181818181818 0.028977272727272727 0.04318181818181818
3 0.37670454545454546 0.3573863636363636 0.021022727272727273 0.05113636363636364
3 0.5369318181818182 0.48522727272727273 0.026704545454545453 0.07102272727272728
3 0.5943181818181819 0.5119318181818182 0.04147727272727273 0.07386363636363637
3 0.46875 0.3568181818181818 0.020454545454545454 0.05568181818181818
3 0.6721590909090909 0.4653409090909091 0.024431818181818183 0.06931818181818182
3 0.11988636363636364 0.29318181818181815 0.01818181818181818 0.05
3 0.05056818181818182 0.13693181818181818 0.014204545454545454 0.04602272727272727
3 0.41420454545454544 0.3789772727272727 0.026704545454545453 0.05568181818181818
3 0.02556818181818182 0.03068181818181818 0.01818181818181818 0.04431818181818182
3 0.18636363636363637 0.16193181818181818 0.013068181818181817 0.04318181818181818
3 0.39829545454545456 0.3494318181818182 0.01818181818181818 0.05965909090909091