3 0.5329545454545455 0.5818181818181818 0.051704545454545454 0.07784090909090909
3 0.48806818181818185 0.33693181818181817 0.01818181818181818 0.05965909090909091
3 0.4511363636363636 0.5255681818181818 0.04772727272727273 0.07613636363636364
3 0.5301136363636364 0.36477272727272725 0.03068181818181818 0.05113636363636364
3 0.6482954545454546 0.6755681818181818 0.0715909090909091 0.07613636363636364
3 0.44431818181818183 0.2994318181818182 0.01818181818181818 0.05113636363636364
3 0.9306818181818182 0.2369318181818182 0.017045454545454544 0.040340909090909094
3 0.03125 0.5977272727272728 0.0625 0.07102272727272728
3 0.3931818181818182 0.4823863636363636 0.03068181818181818 0.0625
3 0.40511363636363634 0.33693181818181817 0.02727272727272727 0.05397727272727273
3 0.8295454545454546 0.21647727272727274 0.014204545454545454 0.04715909090909091
3 0.30056818181818185 0.4284090909090909 0.031818181818181815 0.07386363636363637
3 0.5761363636363637 0.4369318181818182 0.036931818181818184 0.05965909090909091
3 0.6392045454545454 0.6119318181818182 0.06477272727272727 0.06534090909090909
3 0.5982954545454545 0.42215909090909093 0.021022727272727273 0.06136363636363636
3 0.3806818181818182 0.3522727272727273 0.01875 0.05113636363636364
3 0.8892045454545454 0.22897727272727272 0.014204545454545454 0.04147727272727273
2 0.2431818181818182 0.46193181818181817 0.08579545454545455 0.12897727272727272
3 0.8511363636363637 0.22443181818181818 0.01818181818181818 0.040340909090909094
3 0.04318181818181818 0.3880681818181818 0.06875 0.07102272727272728
3 0.9051136363636364 0.2340909090909091 0.019318181818181818 0.040340909090909094
2 0.4744318181818182 0.44375 0.10397727272727272 0.1375
3 0.005681818181818182 0.12272727272727273 0.010795454545454546 0.04602272727272727
2 0.1318181818181818 0.38693181818181815 0.06647727272727273 0.10681818181818181
2 0.38181818181818183 0.26477272727272727 0.07443181818181818 0.09886363636363636
3 0.25795454545454544 0.3840909090909091 0.023295454545454546 0.056818181818181816
3 0.4068181818181818 0.24772727272727274 0.014204545454545454 0.031818181818181815
2 0.3125 0.2056818181818182 0.05625 0.08352272727272728
2 0.25113636363636366 0.1744318181818182 0.06818181818181818 0.1318181818181818
2 0.1431818181818182 0.28806818181818183 0.051704545454545454 0.07897727272727273
3 0.33693181818181817 0.4119318181818182 0.03295454545454545 0.06818181818181818
3 0.2818181818181818 0.3715909090909091 0.020454545454545454 0.05113636363636364
3 0.35795454545454547 0.2005681818181818 0.016477272727272726 0.03465909090909091
2 0.7306818181818182 0.3153409090909091 0.10397727272727272 0.09431818181818181