3 0.4102272727272727 0.3693181818181818 0.025 0.06363636363636363
2 0.8681818181818182 0.8846590909090909 0.24431818181818182 0.225
3 0.3755681818181818 0.3806818181818182 0.019318181818181818 0.058522727272727275
3 0.9517045454545454 0.7744318181818182 0.07897727272727273 0.10681818181818181
2 0.7193181818181819 0.6573863636363636 0.20170454545454544 0.17613636363636365
3 0.3482954545454545 0.35568181818181815 0.023295454545454546 0.05284090909090909
3 0.6329545454545454 0.4369318181818182 0.03409090909090909 0.0625
3 0.4602272727272727 0.3664772727272727 0.020454545454545454 0.05568181818181818
3 0.4369318181818182 0.37272727272727274 0.019318181818181818 0.056818181818181816
3 0.5909090909090909 0.43068181818181817 0.02556818181818182 0.058522727272727275
3 0.11193181818181819 0.2778409090909091 0.017045454545454544 0.04431818181818182
2 0.21875 0.509090909090909 0.09375 0.12897727272727272
3 0.47954545454545455 0.36022727272727273 0.01875 0.05397727272727273
3 0.5619318181818181 0.39431818181818185 0.023295454545454546 0.05568181818181818
3 0.93125 0.2369318181818182 0.014204545454545454 0.040340909090909094
3 0.10511363636363637 0.2005681818181818 0.016477272727272726 0.04602272727272727
3 0.01534090909090909 0.39943181818181817 0.03068181818181818 0.07386363636363637
3 0.13465909090909092 0.2556818181818182 0.019318181818181818 0.03636363636363636
2 0.26704545454545453 0.35568181818181815 0.08693181818181818 0.1028409090909091
3 0.02556818181818182 0.36477272727272725 0.026704545454545453 0.048863636363636366
3 0.9051136363636364 0.2340909090909091 0.019318181818181818 0.0375
3 0.09204545454545454 0.23806818181818182 0.014772727272727272 0.04602272727272727
3 0.5375 0.36022727272727273 0.01875 0.048863636363636366
3 0.0625 0.16818181818181818 0.014204545454545454 0.04715909090909091
3 0.85 0.22443181818181818 0.01875 0.03465909090909091
3 0.09204545454545454 0.18977272727272726 0.014204545454545454 0.0375
3 0.8301136363636363 0.2255681818181818 0.013068181818181817 0.028977272727272727
2 0.2681818181818182 0.22443181818181818 0.05795454545454545 0.0846590909090909
2 0.3255681818181818 0.21818181818181817 0.060227272727272727 0.08636363636363636
2 0.7306818181818182 0.3153409090909091 0.10397727272727272 0.09431818181818181
3 0.4107954545454545 0.2761363636363636 0.015909090909090907 0.05
3 0.06363636363636363 0.17897727272727273 0.011931818181818182 0.03068181818181818