3 0.22954545454545455 0.6352272727272728 0.04375 0.056818181818181816
3 0.8806818181818182 0.6465909090909091 0.02556818181818182 0.056818181818181816
3 0.9704545454545455 0.9494318181818182 0.05795454545454545 0.0903409090909091
3 0.3693181818181818 0.5119318181818182 0.024431818181818183 0.05397727272727273
3 0.8488636363636364 0.6369318181818182 0.02556818181818182 0.05397727272727273
3 0.26931818181818185 0.9590909090909091 0.06306818181818181 0.08181818181818182
3 0.6869318181818181 0.5943181818181819 0.01875 0.05568181818181818
3 0.7795454545454545 0.6289772727272728 0.026704545454545453 0.06363636363636363
3 0.6505681818181818 0.5977272727272728 0.01875 0.05397727272727273
3 0.3482954545454545 0.8494318181818182 0.05568181818181818 0.07613636363636364
3 0.3494318181818182 0.6744318181818182 0.024431818181818183 0.07897727272727273
3 0.8204545454545454 0.6318181818181818 0.029545454545454545 0.06931818181818182
3 0.11420454545454546 0.9022727272727272 0.04375 0.07386363636363637
3 0.6693181818181818 0.5931818181818181 0.014772727272727272 0.05568181818181818
3 0.7136363636363636 0.6318181818181818 0.022727272727272728 0.06136363636363636
3 0.3039772727272727 0.7744318181818182 0.029545454545454545 0.06534090909090909
3 0.06704545454545455 0.96875 0.04602272727272727 0.0625
3 0.019318181818181818 0.9840909090909091 0.03295454545454545 0.031818181818181815
3 0.2545454545454545 0.7977272727272727 0.04318181818181818 0.07102272727272728
3 0.7369318181818182 0.6318181818181818 0.020454545454545454 0.06363636363636363
3 0.9357954545454545 0.9840909090909091 0.04602272727272727 0.031818181818181815
3 0.1715909090909091 0.8727272727272727 0.06420454545454546 0.08181818181818182
3 0.33693181818181817 0.6039772727272728 0.03806818181818182 0.05568181818181818
3 0.27329545454545456 0.6164772727272727 0.036931818181818184 0.07215909090909091
3 0.22272727272727272 0.7869318181818182 0.03579545454545455 0.07897727272727273
3 0.6255681818181819 0.6306818181818182 0.029545454545454545 0.07784090909090909
3 0.7284090909090909 0.5494318181818182 0.014772727272727272 0.04602272727272727
0 0.2863636363636364 0.12272727272727273 0.06818181818181818 0.15113636363636362
3 0.03409090909090909 0.8897727272727273 0.026704545454545453 0.07102272727272728
2 0.23068181818181818 0.4090909090909091 0.06704545454545455 0.07386363636363637
3 0.30511363636363636 0.8818181818181818 0.033522727272727273 0.075
2 0.4744318181818182 0.4693181818181818 0.05568181818181818 0.08068181818181819
3 0.06818181818181818 0.9369318181818181 0.05454545454545454 0.0903409090909091
3 0.38977272727272727 0.29772727272727273 0.007954545454545454 0.031818181818181815