3 0.6625 0.4636363636363636 0.0375 0.06363636363636363
3 0.8295454545454546 0.21647727272727274 0.013068181818181817 0.05
3 0.9926136363636363 0.5147727272727273 0.014772727272727272 0.04772727272727273
3 0.93125 0.2369318181818182 0.014204545454545454 0.040340909090909094
3 0.40795454545454546 0.3653409090909091 0.022727272727272728 0.058522727272727275
3 0.4420454545454545 0.3715909090909091 0.023295454545454546 0.040340909090909094
3 0.5198863636363636 0.4693181818181818 0.028977272727272727 0.06647727272727273
3 0.05113636363636364 0.12897727272727272 0.014772727272727272 0.04431818181818182
3 0.06704545454545455 0.16477272727272727 0.013068181818181817 0.048863636363636366
3 0.8909090909090909 0.22897727272727272 0.013068181818181817 0.04431818181818182
3 0.3568181818181818 0.3653409090909091 0.01875 0.05568181818181818
3 0.3789772727272727 0.3880681818181818 0.020454545454545454 0.056818181818181816
3 0.6244318181818181 0.4244318181818182 0.02556818181818182 0.0625
3 0.9119318181818182 0.2340909090909091 0.0125 0.040340909090909094
3 0.3352272727272727 0.33693181818181817 0.020454545454545454 0.05113636363636364
3 0.010795454545454546 0.4102272727272727 0.021022727272727273 0.05397727272727273
3 0.4784090909090909 0.37613636363636366 0.02556818181818182 0.06136363636363636
3 0.8488636363636364 0.22443181818181818 0.01818181818181818 0.03465909090909091
3 0.007386363636363636 0.036931818181818184 0.010227272727272727 0.031818181818181815
3 0.5431818181818182 0.4602272727272727 0.023295454545454546 0.06534090909090909
3 0.03238636363636364 0.11363636363636363 0.008522727272727272 0.038636363636363635
2 0.2096590909090909 0.28238636363636366 0.05568181818181818 0.07386363636363637
2 0.31136363636363634 0.24147727272727273 0.06477272727272727 0.0971590909090909
3 0.4556818181818182 0.33693181818181817 0.014204545454545454 0.056818181818181816
2 0.3806818181818182 0.25227272727272726 0.07670454545454546 0.10397727272727272