3 0.5931818181818181 0.8511363636363637 0.07954545454545454 0.0971590909090909
3 0.4420454545454545 0.7977272727272727 0.0659090909090909 0.09886363636363636
2 0.6147727272727272 0.7090909090909091 0.2 0.16818181818181818
3 0.4431818181818182 0.4465909090909091 0.022727272727272728 0.06534090909090909
3 0.4738636363636364 0.4590909090909091 0.02727272727272727 0.06818181818181818
2 0.32954545454545453 0.6289772727272728 0.14431818181818182 0.175
3 0.4119318181818182 0.4028409090909091 0.024431818181818183 0.05568181818181818
3 0.14431818181818182 0.3352272727272727 0.020454545454545454 0.06534090909090909
3 0.5556818181818182 0.4119318181818182 0.024431818181818183 0.05965909090909091
2 0.3488636363636364 0.45397727272727273 0.12272727272727273 0.15
3 0.8301136363636363 0.21647727272727274 0.014772727272727272 0.05
3 0.9318181818181818 0.2369318181818182 0.014772727272727272 0.040340909090909094
3 0.8909090909090909 0.22897727272727272 0.013068181818181817 0.04431818181818182
3 0.9573863636363636 0.23806818181818182 0.014772727272727272 0.04318181818181818
3 0.4954545454545455 0.33352272727272725 0.02556818181818182 0.05
3 0.5357954545454545 0.35056818181818183 0.022727272727272728 0.048863636363636366
3 0.9119318181818182 0.2318181818181818 0.014204545454545454 0.04147727272727273
2 0.9568181818181818 0.46647727272727274 0.08579545454545455 0.13636363636363635
2 0.22670454545454546 0.32272727272727275 0.06420454545454546 0.0903409090909091
2 0.3710227272727273 0.30056818181818185 0.08920454545454545 0.11534090909090909
3 0.4681818181818182 0.31022727272727274 0.01818181818181818 0.056818181818181816
3 0.85 0.22613636363636364 0.01875 0.038636363636363635
3 0.5136363636363637 0.32897727272727273 0.01818181818181818 0.05568181818181818
3 0.4244318181818182 0.2369318181818182 0.01818181818181818 0.04318181818181818
2 0.28863636363636364 0.23806818181818182 0.06477272727272727 0.09602272727272727