3 0.09090909090909091 0.3664772727272727 0.022727272727272728 0.05568181818181818
3 0.16420454545454546 0.3403409090909091 0.020454545454545454 0.05284090909090909
3 0.12897727272727272 0.3619318181818182 0.01875 0.05397727272727273
3 0.023295454545454546 0.3715909090909091 0.01818181818181818 0.056818181818181816
3 0.21704545454545454 0.34602272727272726 0.023295454545454546 0.04715909090909091
3 0.36761363636363636 0.30056818181818185 0.02556818181818182 0.04318181818181818
3 0.048295454545454544 0.3840909090909091 0.023295454545454546 0.048863636363636366
3 0.2676136363636364 0.3130681818181818 0.028977272727272727 0.04318181818181818
3 0.3090909090909091 0.2994318181818182 0.02159090909090909 0.05113636363636364
3 0.32840909090909093 0.3181818181818182 0.022727272727272728 0.04431818181818182
3 0.017045454545454544 0.29147727272727275 0.03295454545454545 0.05568181818181818
3 0.29545454545454547 0.32443181818181815 0.026704545454545453 0.05113636363636364
3 0.25738636363636364 0.2943181818181818 0.024431818181818183 0.06931818181818182