3 0.2034090909090909 0.35056818181818183 0.019318181818181818 0.04602272727272727
3 0.8642045454545455 0.5318181818181819 0.021022727272727273 0.07215909090909091
3 0.7369318181818182 0.9494318181818182 0.07727272727272727 0.09886363636363636
2 0.5392045454545454 0.4943181818181818 0.0625 0.11931818181818182
2 0.39090909090909093 0.5494318181818182 0.10056818181818182 0.21818181818181817
3 0.05056818181818182 0.3886363636363636 0.020454545454545454 0.04715909090909091
3 0.7715909090909091 0.5619318181818181 0.02159090909090909 0.056818181818181816
3 0.08125 0.3693181818181818 0.023295454545454546 0.04715909090909091
3 0.6119318181818182 0.7556818181818182 0.051704545454545454 0.11931818181818182
2 0.8017045454545455 0.4102272727272727 0.04602272727272727 0.07897727272727273
2 0.740909090909091 0.3744318181818182 0.05227272727272727 0.08181818181818182
3 0.8204545454545454 0.5744318181818182 0.03068181818181818 0.0846590909090909
3 0.7755681818181818 0.5443181818181818 0.025 0.06931818181818182
3 0.023295454545454546 0.3710227272727273 0.02556818181818182 0.05
3 0.10568181818181818 0.3693181818181818 0.022727272727272728 0.04431818181818182
3 0.12386363636363637 0.36818181818181817 0.021022727272727273 0.05
3 0.83125 0.5352272727272728 0.01875 0.07102272727272728
2 0.6244318181818181 0.3528409090909091 0.04431818181818182 0.06136363636363636