3 0.8880681818181818 0.7005681818181818 0.05795454545454545 0.10113636363636364
2 0.8465909090909091 0.821590909090909 0.20170454545454544 0.2818181818181818
3 0.7255681818181818 0.5852272727272727 0.04943181818181818 0.0846590909090909
3 0.2005681818181818 0.3494318181818182 0.04318181818181818 0.048863636363636366
3 0.7318181818181818 0.3789772727272727 0.04431818181818182 0.05568181818181818
2 0.55625 0.5102272727272728 0.11875 0.17386363636363636
3 0.3119318181818182 0.40397727272727274 0.042045454545454546 0.06931818181818182
3 0.26647727272727273 0.3698863636363636 0.048295454545454544 0.05965909090909091
2 0.5857954545454546 0.3261363636363636 0.10227272727272728 0.11136363636363636
3 0.8295454545454546 0.21477272727272728 0.014772727272727272 0.048863636363636366
3 0.36306818181818185 0.42159090909090907 0.045454545454545456 0.06818181818181818
3 0.9568181818181818 0.23806818181818182 0.014204545454545454 0.04318181818181818
3 0.028409090909090908 0.11647727272727272 0.011931818181818182 0.04431818181818182
3 0.24431818181818182 0.18806818181818183 0.014204545454545454 0.05397727272727273
3 0.8909090909090909 0.2278409090909091 0.013068181818181817 0.04431818181818182
3 0.93125 0.2369318181818182 0.014204545454545454 0.040340909090909094
3 0.48579545454545453 0.30227272727272725 0.023295454545454546 0.048863636363636366
3 0.21306818181818182 0.14772727272727273 0.017045454545454544 0.05113636363636364
2 0.36022727272727273 0.3028409090909091 0.07954545454545454 0.10568181818181818
3 0.19829545454545455 0.14659090909090908 0.014204545454545454 0.04318181818181818
2 0.4329545454545455 0.2897727272727273 0.08068181818181819 0.10397727272727272
3 0.9119318181818182 0.23068181818181818 0.013068181818181817 0.04147727272727273
3 0.29545454545454547 0.3403409090909091 0.03409090909090909 0.058522727272727275
3 0.38181818181818183 0.21931818181818183 0.020454545454545454 0.05568181818181818
3 0.1784090909090909 0.1431818181818182 0.014772727272727272 0.038636363636363635
3 0.8534090909090909 0.22443181818181818 0.023295454545454546 0.040340909090909094
3 0.2681818181818182 0.12443181818181819 0.013068181818181817 0.031818181818181815
2 0.28238636363636366 0.17102272727272727 0.05397727272727273 0.06647727272727273
3 0.2505681818181818 0.28863636363636364 0.01818181818181818 0.04715909090909091