3 0.09090909090909091 0.3664772727272727 0.022727272727272728 0.05568181818181818
3 0.022727272727272728 0.37272727272727274 0.01875 0.05397727272727273
3 0.048295454545454544 0.3840909090909091 0.023295454545454546 0.05113636363636364
3 0.3261363636363636 0.3164772727272727 0.02556818181818182 0.04147727272727273
3 0.21761363636363637 0.34602272727272726 0.024431818181818183 0.05
3 0.12670454545454546 0.3653409090909091 0.01818181818181818 0.04715909090909091
3 0.6744318181818182 0.509090909090909 0.021022727272727273 0.056818181818181816
3 0.725 0.5511363636363636 0.025 0.06136363636363636
3 0.6488636363636363 0.4681818181818182 0.019318181818181818 0.04715909090909091
3 0.017045454545454544 0.29147727272727275 0.03295454545454545 0.05568181818181818
3 0.8113636363636364 0.5505681818181818 0.019318181818181818 0.056818181818181816
3 0.7789772727272727 0.5556818181818182 0.02159090909090909 0.058522727272727275
3 0.2721590909090909 0.3119318181818182 0.03806818181818182 0.05113636363636364
3 0.3806818181818182 0.24602272727272728 0.019318181818181818 0.033522727272727273
2 0.5068181818181818 0.29318181818181815 0.061931818181818185 0.058522727272727275
3 0.8573863636363637 0.5886363636363636 0.022727272727272728 0.05284090909090909
3 0.7630681818181818 0.5352272727272728 0.020454545454545454 0.05397727272727273
3 0.7363636363636363 0.6022727272727273 0.022727272727272728 0.048863636363636366
3 0.16704545454545455 0.34147727272727274 0.015909090909090907 0.05568181818181818
3 0.7664772727272727 0.7085227272727272 0.02159090909090909 0.09147727272727273
3 0.15170454545454545 0.36306818181818185 0.02159090909090909 0.048863636363636366
3 0.8607954545454546 0.5681818181818182 0.02556818181818182 0.08863636363636364