3 0.15511363636363637 0.31022727272727274 0.019318181818181818 0.056818181818181816
3 0.9306818181818182 0.2369318181818182 0.017045454545454544 0.04318181818181818
3 0.09488636363636363 0.19090909090909092 0.016477272727272726 0.048863636363636366
3 0.8130681818181819 0.44431818181818183 0.04431818181818182 0.05568181818181818
3 0.2625 0.36818181818181817 0.03125 0.06363636363636363
3 0.8295454545454546 0.21534090909090908 0.015909090909090907 0.05
3 0.05454545454545454 0.2727272727272727 0.036931818181818184 0.04602272727272727
3 0.3119318181818182 0.4556818181818182 0.031818181818181815 0.06931818181818182
3 0.40795454545454546 0.42272727272727273 0.017045454545454544 0.0625
3 0.5914772727272727 0.5181818181818182 0.028409090909090908 0.07215909090909091
3 0.10454545454545454 0.1494318181818182 0.014204545454545454 0.0375
3 0.6318181818181818 0.5227272727272727 0.03806818181818182 0.06818181818181818
3 0.12840909090909092 0.18806818181818183 0.014772727272727272 0.05397727272727273
3 0.20795454545454545 0.3965909090909091 0.021022727272727273 0.056818181818181816
3 0.8897727272727273 0.23068181818181818 0.014204545454545454 0.04147727272727273
3 0.7039772727272727 0.4903409090909091 0.045454545454545456 0.07784090909090909
3 0.08522727272727272 0.1318181818181818 0.0125 0.038636363636363635
3 0.3164772727272727 0.3164772727272727 0.017045454545454544 0.05
3 0.38295454545454544 0.3965909090909091 0.019318181818181818 0.05965909090909091
3 0.007386363636363636 0.05568181818181818 0.008522727272727272 0.03068181818181818
3 0.01875 0.38522727272727275 0.0375 0.04602272727272727
3 0.9267045454545455 0.7664772727272727 0.09147727272727273 0.10852272727272727
3 0.5568181818181818 0.5130681818181818 0.03125 0.07897727272727273
3 0.5136363636363637 0.4869318181818182 0.03068181818181818 0.07102272727272728
3 0.031818181818181815 0.04431818181818182 0.010795454545454546 0.03068181818181818
3 0.44545454545454544 0.40397727272727274 0.03068181818181818 0.06647727272727273
2 0.2630681818181818 0.5119318181818182 0.10454545454545454 0.15965909090909092
3 0.3568181818181818 0.37272727272727274 0.028977272727272727 0.06818181818181818
2 0.6517045454545455 0.6443181818181818 0.16704545454545455 0.18636363636363637
2 0.28295454545454546 0.21477272727272728 0.06079545454545455 0.0903409090909091
3 0.86875 0.22897727272727272 0.020454545454545454 0.033522727272727273
3 0.14431818181818182 0.2539772727272727 0.013068181818181817 0.04147727272727273
3 0.013068181818181817 0.4119318181818182 0.02556818181818182 0.048863636363636366
3 0.47556818181818183 0.46647727272727274 0.036931818181818184 0.09147727272727273