5 0.453125 0.5972222227272728 0.45078125 0.6333333329545455 0.45625 0.6638888886363636 0.46953125 0.675 0.49765625 0.675 0.503125 0.6708333329545455 0.503125 0.6625 0.50859375 0.6527777772727272 0.51328125 0.6583333329545455 0.51171875 0.6680555556818181 0.515625 0.6666666670454545 0.5234375 0.6291666670454545 0.52421875 0.4930555556818182 0.51953125 0.4555555556818182 0.51875 0.4180555556818182 0.51171875 0.40833333295454544 0.48671875 0.4111111113636364 0.46640625 0.40694444431818183 0.45859375 0.4125 0.4546875 0.425 0.45625 0.4361111113636364 0.45234375 0.4555555556818182 0.4484375 0.5069444443181819 0.453125 0.5972222227272728
2 0.38515625 0.5236111113636364 0.38984375 0.5069444443181819 0.40078125 0.49027777727272726 0.41484375 0.4916666670454546 0.41875 0.4875 0.42109375 0.4791666670454546 0.42109375 0.4555555556818182 0.4171875 0.4430555556818182 0.3984375 0.4319444443181818 0.365625 0.42638888863636365 0.35234375 0.4375 0.334375 0.4736111113636364 0.3328125 0.4875 0.33671875 0.5055555556818182 0.3671875 0.5208333329545455 0.38515625 0.5236111113636364
2 0.559375 0.4194444443181818 0.5765625 0.4111111113636364 0.58203125 0.39722222272727276 0.58203125 0.38611111136363635 0.57421875 0.3541666670454546 0.5671875 0.35138888863636364 0.56015625 0.34027777727272723 0.5515625 0.3388888886363636 0.540625 0.34722222272727277 0.52890625 0.3666666670454546 0.52578125 0.3833333329545454 0.5125 0.3958333329545454 0.51171875 0.40555555568181817 0.52421875 0.4194444443181818 0.55 0.4319444443181818 0.559375 0.4194444443181818
2 0.81484375 0.4291666670454546 0.8203125 0.4361111113636364 0.8328125 0.3902777772727272 0.8328125 0.37916666704545454 0.83046875 0.3736111113636364 0.82421875 0.3736111113636364 0.825 0.3694444443181818 0.82109375 0.36388888863636365 0.80234375 0.35833333295454545 0.79296875 0.37222222272727273 0.79296875 0.3833333329545454 0.7875 0.40277777727272723 0.78671875 0.425 0.80390625 0.425 0.81015625 0.4319444443181818 0.81484375 0.4291666670454546
2 0.7640625 0.4222222227272728 0.76875 0.425 0.7765625 0.39861111136363636 0.77734375 0.375 0.76796875 0.3569444443181818 0.74921875 0.3541666670454546 0.7359375 0.37222222272727273 0.72890625 0.3958333329545454 0.72734375 0.4111111113636364 0.73046875 0.4166666670454546 0.75859375 0.42638888863636365 0.7640625 0.4222222227272728
2 0.8397727272727272 0.3221590909090909 0.0005681818181818182 0.0011363636363636363
2 0.8397727272727272 0.3090909090909091 0.8477272727272728 0.31136363636363634 0.8522727272727273 0.3159090909090909 0.8534090909090909 0.32954545454545453 0.8522727272727273 0.3375 0.8488636363636364 0.3409090909090909 0.8431818181818181 0.3409090909090909 0.8420454545454545 0.3386363636363636 0.8340909090909091 0.3375 0.8295454545454546 0.3340909090909091 0.8227272727272728 0.3375 0.8204545454545454 0.33181818181818185 0.8284090909090909 0.31136363636363634 0.8306818181818182 0.3090909090909091 0.8386363636363636 0.3090909090909091
2 0 0.5444444443181818 0.0625 0.5347222227272728 0.078125 0.5375 0.09765625 0.5291666670454546 0.10703125 0.5125 0.10078125 0.4875 0.0890625 0.475 0.05546875 0.47222222272727277 0.02890625 0.4569444443181818 0.00234375 0.45972222272727276 0 0.46111111136363636 0 0.5444444443181818
3 0.62265625 0.5361111113636364 0.6328125 0.5402777772727273 0.6328125 0.5069444443181819 0.6375 0.49583333295454546 0.6375 0.4805555556818182 0.634375 0.47083333295454544 0.6296875 0.46666666704545456 0.62421875 0.48333333295454545 0.61640625 0.4930555556818182 0.61328125 0.5055555556818182 0.61484375 0.5208333329545455 0.61171875 0.5458333329545454 0.61640625 0.5458333329545454 0.62265625 0.5361111113636364
3 0.78984375 0.5611111113636363 0.78671875 0.5555555556818181 0.78984375 0.5541666670454546 0.78828125 0.5347222227272728 0.79375 0.5069444443181819 0.78984375 0.4944444443181818 0.78359375 0.4916666670454546 0.7890625 0.48333333295454545 0.7859375 0.48333333295454545 0.77578125 0.5069444443181819 0.7765625 0.5236111113636364 0.7703125 0.5458333329545454 0.76953125 0.5555555556818181 0.77578125 0.5625 0.7828125 0.5513888886363636 0.78984375 0.5611111113636363
3 0.8671875 0.5736111113636364 0.8640625 0.5361111113636364 0.86015625 0.5361111113636364 0.85 0.5611111113636363 0.84140625 0.6138888886363636 0.85234375 0.6263888886363637 0.85625 0.6236111113636363 0.8671875 0.5736111113636364
3 0.796875 0.6194444443181819 0.80078125 0.6194444443181819 0.80703125 0.6097222227272727 0.8125 0.6097222227272727 0.8171875 0.6166666670454545 0.8140625 0.6111111113636364 0.81796875 0.6069444443181818 0.821875 0.5680555556818182 0.821875 0.5527777772727273 0.8171875 0.5305555556818182 0.803125 0.5583333329545455 0.79921875 0.5819444443181819 0.79296875 0.5986111113636364 0.79296875 0.6097222227272727 0.796875 0.6194444443181819
3 0.80234375 0.5666666670454545 0.80546875 0.55 0.8171875 0.5236111113636364 0.8125 0.5152777772727273 0.81484375 0.5125 0.8140625 0.49722222272727273 0.80703125 0.5111111113636364 0.809375 0.5152777772727273 0.8015625 0.5194444443181818 0.80234375 0.5305555556818182 0.79296875 0.5652777772727272 0.7953125 0.5763888886363636 0.80234375 0.5666666670454545
3 0.7234375 0.2555555556818182 0.721875 0.2375 0.71640625 0.23472222272727272 0.7125 0.24583333295454546 0.71015625 0.25416666704545454 0.71640625 0.2569444443181818 0.71953125 0.2652777772727273 0.7234375 0.2555555556818182
3 0.578125 0.24861111136363637 0.5734375 0.26111111136363635 0.57265625 0.2722222227272727 0.584375 0.28194444431818183 0.58515625 0.2555555556818182 0.578125 0.24861111136363637
3 0.55859375 0.3 0.553125 0.2847222227272727 0.546875 0.2847222227272727 0.54140625 0.30138888863636365 0.53984375 0.3125 0.54609375 0.3333333329545454 0.5578125 0.32361111136363635 0.55859375 0.3