3 0.7045454545454546 0.5460227272727273 0.07727272727272727 0.08068181818181819
3 0.8488636363636364 0.39943181818181817 0.06647727272727273 0.056818181818181816
2 0.2545454545454545 0.6369318181818182 0.22897727272727272 0.19318181818181818
3 0.3482954545454545 0.4323863636363636 0.06875 0.06534090909090909
3 0.28125 0.3778409090909091 0.0625 0.058522727272727275
3 0.9147727272727273 0.42556818181818185 0.06079545454545455 0.05965909090909091
3 0.9795454545454545 0.4869318181818182 0.03977272727272727 0.06818181818181818
2 0.12443181818181819 0.4022727272727273 0.18181818181818182 0.1653409090909091
3 0.5642045454545455 0.16363636363636364 0.02159090909090909 0.05284090909090909
2 0.5193181818181818 0.44943181818181815 0.14829545454545454 0.1431818181818182
3 0.6204545454545455 0.15397727272727274 0.022727272727272728 0.06136363636363636
3 0.5920454545454545 0.15681818181818183 0.023295454545454546 0.058522727272727275
3 0.16022727272727272 0.8460227272727273 0.0875 0.11363636363636363
3 0.40738636363636366 0.39943181818181817 0.06477272727272727 0.06534090909090909
3 0.4693181818181818 0.16590909090909092 0.03068181818181818 0.0625
3 0.6107954545454546 0.3784090909090909 0.04318181818181818 0.0625
3 0.0659090909090909 0.7306818181818182 0.07840909090909091 0.10568181818181818
3 0.6659090909090909 0.20397727272727273 0.02727272727272727 0.058522727272727275
3 0.36420454545454545 0.036931818181818184 0.02159090909090909 0.05965909090909091
3 0.42954545454545456 0.35568181818181815 0.0625 0.06363636363636363
3 0.4005681818181818 0.07897727272727273 0.024431818181818183 0.05568181818181818
3 0.5244318181818182 0.15681818181818183 0.024431818181818183 0.06363636363636363
3 0.7011363636363637 0.15113636363636362 0.021022727272727273 0.06136363636363636
3 0.6443181818181818 0.13977272727272727 0.01818181818181818 0.048863636363636366
3 0.4369318181818182 0.12897727272727272 0.024431818181818183 0.058522727272727275