3 0.1784090909090909 0.30056818181818185 0.03579545454545455 0.0375
3 0.5431818181818182 0.41647727272727275 0.029545454545454545 0.05568181818181818
3 0.4017045454545455 0.45284090909090907 0.03409090909090909 0.06931818181818182
3 0.32670454545454547 0.3164772727272727 0.023295454545454546 0.04147727272727273
3 0.5897727272727272 0.3494318181818182 0.01875 0.03465909090909091
3 0.8710227272727272 0.30227272727272725 0.01875 0.0375
3 0.024431818181818183 0.3693181818181818 0.025 0.04715909090909091
3 0.1494318181818182 0.27443181818181817 0.014204545454545454 0.040340909090909094
3 0.044886363636363634 0.32272727272727275 0.031818181818181815 0.048863636363636366
3 0.6318181818181818 0.3255681818181818 0.017045454545454544 0.04318181818181818
3 0.0846590909090909 0.6681818181818182 0.06477272727272727 0.08636363636363636
3 0.12386363636363637 0.6164772727272727 0.05056818181818182 0.05
3 0.49886363636363634 0.4198863636363636 0.021022727272727273 0.05113636363636364
2 0.9744318181818182 0.45681818181818185 0.05 0.09431818181818181