2 0.8306818181818182 0.5278409090909091 0.17556818181818182 0.1806818181818182
3 0.5096590909090909 0.5164772727272727 0.056818181818181816 0.08636363636363636
2 0.48920454545454545 0.3755681818181818 0.14147727272727273 0.15965909090909092
3 0.5454545454545454 0.14488636363636365 0.028977272727272727 0.0625
3 0.6539772727272727 0.3528409090909091 0.05625 0.06931818181818182
3 0.6704545454545454 0.05284090909090909 0.028977272727272727 0.05
3 0.36761363636363636 0.19147727272727272 0.02727272727272727 0.05568181818181818
3 0.6960227272727273 0.16818181818181818 0.017045454545454544 0.058522727272727275
3 0.4465909090909091 0.14772727272727273 0.025 0.056818181818181816
3 0.6630681818181818 0.17556818181818182 0.023295454545454546 0.056818181818181816
3 0.3397727272727273 0.06931818181818182 0.01875 0.04715909090909091
3 0.5829545454545455 0.1431818181818182 0.023295454545454546 0.05568181818181818
2 0.27897727272727274 0.08068181818181819 0.06875 0.08352272727272728
2 0.4636363636363636 0.10056818181818182 0.07897727272727273 0.11818181818181818
3 0.010795454545454546 0.3931818181818182 0.021022727272727273 0.05284090909090909
3 0.6221590909090909 0.15284090909090908 0.01818181818181818 0.05284090909090909
3 0.35965909090909093 0.11193181818181819 0.01818181818181818 0.056818181818181816
2 0.5244318181818182 0.04772727272727273 0.06931818181818182 0.09545454545454546
3 0.2056818181818182 0.04431818181818182 0.014204545454545454 0.05568181818181818