2 0.5068181818181818 0.6255681818181819 0.14204545454545456 0.24034090909090908
2 0.9443181818181818 0.5278409090909091 0.11079545454545454 0.23068181818181818
2 0.6397727272727273 0.31477272727272726 0.11704545454545455 0.17897727272727273
3 0.12386363636363637 0.1630681818181818 0.05227272727272727 0.07386363636363637
3 0.01875 0.7306818181818182 0.0375 0.08636363636363636
2 0.5818181818181818 0.05568181818181818 0.09204545454545454 0.10568181818181818
3 0.06306818181818181 0.19318181818181818 0.04943181818181818 0.07215909090909091
3 0.5482954545454546 0.41818181818181815 0.03125 0.13352272727272727
2 0.41363636363636364 0.04659090909090909 0.06647727272727273 0.09318181818181819
3 0.39829545454545456 0.1431818181818182 0.023295454545454546 0.058522727272727275
3 0.02159090909090909 0.3789772727272727 0.04318181818181818 0.09431818181818181
2 0.35568181818181815 0.2818181818181818 0.07329545454545454 0.13068181818181818
2 0.8454545454545455 0.11306818181818182 0.12272727272727273 0.11818181818181818
3 0.03068181818181818 0.5181818181818182 0.058522727272727275 0.11647727272727272
3 0.07215909090909091 0.6278409090909091 0.08522727272727272 0.125