3 0.696590909090909 0.19090909090909092 0.7011363636363637 0.19772727272727272 0.7022727272727273 0.21704545454545454 0.7045454545454546 0.21818181818181817 0.7056818181818182 0.22386363636363638 0.7022727272727273 0.25227272727272726 0.6977272727272728 0.2534090909090909 0.6954545454545454 0.25113636363636366 0.6954545454545454 0.24659090909090908 0.6829545454545455 0.23863636363636365 0.6875 0.21022727272727273 0.6909090909090909 0.20454545454545456 0.6909090909090909 0.19886363636363635 0.6954545454545454 0.19204545454545455
3 0.7102272727272727 0.1875 0.7136363636363636 0.18522727272727274 0.7181818181818181 0.18636363636363637 0.7204545454545455 0.21477272727272728 0.7238636363636364 0.22727272727272727 0.7204545454545455 0.24659090909090908 0.7159090909090909 0.24772727272727274 0.7125 0.23977272727272728 0.7113636363636363 0.22045454545454546 0.7079545454545455 0.20681818181818182 0.7102272727272727 0.18863636363636363
3 0.5477272727272727 0.13295454545454546 0.5511363636363636 0.13977272727272727 0.5511363636363636 0.1625 0.5477272727272727 0.18409090909090908 0.5431818181818182 0.18295454545454545 0.5431818181818182 0.17954545454545454 0.5375 0.175 0.5329545454545455 0.16477272727272727 0.5329545454545455 0.14772727272727273 0.5352272727272728 0.14545454545454545 0.5352272727272728 0.13863636363636364 0.5375 0.13522727272727272 0.5465909090909091 0.13295454545454546
3 0.65 0.1875 0.6522727272727272 0.18977272727272726 0.6511363636363636 0.21022727272727273 0.6545454545454545 0.21477272727272728 0.6579545454545455 0.20681818181818182 0.6579545454545455 0.19886363636363635 0.6670454545454545 0.19318181818181818 0.6738636363636363 0.19772727272727272 0.6738636363636363 0.22727272727272727 0.6704545454545454 0.23295454545454544 0.6681818181818182 0.25227272727272726 0.6647727272727273 0.2534090909090909 0.6511363636363636 0.22727272727272727 0.6454545454545455 0.21022727272727273 0.6465909090909091 0.19318181818181818 0.65 0.18863636363636363
3 0.5261363636363636 0.07727272727272727 0.5284090909090909 0.08068181818181819 0.5272727272727272 0.10909090909090909 0.5238636363636363 0.11363636363636363 0.5181818181818182 0.10909090909090909 0.5159090909090909 0.09772727272727273 0.5170454545454546 0.07954545454545454 0.5193181818181818 0.07727272727272727 0.525 0.07727272727272727
3 0.5897727272727272 0.12045454545454545 0.5977272727272728 0.13977272727272727 0.5965909090909091 0.15 0.5988636363636364 0.15227272727272728 0.5988636363636364 0.16704545454545455 0.5965909090909091 0.17613636363636365 0.5920454545454545 0.175 0.5909090909090909 0.16022727272727272 0.5886363636363636 0.15795454545454546 0.5818181818181818 0.16022727272727272 0.5784090909090909 0.1590909090909091 0.5784090909090909 0.15113636363636362 0.575 0.14431818181818182 0.575 0.12386363636363637 0.5772727272727273 0.1215909090909091 0.5852272727272727 0.12272727272727273 0.5886363636363636 0.12045454545454545
3 0.6806818181818182 0.125 0.6840909090909091 0.12840909090909092 0.6840909090909091 0.1693181818181818 0.6818181818181818 0.17613636363636365 0.6795454545454546 0.1784090909090909 0.675 0.17613636363636365 0.6681818181818182 0.16363636363636364 0.6681818181818182 0.1534090909090909 0.6659090909090909 0.15113636363636362 0.6681818181818182 0.12727272727272726 0.6806818181818182 0.12613636363636363
3 0.5170454545454546 0.13295454545454546 0.5204545454545455 0.17613636363636365 0.5193181818181818 0.18295454545454545 0.5170454545454546 0.18409090909090908 0.5125 0.18295454545454545 0.509090909090909 0.17727272727272728 0.5022727272727273 0.18181818181818182 0.5011363636363636 0.17954545454545454 0.5022727272727273 0.16704545454545455 0.5056818181818182 0.1590909090909091 0.5056818181818182 0.13636363636363635 0.5102272727272728 0.13295454545454546 0.5159090909090909 0.13295454545454546
3 0.7659090909090909 0.2215909090909091 0.7693181818181818 0.225 0.7738636363636363 0.23977272727272728 0.7715909090909091 0.2897727272727273 0.7659090909090909 0.2897727272727273 0.759090909090909 0.27954545454545454 0.75 0.2772727272727273 0.7534090909090909 0.2545454545454545 0.7579545454545454 0.24772727272727274 0.759090909090909 0.23295454545454544 0.7659090909090909 0.22272727272727272
3 0.45227272727272727 0.12045454545454545 0.45454545454545453 0.1340909090909091 0.45227272727272727 0.13636363636363635 0.45340909090909093 0.15681818181818183 0.45 0.1715909090909091 0.44545454545454544 0.17045454545454544 0.4409090909090909 0.16477272727272727 0.4375 0.15795454545454546 0.4375 0.14886363636363636 0.4409090909090909 0.12386363636363637 0.44545454545454544 0.12045454545454545 0.4511363636363636 0.12045454545454545
3 0.48068181818181815 0.13295454545454546 0.48522727272727273 0.14659090909090908 0.48409090909090907 0.18522727272727274 0.47954545454545455 0.18863636363636363 0.47045454545454546 0.16477272727272727 0.47045454545454546 0.13863636363636364 0.48068181818181815 0.1340909090909091
3 0.5875 0.3931818181818182 0.5897727272727272 0.4034090909090909 0.5920454545454545 0.40454545454545454 0.5988636363636364 0.42159090909090907 0.5988636363636364 0.42613636363636365 0.6068181818181818 0.4375 0.6090909090909091 0.44545454545454544 0.6090909090909091 0.4602272727272727 0.6034090909090909 0.4693181818181818 0.5954545454545455 0.4693181818181818 0.5943181818181819 0.46704545454545454 0.5852272727272727 0.4636363636363636 0.5806818181818182 0.45795454545454545 0.5818181818181818 0.45454545454545453 0.5863636363636363 0.45340909090909093 0.5863636363636363 0.4431818181818182 0.5840909090909091 0.43977272727272726 0.5852272727272727 0.42272727272727273 0.5829545454545455 0.42045454545454547 0.5806818181818182 0.4090909090909091 0.5875 0.39431818181818185
3 0.8943181818181818 0.3931818181818182 0.9022727272727272 0.4034090909090909 0.9022727272727272 0.4068181818181818 0.9113636363636364 0.42159090909090907 0.9147727272727273 0.43863636363636366 0.9090909090909091 0.45227272727272727 0.9045454545454545 0.45340909090909093 0.884090909090909 0.4465909090909091 0.875 0.44772727272727275 0.8693181818181818 0.45227272727272727 0.8613636363636363 0.45227272727272727 0.8556818181818182 0.44886363636363635 0.85 0.4340909090909091 0.85 0.42159090909090907 0.8556818181818182 0.41704545454545455 0.8625 0.40454545454545454 0.875 0.4056818181818182 0.884090909090909 0.42045454545454547 0.8943181818181818 0.39431818181818185
3 0.40795454545454546 0.0715909090909091 0.4125 0.07613636363636364 0.4113636363636364 0.08522727272727272 0.41363636363636364 0.10681818181818181 0.4113636363636364 0.11022727272727273 0.4 0.10909090909090909 0.39886363636363636 0.10454545454545454 0.4011363636363636 0.08636363636363636 0.3977272727272727 0.08181818181818182 0.3977272727272727 0.07727272727272727 0.4068181818181818 0.0715909090909091
3 0.6125 0.11704545454545455 0.6170454545454546 0.11477272727272728 0.6215909090909091 0.125 0.6215909090909091 0.14772727272727273 0.6238636363636364 0.1534090909090909 0.6215909090909091 0.16704545454545455 0.6090909090909091 0.1625 0.6022727272727273 0.1534090909090909 0.6056818181818182 0.14545454545454545 0.6079545454545454 0.12727272727272726 0.6125 0.11818181818181818
3 0.48068181818181815 0.1159090909090909 0.48863636363636365 0.1159090909090909 0.49204545454545456 0.125 0.49204545454545456 0.13863636363636364 0.4943181818181818 0.14545454545454545 0.4943181818181818 0.15795454545454546 0.4909090909090909 0.16022727272727272 0.4875 0.15795454545454546 0.48295454545454547 0.14204545454545456 0.48068181818181815 0.11704545454545455
3 0.8625 0.45340909090909093 0.8693181818181818 0.4602272727272727 0.8772727272727273 0.4738636363636364 0.8795454545454545 0.48295454545454547 0.8818181818181818 0.5193181818181818 0.8738636363636364 0.5284090909090909 0.8511363636363637 0.5193181818181818 0.8352272727272727 0.5193181818181818 0.8306818181818182 0.5204545454545455 0.8272727272727273 0.5261363636363636 0.8193181818181818 0.5261363636363636 0.8125 0.5193181818181818 0.8102272727272727 0.5136363636363637 0.8102272727272727 0.5 0.8136363636363636 0.4909090909090909 0.8136363636363636 0.4738636363636364 0.8159090909090909 0.4681818181818182 0.8272727272727273 0.4681818181818182 0.8295454545454546 0.47045454545454546 0.8363636363636363 0.48863636363636365 0.8443181818181819 0.49772727272727274 0.8454545454545455 0.4909090909090909 0.8477272727272728 0.4909090909090909 0.8522727272727273 0.48409090909090907 0.8556818181818182 0.4863636363636364 0.8590909090909091 0.48295454545454547 0.8590909090909091 0.4659090909090909 0.8556818181818182 0.4556818181818182 0.8613636363636363 0.45340909090909093
3 0.5625 0.1693181818181818 0.5590909090909091 0.15227272727272728 0.5590909090909091 0.13636363636363635 0.5602272727272727 0.12840909090909092 0.5636363636363636 0.12386363636363637 0.5693181818181818 0.12386363636363637 0.5738636363636364 0.1340909090909091 0.5761363636363637 0.14886363636363636 0.5761363636363637 0.16363636363636364 0.5704545454545454 0.18181818181818182 0.5636363636363636 0.1693181818181818
3 0.5909090909090909 0.11477272727272728 0.5943181818181819 0.11477272727272728 0.5988636363636364 0.12272727272727273 0.6022727272727273 0.14545454545454545 0.6022727272727273 0.1590909090909091 0.5977272727272728 0.16363636363636364 0.5931818181818181 0.15 0.5897727272727272 0.12272727272727273 0.5909090909090909 0.1159090909090909
3 0.42954545454545456 0.09090909090909091 0.4340909090909091 0.09772727272727273 0.4340909090909091 0.11363636363636363 0.43068181818181817 0.125 0.42954545454545456 0.14545454545454545 0.41818181818181815 0.13522727272727272 0.41704545454545455 0.12954545454545455 0.42045454545454547 0.09318181818181819 0.4284090909090909 0.09090909090909091
3 0.6397727272727273 0.11136363636363636 0.6443181818181818 0.1159090909090909 0.6443181818181818 0.12045454545454545 0.6420454545454546 0.12272727272727273 0.6443181818181818 0.12727272727272726 0.6420454545454546 0.16704545454545455 0.6386363636363637 0.16590909090909092 0.6284090909090909 0.1534090909090909 0.6284090909090909 0.12954545454545455 0.6329545454545454 0.11818181818181818 0.6386363636363637 0.1125
2 0.43203125 0.7333333329545455 0.4375 0.7375 0.4578125 0.7305555556818181 0.490625 0.7402777772727273 0.53046875 0.7569444443181819 0.55 0.775 0.5671875 0.7791666670454545 0.58828125 0.7722222227272727 0.59375 0.7625 0.6046875 0.7125 0.60390625 0.6833333329545455 0.59296875 0.6486111113636364 0.55 0.6055555556818181 0.51328125 0.5847222227272727 0.44296875 0.5680555556818182 0.4296875 0.6 0.4203125 0.6472222227272727 0.41484375 0.6819444443181819 0.415625 0.7069444443181819 0.421875 0.7111111113636364 0.43203125 0.7333333329545455
2 0.2901039068181818 0.5680555556818182 0.31015625 0.5666666670454545 0.35234375 0.5722222227272727 0.371875 0.5875 0.38515625 0.5875 0.4046875 0.5694444443181819 0.4125 0.5208333329545455 0.41171875 0.5041666670454545 0.40078125 0.475 0.3828125 0.46666666704545456 0.3484375 0.4388888886363636 0.3140625 0.4305555556818182 0.25390625 0.4305555556818182 0.24140625 0.4513888886363636 0.23359375 0.49583333295454546 0.23359375 0.5236111113636364 0.24453125 0.5597222227272728 0.26875 0.5791666670454546 0.2901039068181818 0.5680555556818182
0 0.1052734375 0.4430555556818182 0.12578125 0.45972222272727276 0.1703125 0.4638888886363636 0.18515625 0.44027777727272727 0.18828125 0.4236111113636364 0.18515625 0.3902777772727272 0.17890625 0.375 0.13984375 0.3319444443181818 0.046875 0.3208333329545454 0.0375 0.33472222272727276 0.02890625 0.33611111136363636 0.02265625 0.35833333295454545 0.0234375 0.39722222272727276 0.03125 0.4527777772727272 0.0484375 0.44027777727272727 0.1052734375 0.4430555556818182
5 0 0.6986111113636364 0.00625 0.7013888886363636 0.00390625 0.7166666670454545 0.0078125 0.7333333329545455 0.0359375 0.7416666670454545 0.0453125 0.7277777772727273 0.14296875 0.7388888886363636 0.1578125 0.7361111113636364 0.171875 0.7444444443181819 0.1765625 0.7527777772727272 0.2 0.7555555556818181 0.21328125 0.7416666670454545 0.240625 0.7347222227272727 0.25390625 0.7180555556818181 0.2625 0.6680555556818181 0.25703125 0.5958333329545455 0.24296875 0.5625 0.234375 0.5291666670454546 0.2171875 0.5041666670454545 0.1875 0.4819444443181818 0.17265625 0.4861111113636364 0.1671875 0.46805555568181817 0.16015625 0.46527777727272723 0.00390625 0.4569444443181818 0 0.4583333329545454 0 0.6986111113636364