2 0.34147727272727274 0.28238636363636366 0.09375 0.15113636363636362
3 0.6056818181818182 0.2590909090909091 0.029545454545454545 0.07102272727272728
3 0.6125 0.39147727272727273 0.03125 0.08068181818181819
3 0.5454545454545454 0.24943181818181817 0.026704545454545453 0.06818181818181818
3 0.7136363636363636 0.5085227272727273 0.04772727272727273 0.09147727272727273
3 0.014204545454545454 0.19318181818181818 0.028409090909090908 0.04715909090909091
2 0.5170454545454546 0.4318181818181818 0.11477272727272728 0.1693181818181818
3 0.27897727272727274 0.1215909090909091 0.01875 0.05397727272727273
3 0.8357954545454546 0.5960227272727273 0.045454545454545456 0.1028409090909091
2 0.4102272727272727 0.04943181818181818 0.06704545454545455 0.09602272727272727
3 0.9096590909090909 0.4289772727272727 0.04431818181818182 0.08863636363636364
3 0.01818181818181818 0.38693181818181815 0.03579545454545455 0.07102272727272728
3 0.6505681818181818 0.3215909090909091 0.02727272727272727 0.06818181818181818
3 0.8534090909090909 0.35397727272727275 0.04431818181818182 0.06931818181818182
3 0.9647727272727272 0.9181818181818182 0.06875 0.15852272727272726
3 0.7994318181818182 0.42272727272727273 0.04772727272727273 0.0846590909090909
3 0.86875 0.44943181818181815 0.05 0.08181818181818182
3 0.7545454545454545 0.4244318181818182 0.04431818181818182 0.0875
3 0.5659090909090909 0.10909090909090909 0.025 0.05397727272727273
3 0.5301136363636364 0.1318181818181818 0.022727272727272728 0.04431818181818182
3 0.12443181818181819 0.16988636363636364 0.05 0.06534090909090909
3 0.2988636363636364 0.44943181818181815 0.028977272727272727 0.10113636363636364
3 0.4630681818181818 0.5369318181818182 0.03579545454545455 0.10965909090909091
3 0.15397727272727274 0.00909090909090909 0.0125 0.01818181818181818
2 0.2034090909090909 0.036931818181818184 0.05397727272727273 0.07386363636363637
3 0.7880681818181818 0.29602272727272727 0.033522727272727273 0.06647727272727273
3 0.8943181818181818 0.6306818181818182 0.04375 0.09147727272727273
3 0.8017045454545455 0.3778409090909091 0.04772727272727273 0.08352272727272728
3 0.5079545454545454 0.08352272727272728 0.02159090909090909 0.04715909090909091