2 0.46761363636363634 0.4727272727272727 0.11477272727272728 0.18181818181818182
3 0.7454545454545455 0.3039772727272727 0.0375 0.08068181818181819
3 0.6119318181818182 0.23068181818181818 0.03125 0.058522727272727275
3 0.6454545454545455 0.21022727272727273 0.024431818181818183 0.056818181818181816
3 0.54375 0.2119318181818182 0.025 0.0625
3 0.4954545454545455 0.21022727272727273 0.03125 0.06818181818181818
3 0.32272727272727275 0.2556818181818182 0.02159090909090909 0.058522727272727275
3 0.5744318181818182 0.1965909090909091 0.024431818181818183 0.056818181818181816
3 0.7005681818181818 0.20397727272727273 0.026704545454545453 0.05
2 0.2806818181818182 0.060227272727272727 0.05795454545454545 0.08181818181818182
3 0.24204545454545454 0.18693181818181817 0.02556818181818182 0.07102272727272728
3 0.7125 0.1653409090909091 0.01875 0.05568181818181818
3 0.45454545454545453 0.1494318181818182 0.01875 0.056818181818181816
2 0.6215909090909091 0.028977272727272727 0.08181818181818182 0.05795454545454545
3 0.013068181818181817 0.4693181818181818 0.023295454545454546 0.1
3 0.18693181818181817 0.016477272727272726 0.017045454545454544 0.03295454545454545
2 0.47556818181818183 0.0375 0.075 0.075