3 0.3789772727272727 0.4056818181818182 0.01875 0.058522727272727275
3 0.8295454545454546 0.21477272727272728 0.014772727272727272 0.05113636363636364
3 0.7431818181818182 0.5181818181818182 0.04431818181818182 0.07215909090909091
3 0.006818181818181818 0.12272727272727273 0.0125 0.0375
3 0.07556818181818181 0.3386363636363636 0.017045454545454544 0.05
3 0.038636363636363635 0.1744318181818182 0.014772727272727272 0.04318181818181818
3 0.8920454545454546 0.22897727272727272 0.013068181818181817 0.04147727272727273
3 0.06306818181818181 0.1590909090909091 0.014772727272727272 0.048863636363636366
3 0.9318181818181818 0.2369318181818182 0.013068181818181817 0.040340909090909094
3 0.9113636363636364 0.23068181818181818 0.013068181818181817 0.04431818181818182
3 0.17045454545454544 0.4460227272727273 0.01875 0.05284090909090909
3 0.04375 0.08181818181818182 0.0125 0.04147727272727273
3 0.5306818181818181 0.24602272727272728 0.02556818181818182 0.05284090909090909
3 0.2767045454545455 0.26022727272727275 0.021022727272727273 0.056818181818181816
2 0.32897727272727273 0.28238636363636366 0.07670454545454546 0.1125
3 0.7045454545454546 0.5210227272727272 0.02556818181818182 0.075
3 0.5818181818181818 0.2585227272727273 0.01875 0.04147727272727273
3 0.85 0.22443181818181818 0.01875 0.040340909090909094
3 0.5380681818181818 0.48977272727272725 0.03295454545454545 0.06534090909090909
3 0.575 0.4943181818181818 0.020454545454545454 0.058522727272727275
2 0.44886363636363635 0.40852272727272726 0.10681818181818181 0.21363636363636362
3 0.25625 0.24147727272727273 0.020454545454545454 0.06363636363636363