3 0.70625 0.38693181818181815 0.05625 0.05965909090909091
2 0.775 0.575 0.2 0.175
3 0.6005681818181818 0.27443181818181817 0.03806818181818182 0.08181818181818182
3 0.9454545454545454 0.42159090909090907 0.06477272727272727 0.06534090909090909
3 0.6380681818181818 0.4102272727272727 0.06818181818181818 0.05965909090909091
3 0.5142045454545454 0.6590909090909091 0.0875 0.09602272727272727
3 0.5329545454545455 0.16193181818181818 0.01818181818181818 0.05397727272727273
3 0.6375 0.2755681818181818 0.0375 0.07897727272727273
3 0.5642045454545455 0.2772727272727273 0.026704545454545453 0.07102272727272728
3 0.4943181818181818 0.26193181818181815 0.017045454545454544 0.06534090909090909
3 0.8306818181818182 0.4056818181818182 0.06079545454545455 0.06931818181818182
2 0.12102272727272727 0.7210227272727273 0.24204545454545454 0.23352272727272727
3 0.4681818181818182 0.15568181818181817 0.019318181818181818 0.058522727272727275
3 0.5630681818181819 0.16988636363636364 0.01875 0.05113636363636364
2 0.26420454545454547 0.3715909090909091 0.1534090909090909 0.15113636363636362
3 0.7585227272727273 0.29772727272727273 0.029545454545454545 0.06818181818181818
3 0.8448863636363636 0.33693181818181817 0.04602272727272727 0.07897727272727273
3 0.54375 0.4022727272727273 0.0625 0.06534090909090909
3 0.4380681818181818 0.1278409090909091 0.019318181818181818 0.05
3 0.4096590909090909 0.09318181818181819 0.016477272727272726 0.04431818181818182
2 0.7676136363636363 0.44943181818181815 0.15681818181818183 0.13465909090909092
2 0.37329545454545454 0.48806818181818185 0.17954545454545454 0.18181818181818182
3 0.7988636363636363 0.3090909090909091 0.04318181818181818 0.07897727272727273
3 0.7295454545454545 0.25681818181818183 0.023295454545454546 0.06931818181818182
3 0.38977272727272727 0.0715909090909091 0.020454545454545454 0.048863636363636366
2 0.6642045454545454 0.22272727272727272 0.10454545454545454 0.15397727272727274
3 0.5352272727272728 0.26931818181818185 0.02159090909090909 0.04431818181818182
2 0.8454545454545455 0.11306818181818182 0.12329545454545454 0.11818181818181818
3 0.525 0.28863636363636364 0.0375 0.08636363636363636