3 0.30170454545454545 0.31931818181818183 0.023295454545454546 0.04431818181818182
3 0.11079545454545454 0.3164772727272727 0.026704545454545453 0.04431818181818182
3 0.024431818181818183 0.3693181818181818 0.023295454545454546 0.05
3 0.1630681818181818 0.30227272727272725 0.025 0.04318181818181818
3 0.32897727272727273 0.3164772727272727 0.026704545454545453 0.04431818181818182
3 0.18238636363636362 0.3028409090909091 0.024431818181818183 0.03636363636363636
3 0.20454545454545456 0.3494318181818182 0.021022727272727273 0.04602272727272727
3 0.2727272727272727 0.33693181818181817 0.023295454545454546 0.04602272727272727
3 0.24431818181818182 0.34147727272727274 0.024431818181818183 0.04147727272727273
3 0.04431818181818182 0.3181818181818182 0.031818181818181815 0.05568181818181818
3 0.13693181818181818 0.31022727272727274 0.029545454545454545 0.04318181818181818
3 0.3806818181818182 0.24488636363636362 0.019318181818181818 0.0375