3 0.24943181818181817 0.9477272727272728 0.10170454545454545 0.10113636363636364
3 0.45454545454545453 0.14147727272727273 0.028409090909090908 0.06136363636363636
3 0.38125 0.9573863636363636 0.0875 0.0846590909090909
3 0.5659090909090909 0.15568181818181817 0.017045454545454544 0.05284090909090909
3 0.6022727272727273 0.1494318181818182 0.017045454545454544 0.05397727272727273
3 0.5159090909090909 0.15568181818181817 0.022727272727272728 0.05568181818181818
3 0.625 0.01875 0.01875 0.0375
2 0.5318181818181819 0.4278409090909091 0.15056818181818182 0.13636363636363635
2 0.048863636363636366 0.3880681818181818 0.09772727272727273 0.12897727272727272
3 0.6954545454545454 0.21306818181818182 0.023295454545454546 0.056818181818181816
3 0.35170454545454544 0.4693181818181818 0.075 0.08068181818181819
3 0.6386363636363637 0.15568181818181817 0.02556818181818182 0.05568181818181818
3 0.5392045454545454 0.15056818181818182 0.021022727272727273 0.048863636363636366
3 0.7193181818181819 0.21363636363636362 0.025 0.06136363636363636
2 0.051704545454545454 0.18693181818181817 0.10340909090909091 0.12102272727272727
3 0.66875 0.1630681818181818 0.020454545454545454 0.05397727272727273
3 0.01875 0.5568181818181818 0.0375 0.06363636363636363
2 0.5113636363636364 0.05397727272727273 0.06477272727272727 0.09431818181818181
2 0.8448863636363636 0.11306818181818182 0.12443181818181819 0.11534090909090909
2 0.40625 0.040340909090909094 0.06704545454545455 0.08068181818181819