3 0.048295454545454544 0.3846590909090909 0.023295454545454546 0.05
3 0.09090909090909091 0.36818181818181817 0.022727272727272728 0.05568181818181818
3 0.15681818181818183 0.36306818181818185 0.014204545454545454 0.04602272727272727
3 0.12840909090909092 0.3653409090909091 0.01818181818181818 0.05
3 0.3181818181818182 0.32272727272727275 0.024431818181818183 0.04318181818181818
3 0.36306818181818185 0.2994318181818182 0.02727272727272727 0.04318181818181818
3 0.14488636363636365 0.26931818181818185 0.014772727272727272 0.04431818181818182
3 0.2034090909090909 0.3494318181818182 0.019318181818181818 0.04318181818181818
3 0.9255681818181818 0.3164772727272727 0.02556818181818182 0.058522727272727275
3 0.6977272727272728 0.2528409090909091 0.010795454545454546 0.03636363636363636
3 0.25625 0.3352272727272727 0.01875 0.05113636363636364
3 0.38181818181818183 0.2431818181818182 0.019318181818181818 0.03636363636363636
3 0.2409090909090909 0.3403409090909091 0.019318181818181818 0.04715909090909091
3 0.29318181818181815 0.32897727272727273 0.014204545454545454 0.04431818181818182