3 0.7045454545454546 0.6119318181818182 0.025 0.06534090909090909
2 0.16761363636363635 0.8494318181818182 0.1693181818181818 0.15681818181818183
3 0.6454545454545455 0.5943181818181819 0.021022727272727273 0.05284090909090909
3 0.5568181818181818 0.5852272727272727 0.017045454545454544 0.048863636363636366
2 0.4505681818181818 0.8778409090909091 0.18295454545454545 0.1693181818181818
3 0.07443181818181818 0.43068181818181817 0.026704545454545453 0.04715909090909091
3 0.03295454545454545 0.43068181818181817 0.01875 0.05
3 0.0125 0.4431818181818182 0.017045454545454544 0.058522727272727275
3 0.6181818181818182 0.5835227272727272 0.024431818181818183 0.05
3 0.7767045454545455 0.6943181818181818 0.025 0.06363636363636363
3 0.010795454545454546 0.3494318181818182 0.021022727272727273 0.040340909090909094
3 0.8107954545454545 0.6539772727272727 0.02159090909090909 0.05568181818181818
3 0.10681818181818181 0.42272727272727273 0.023295454545454546 0.04602272727272727
3 0.14772727272727273 0.3744318181818182 0.03409090909090909 0.04318181818181818
3 0.5857954545454546 0.5522727272727272 0.025 0.048863636363636366
3 0.3477272727272727 0.29772727272727273 0.026704545454545453 0.031818181818181815
2 0.7568181818181818 0.5931818181818181 0.06818181818181818 0.12215909090909091
3 0.14431818181818182 0.4153409090909091 0.036931818181818184 0.04715909090909091
3 0.17556818181818182 0.40852272727272726 0.021022727272727273 0.038636363636363635
3 0.9102272727272728 0.5034090909090909 0.023295454545454546 0.05113636363636364
3 0.7357954545454546 0.5664772727272728 0.019318181818181818 0.05
2 0.6818181818181818 0.4744318181818182 0.051704545454545454 0.09318181818181819
2 0.40625 0.9761363636363637 0.16875 0.04715909090909091
2 0.7034090909090909 0.4335227272727273 0.04147727272727273 0.07784090909090909
2 0.6977272727272728 0.5505681818181818 0.0659090909090909 0.09886363636363636