2 0.41761363636363635 0.68125 0.1318181818181818 0.2375
2 0.6801136363636363 0.6664772727272728 0.10056818181818182 0.26931818181818185
2 0.36704545454545456 0.4590909090909091 0.10397727272727272 0.1846590909090909
3 0.7920454545454545 0.2948863636363636 0.04090909090909091 0.07386363636363637
2 0.6147727272727272 0.36818181818181817 0.09829545454545455 0.21931818181818183
3 0.8068181818181818 0.10738636363636364 0.03579545454545455 0.05113636363636364
2 0.8630681818181818 0.49772727272727274 0.17329545454545456 0.25681818181818183
3 0.11818181818181818 0.16647727272727272 0.03806818181818182 0.05568181818181818
3 0.9073863636363636 0.40738636363636366 0.05397727272727273 0.0846590909090909
3 0.48579545454545453 0.30568181818181817 0.04431818181818182 0.07215909090909091
3 0.5204545454545455 0.24943181818181817 0.024431818181818183 0.07102272727272728
3 0.5556818181818182 0.3153409090909091 0.021022727272727273 0.075
3 0.5204545454545455 0.04943181818181818 0.021022727272727273 0.048863636363636366
3 0.5840909090909091 0.6556818181818181 0.02159090909090909 0.09147727272727273
3 0.5875 0.12840909090909092 0.01875 0.05113636363636364
3 0.12670454545454546 0.08409090909090909 0.026704545454545453 0.048863636363636366
3 0.7323863636363637 0.2994318181818182 0.03977272727272727 0.08181818181818182
3 0.009659090909090909 0.2318181818181818 0.019318181818181818 0.05
3 0.3380681818181818 0.15852272727272726 0.019318181818181818 0.05284090909090909
3 0.990909090909091 0.5085227272727273 0.01818181818181818 0.06136363636363636
3 0.18409090909090908 0.07443181818181818 0.015909090909090907 0.04602272727272727
3 0.6619318181818182 0.18522727272727274 0.026704545454545453 0.0625
2 0.49318181818181817 0.12897727272727272 0.08579545454545455 0.1278409090909091
3 0.3795454545454545 0.19772727272727272 0.03125 0.05965909090909091
3 0.9875 0.02784090909090909 0.025 0.05
3 0.17045454545454544 0.01875 0.014772727272727272 0.0375
3 0.29147727272727275 0.6994318181818182 0.042045454545454546 0.0846590909090909
3 0.25625 0.010227272727272727 0.014772727272727272 0.020454545454545454
3 0.8261363636363637 0.34488636363636366 0.04147727272727273 0.07613636363636364
3 0.6971590909090909 0.19943181818181818 0.02727272727272727 0.0625
3 0.6198863636363636 0.13693181818181818 0.028977272727272727 0.048863636363636366
3 0.6380681818181818 0.18522727272727274 0.02556818181818182 0.06818181818181818
2 0.31363636363636366 0.23522727272727273 0.07556818181818181 0.1125
2 0.5522727272727272 0.12556818181818183 0.07840909090909091 0.10965909090909091
2 0.46136363636363636 0.035227272727272725 0.06363636363636363 0.07045454545454545
2 0.25681818181818183 0.10056818181818182 0.06306818181818181 0.09318181818181819
3 0.014204545454545454 0.6267045454545455 0.028409090909090908 0.05113636363636364
3 0.45340909090909093 0.2556818181818182 0.05056818181818182 0.07784090909090909
3 0.46079545454545456 0.19147727272727272 0.03068181818181818 0.06931818181818182
3 0.40454545454545454 0.1806818181818182 0.020454545454545454 0.05284090909090909