3 0.7784090909090909 0.3931818181818182 0.04431818181818182 0.05
3 0.6795454545454546 0.35568181818181815 0.03920454545454546 0.05
3 0.9545454545454546 0.4994318181818182 0.05568181818181818 0.056818181818181816
3 0.4943181818181818 0.5960227272727273 0.0375 0.07784090909090909
2 0.28806818181818183 0.6681818181818182 0.10681818181818181 0.18352272727272728
3 0.43863636363636366 0.5119318181818182 0.03977272727272727 0.06818181818181818
3 0.6011363636363637 0.5284090909090909 0.04431818181818182 0.07613636363636364
3 0.5659090909090909 0.5681818181818182 0.05568181818181818 0.06931818181818182
3 0.8909090909090909 0.2278409090909091 0.013068181818181817 0.04431818181818182
3 0.9107954545454545 0.23068181818181818 0.014772727272727272 0.04431818181818182
3 0.053409090909090906 0.21818181818181817 0.014204545454545454 0.05284090909090909
3 0.6914772727272728 0.4869318181818182 0.028409090909090908 0.05965909090909091
3 0.93125 0.2369318181818182 0.017045454545454544 0.040340909090909094
3 0.8295454545454546 0.21534090909090908 0.014772727272727272 0.05
3 0.3755681818181818 0.6494318181818182 0.03295454545454545 0.0903409090909091
3 0.6545454545454545 0.5119318181818182 0.028409090909090908 0.05397727272727273
3 0.47556818181818183 0.49772727272727274 0.02556818181818182 0.06818181818181818
2 0.16761363636363635 0.3778409090909091 0.06931818181818182 0.10852272727272727
3 0.33238636363636365 0.4119318181818182 0.024431818181818183 0.0625
3 0.5011363636363636 0.4869318181818182 0.02727272727272727 0.07102272727272728
3 0.031818181818181815 0.39943181818181817 0.05056818181818182 0.056818181818181816
3 0.2369318181818182 0.26647727272727273 0.019318181818181818 0.04431818181818182
3 0.9948863636363636 0.5119318181818182 0.008522727272727272 0.0375
2 0.25738636363636364 0.4034090909090909 0.07272727272727272 0.10113636363636364
3 0.39943181818181817 0.48352272727272727 0.023295454545454546 0.06647727272727273
3 0.28920454545454544 0.3619318181818182 0.01875 0.05113636363636364
3 0.8670454545454546 0.22897727272727272 0.023295454545454546 0.03636363636363636
3 0.85 0.22443181818181818 0.01875 0.03465909090909091
2 0.07443181818181818 0.17897727272727273 0.045454545454545456 0.06931818181818182
3 0.6005681818181818 0.39431818181818185 0.017045454545454544 0.06136363636363636
3 0.05454545454545454 0.3778409090909091 0.025 0.058522727272727275
3 0.26704545454545453 0.30056818181818185 0.015909090909090907 0.04602272727272727