2 0.3744318181818182 0.8681818181818182 0.21079545454545454 0.2528409090909091
3 0.29659090909090907 0.6039772727272728 0.07954545454545454 0.09147727272727273
3 0.08693181818181818 0.5744318181818182 0.06931818181818182 0.0846590909090909
3 0.41818181818181815 0.7505681818181819 0.0875 0.10397727272727272
3 0.7460227272727272 0.49772727272727274 0.07045454545454545 0.06818181818181818
3 0.5255681818181818 0.46193181818181817 0.07329545454545454 0.06534090909090909
3 0.21704545454545454 0.4818181818181818 0.0715909090909091 0.08068181818181819
3 0.9846590909090909 0.540340909090909 0.03068181818181818 0.06136363636363636
3 0.06306818181818181 0.48068181818181815 0.06818181818181818 0.07215909090909091
3 0.5948863636363636 0.48977272727272725 0.07727272727272727 0.0846590909090909
3 0.47670454545454544 0.20681818181818182 0.024431818181818183 0.058522727272727275
3 0.2545454545454545 0.3744318181818182 0.0625 0.056818181818181816
3 0.4 0.4318181818181818 0.06875 0.06931818181818182
3 0.6079545454545454 0.20681818181818182 0.022727272727272728 0.06136363636363636
3 0.5420454545454545 0.23352272727272727 0.02556818181818182 0.06136363636363636
3 0.7056818181818182 0.2056818181818182 0.023295454545454546 0.058522727272727275
2 0.35113636363636364 0.5278409090909091 0.15681818181818183 0.15284090909090908
3 0.5698863636363637 0.21477272727272728 0.02556818181818182 0.0625
2 0.9130681818181818 0.4505681818181818 0.15056818181818182 0.1318181818181818
3 0.6630681818181818 0.20397727272727273 0.017045454545454544 0.05568181818181818
3 0.6346590909090909 0.2119318181818182 0.014772727272727272 0.056818181818181816
2 0.10056818181818182 0.4068181818181818 0.17670454545454545 0.14147727272727273
3 0.7301136363636364 0.42159090909090907 0.06931818181818182 0.06818181818181818
3 0.5125 0.3880681818181818 0.04375 0.048863636363636366
3 0.40511363636363634 0.07727272727272727 0.014772727272727272 0.040340909090909094
3 0.5170454545454546 0.13977272727272727 0.019318181818181818 0.05397727272727273
3 0.5551136363636363 0.3965909090909091 0.03806818181818182 0.05965909090909091
2 0.45681818181818185 0.10568181818181818 0.08579545454545455 0.13068181818181818
3 0.6806818181818182 0.18977272727272726 0.019318181818181818 0.048863636363636366
3 0.7579545454545454 0.036931818181818184 0.02556818181818182 0.05965909090909091
3 0.42215909090909093 0.019886363636363636 0.04431818181818182 0.03977272727272727