2 0.17954545454545454 0.7619318181818182 0.17897727272727273 0.18181818181818182
3 0.20397727272727273 0.35056818181818183 0.020454545454545454 0.04318181818181818
3 0.7943181818181818 0.5744318181818182 0.019318181818181818 0.056818181818181816
3 0.50625 0.3789772727272727 0.025 0.04715909090909091
3 0.05056818181818182 0.3880681818181818 0.019318181818181818 0.048863636363636366
3 0.54375 0.37613636363636366 0.01875 0.038636363636363635
2 0.6335227272727273 0.3778409090909091 0.05625 0.07215909090909091
3 0.08125 0.3698863636363636 0.023295454545454546 0.05113636363636364
3 0.6477272727272727 0.2869318181818182 0.015909090909090907 0.048863636363636366
2 0.38125 0.4943181818181818 0.14375 0.1693181818181818
3 0.7920454545454545 0.19318181818181818 0.010227272727272727 0.025
3 0.5732954545454545 0.36477272727272725 0.01875 0.040340909090909094