3 0.83125 0.43068181818181817 0.05 0.058522727272727275
3 0.3693181818181818 0.7193181818181819 0.05795454545454545 0.09147727272727273
2 0.7255681818181818 0.6744318181818182 0.14829545454545454 0.1431818181818182
2 0.80625 0.8278409090909091 0.16875 0.1806818181818182
2 0.5272727272727272 0.5755681818181818 0.15454545454545454 0.15113636363636362
2 0.26704545454545453 0.5244318181818182 0.11022727272727273 0.14886363636363636
3 0.9306818181818182 0.2369318181818182 0.017045454545454544 0.040340909090909094
2 0.4056818181818182 0.6335227272727273 0.16193181818181818 0.18863636363636363
2 0.38636363636363635 0.4727272727272727 0.12272727272727273 0.1318181818181818
3 0.5670454545454545 0.3931818181818182 0.028977272727272727 0.058522727272727275
3 0.44375 0.3653409090909091 0.01875 0.05568181818181818
3 0.8295454545454546 0.21931818181818183 0.015909090909090907 0.04431818181818182
3 0.225 0.3977272727272727 0.023295454545454546 0.04318181818181818
2 0.30170454545454545 0.38693181818181815 0.09375 0.10965909090909091
2 0.1721590909090909 0.4119318181818182 0.07727272727272727 0.11534090909090909
3 0.35056818181818183 0.3568181818181818 0.024431818181818183 0.05284090909090909
3 0.09829545454545455 0.30568181818181817 0.02727272727272727 0.04431818181818182
3 0.05965909090909091 0.42727272727272725 0.033522727272727273 0.05397727272727273
2 0.21818181818181817 0.30568181818181817 0.075 0.08863636363636364
3 0.90625 0.23238636363636364 0.01875 0.040340909090909094
2 0.40795454545454546 0.22272727272727272 0.06647727272727273 0.07102272727272728
3 0.47954545454545455 0.36818181818181817 0.017045454545454544 0.05568181818181818
3 0.8517045454545454 0.22272727272727272 0.024431818181818183 0.04318181818181818
3 0.15 0.2369318181818182 0.01875 0.05397727272727273
3 0.5011363636363636 0.36306818181818185 0.021022727272727273 0.05397727272727273
3 0.5193181818181818 0.35568181818181815 0.020454545454545454 0.05
3 0.8909090909090909 0.22897727272727272 0.014772727272727272 0.04147727272727273
2 0.73125 0.3153409090909091 0.10454545454545454 0.09431818181818181
2 0.33295454545454545 0.2005681818181818 0.058522727272727275 0.08181818181818182
2 0.2818181818181818 0.21306818181818182 0.056818181818181816 0.08181818181818182
2 0.14545454545454545 0.3119318181818182 0.05795454545454545 0.09318181818181819
3 0.19318181818181818 0.3431818181818182 0.024431818181818183 0.04431818181818182
3 0.3886363636363636 0.3789772727272727 0.028977272727272727 0.06136363636363636
3 0.3619318181818182 0.1903409090909091 0.01818181818181818 0.038636363636363635
3 0.41647727272727275 0.3931818181818182 0.03125 0.075
2 0.2255681818181818 0.1744318181818182 0.051704545454545454 0.07613636363636364
3 0.06818181818181818 0.3744318181818182 0.029545454545454545 0.04602272727272727
2 0.3301136363636364 0.2869318181818182 0.06306818181818181 0.09318181818181819