3 0.3352272727272727 0.8136363636363636 0.06420454545454546 0.075
3 0.8875 0.6931818181818182 0.03125 0.06136363636363636
3 0.9426136363636364 0.6630681818181818 0.021022727272727273 0.056818181818181816
3 0.075 0.9539772727272727 0.0625 0.09147727272727273
3 0.8181818181818182 0.7090909090909091 0.05568181818181818 0.06818181818181818
3 0.18295454545454545 0.9073863636363636 0.06818181818181818 0.0846590909090909
3 0.7142045454545455 0.6352272727272728 0.020454545454545454 0.056818181818181816
3 0.6517045454545455 0.6505681818181818 0.02159090909090909 0.05965909090909091
3 0.7375 0.6369318181818182 0.01875 0.056818181818181816
3 0.9181818181818182 0.6977272727272728 0.023295454545454546 0.05965909090909091
3 0.615909090909091 0.5431818181818182 0.02556818181818182 0.06931818181818182
3 0.46647727272727274 0.4090909090909091 0.015909090909090907 0.040340909090909094
3 0.43920454545454546 0.3931818181818182 0.010227272727272727 0.033522727272727273
3 0.8482954545454545 0.6806818181818182 0.023295454545454546 0.07215909090909091
3 0.13295454545454546 0.8556818181818182 0.04659090909090909 0.07784090909090909
3 0.3886363636363636 0.5414772727272728 0.028977272727272727 0.06647727272727273
3 0.6693181818181818 0.6306818181818182 0.01818181818181818 0.06136363636363636
3 0.39488636363636365 0.4431818181818182 0.010227272727272727 0.04431818181818182
3 0.24261363636363636 0.8181818181818182 0.04602272727272727 0.06931818181818182
2 0.5181818181818182 0.5869318181818182 0.0625 0.09318181818181819
3 0.0846590909090909 0.8443181818181819 0.033522727272727273 0.06931818181818182
3 0.05056818181818182 0.8806818181818182 0.05568181818181818 0.08636363636363636
3 0.7795454545454545 0.6380681818181818 0.029545454545454545 0.05965909090909091
3 0.01818181818181818 0.959659090909091 0.03636363636363636 0.07840909090909091
3 0.5943181818181819 0.5261363636363636 0.01818181818181818 0.05
3 0.22670454545454546 0.8852272727272728 0.03409090909090909 0.07897727272727273
3 0.36704545454545456 0.3806818181818182 0.010227272727272727 0.04147727272727273
2 0.23068181818181818 0.4102272727272727 0.06818181818181818 0.07386363636363637
3 0.4630681818181818 0.4590909090909091 0.011931818181818182 0.0375
3 0.34488636363636366 0.35397727272727275 0.008522727272727272 0.038636363636363635