3 0.17897727272727273 0.2994318181818182 0.03409090909090909 0.04318181818181818
3 0.78125 0.5681818181818182 0.020454545454545454 0.05568181818181818
3 0.7534090909090909 0.5505681818181818 0.023295454545454546 0.05397727272727273
3 0.7284090909090909 0.5306818181818181 0.021022727272727273 0.05284090909090909
3 0.8238636363636364 0.5744318181818182 0.019318181818181818 0.05965909090909091
3 0.32670454545454547 0.3164772727272727 0.024431818181818183 0.04431818181818182
3 0.6017045454545454 0.5323863636363636 0.028977272727272727 0.06534090909090909
3 0.6414772727272727 0.48522727272727273 0.01875 0.05397727272727273
3 0.024431818181818183 0.3693181818181818 0.025 0.04431818181818182
3 0.04431818181818182 0.32272727272727275 0.03295454545454545 0.04602272727272727
3 0.15056818181818182 0.27443181818181817 0.017045454545454544 0.04602272727272727
3 0.5755681818181818 0.5369318181818182 0.020454545454545454 0.056818181818181816