3 0.9318181818181818 0.7227272727272728 0.0625 0.10113636363636364
3 0.7897727272727273 0.4090909090909091 0.048295454545454544 0.056818181818181816
3 0.35056818181818183 0.7130681818181818 0.03806818181818182 0.10681818181818181
3 0.9534090909090909 0.4602272727272727 0.05227272727272727 0.05397727272727273
3 0.44375 0.8573863636363637 0.04375 0.11534090909090909
3 0.5426136363636364 0.35056818181818183 0.024431818181818183 0.05397727272727273
2 0.36761363636363636 0.8789772727272728 0.15568181818181817 0.23863636363636365
3 0.42329545454545453 0.24772727272727274 0.021022727272727273 0.0375
2 0.8232954545454545 0.6852272727272727 0.1630681818181818 0.22386363636363638
2 0.5431818181818182 0.5653409090909091 0.12045454545454545 0.21647727272727274
3 0.03636363636363636 0.6977272727272728 0.05227272727272727 0.06818181818181818
2 0.50625 0.7960227272727273 0.16875 0.23863636363636365
2 0.6255681818181819 0.4744318181818182 0.12272727272727273 0.15965909090909092
3 0.2556818181818182 0.5880681818181818 0.028977272727272727 0.0903409090909091
2 0.48295454545454547 0.4153409090909091 0.10625 0.13352272727272727
3 0.6204545454545455 0.8818181818181818 0.033522727272727273 0.11363636363636363
2 0.36079545454545453 0.31931818181818183 0.07670454545454546 0.11363636363636363
3 0.13693181818181818 0.50625 0.023295454545454546 0.0625
3 0.7568181818181818 0.5431818181818182 0.03920454545454546 0.058522727272727275
3 0.30568181818181817 0.665340909090909 0.03295454545454545 0.10568181818181818
3 0.32329545454545455 0.49318181818181817 0.024431818181818183 0.06647727272727273
2 0.35909090909090907 0.45284090909090907 0.1 0.1278409090909091
2 0.4681818181818182 0.3119318181818182 0.08806818181818182 0.09602272727272727
3 0.2369318181818182 0.5005681818181819 0.01818181818181818 0.05965909090909091
2 0.36818181818181817 0.6039772727272728 0.11022727272727273 0.17784090909090908
3 0.9306818181818182 0.2369318181818182 0.01818181818181818 0.040340909090909094
3 0.5818181818181818 0.7880681818181818 0.02556818181818182 0.08181818181818182
3 0.8301136363636363 0.21818181818181817 0.014772727272727272 0.04431818181818182
3 0.7704545454545455 0.19772727272727272 0.033522727272727273 0.03465909090909091
2 0.26420454545454547 0.41306818181818183 0.08693181818181818 0.1403409090909091
2 0.20397727272727273 0.6227272727272727 0.09090909090909091 0.15113636363636362
3 0.6482954545454546 0.9755681818181818 0.03920454545454546 0.04602272727272727
3 0.08011363636363636 0.4414772727272727 0.013068181818181817 0.04147727272727273
3 0.2119318181818182 0.19147727272727272 0.014204545454545454 0.04147727272727273
3 0.11647727272727272 0.4460227272727273 0.023295454545454546 0.07784090909090909
3 0.38579545454545455 0.2340909090909091 0.015909090909090907 0.0375
3 0.6482954545454546 0.9528409090909091 0.04090909090909091 0.09431818181818181
2 0.18579545454545454 0.4602272727272727 0.07045454545454545 0.10681818181818181
2 0.3568181818181818 0.23068181818181818 0.06818181818181818 0.08068181818181819
2 0.7318181818181818 0.3130681818181818 0.10397727272727272 0.09318181818181819
2 0.1431818181818182 0.36818181818181817 0.06420454545454546 0.0971590909090909
3 0.8897727272727273 0.2278409090909091 0.014204545454545454 0.04431818181818182
2 0.09318181818181819 0.2869318181818182 0.05056818181818182 0.10397727272727272
3 0.8517045454545454 0.22443181818181818 0.01875 0.0375
3 0.9056818181818181 0.2340909090909091 0.01818181818181818 0.0375